4.823101593760953598e+00 1.174869235537912449e+00 8.358100725599014069e+00 4.907276430083705776e+01 5.422617315000000104e+00 1.273721145775450316e-03 1.273721145775450316e-03
2.777934300965443803e+00 1.092852384318477643e+00 5.458956625989410227e+00 4.632952853279113015e+01 3.589176421999999977e+00 5.208715346163714059e-03 5.208715346163714059e-03
3.675377890090595567e+00 1.144777899254142195e+00 5.870795312394934129e+00 5.422577736155243855e+01 4.678397587000000080e+00 -6.218177725572654989e-03 6.218177725572654989e-03
5.788662990250983853e+00 1.163331897500722967e+00 1.020039193367083996e+01 5.034737260788899960e+01 8.062249943999999502e+00 5.096251833529415187e-03 5.096251833529415187e-03
1.705279790987740851e+00 1.194921023608030097e+00 2.911065099023042890e+00 4.936515718933088692e+01 2.312265619000000161e+00 -2.215013044430268110e-03 2.215013044430268110e-03
6.180929248256986419e+00 1.166866554399473621e+00 8.692921823586026164e+00 5.860432161915083782e+01 8.041277447000000578e+00 2.392397566559202431e-03 2.392397566559202431e-03
2.770560723187834196e+00 1.184790247982765665e+00 5.286295147620458046e+00 4.661010273267491044e+01 4.125007723999999598e+00 -6.585227602775010382e-03 6.585227602775010382e-03
nan nan nan nan 0.000000000000000000e+00 0.000000000000000000e+00 0.000000000000000000e+00
7.132628995415130291e+00 1.144724118808977398e+00 1.095233968605327668e+01 5.664835105846337626e+01 8.969522761000000344e+00 2.804437827632403919e-03 2.804437827632403919e-03
5.945504888779351127e+00 1.165656039751573614e+00 1.019500397794572066e+01 4.966214743183740410e+01 7.222742810999999818e+00 -5.861466609034389832e-03 5.861466609034389832e-03
7.139390945611845396e+00 1.190690544964426945e+00 1.185886732243043618e+01 5.154831564782097786e+01 8.062699204999999480e+00 1.879914650065481196e-02 1.879914650065481196e-02
4.300679709361320491e+00 1.187825558399555392e+00 7.483990483763728996e+00 5.444053018796541465e+01 6.202874944000000390e+00 1.455407516353136171e-03 1.455407516353136171e-03
6.330355098243189538e+00 1.085610655048161011e+00 1.183763324664099592e+01 4.749509879400714851e+01 7.697913337000000134e+00 2.416583701149079347e-02 2.416583701149079347e-02
2.143377536683697127e+00 1.083621394588353937e+00 3.939509007065260082e+00 5.149609114660121634e+01 3.806802905000000070e+00 6.027907028163728177e-03 6.027907028163728177e-03
7.832058244104892708e+00 1.136373454476740319e+00 1.162962363280297495e+01 5.880175523727176312e+01 1.048810087500000066e+01 -1.151542921357691070e-03 1.151542921357691070e-03
5.523852103917464618e+00 1.197141636075061299e+00 9.146857199347250500e+00 5.189538415868860000e+01 7.934921634000000168e+00 -2.145149579756631866e-03 2.145149579756631866e-03
