1.010E-1	1.070E+0	7.163E-6	0.000E+0
4.010E-1	1.070E+0	6.883E-6	0.000E+0
5.010E-1	1.070E+0	6.803E-6	0.000E+0
6.010E-1	1.070E+0	6.732E-6	0.000E+0
7.010E-1	1.070E+0	6.685E-6	0.000E+0
8.010E-1	1.070E+0	6.667E-6	0.000E+0
9.010E-1	1.070E+0	6.641E-6	0.000E+0
1.001E+0	1.070E+0	6.612E-6	0.000E+0
1.101E+0	1.070E+0	6.594E-6	0.000E+0
1.201E+0	1.070E+0	6.574E-6	0.000E+0
1.301E+0	1.070E+0	6.546E-6	0.000E+0
1.402E+0	1.070E+0	6.517E-6	0.000E+0
1.501E+0	1.070E+0	6.508E-6	0.000E+0
1.601E+0	1.070E+0	6.501E-6	0.000E+0
1.701E+0	1.070E+0	6.494E-6	0.000E+0
1.801E+0	1.070E+0	6.480E-6	0.000E+0
1.901E+0	1.070E+0	6.457E-6	0.000E+0
2.001E+0	1.070E+0	6.443E-6	0.000E+0
2.101E+0	1.070E+0	6.444E-6	0.000E+0
2.201E+0	1.070E+0	6.432E-6	0.000E+0
2.301E+0	1.070E+0	6.422E-6	0.000E+0
2.401E+0	1.070E+0	6.416E-6	0.000E+0
2.501E+0	1.070E+0	6.411E-6	0.000E+0
2.601E+0	1.070E+0	6.401E-6	0.000E+0
2.701E+0	1.070E+0	6.392E-6	0.000E+0
2.801E+0	1.070E+0	6.386E-6	0.000E+0
2.901E+0	1.070E+0	6.384E-6	0.000E+0
3.001E+0	1.070E+0	6.375E-6	0.000E+0
3.101E+0	1.070E+0	6.376E-6	0.000E+0
3.201E+0	1.070E+0	6.367E-6	0.000E+0
3.301E+0	1.070E+0	6.366E-6	0.000E+0
3.401E+0	1.070E+0	6.360E-6	0.000E+0
3.501E+0	1.070E+0	6.351E-6	0.000E+0
3.601E+0	1.070E+0	6.348E-6	0.000E+0
3.701E+0	1.070E+0	6.344E-6	0.000E+0
3.801E+0	1.070E+0	6.337E-6	0.000E+0
3.901E+0	1.070E+0	6.334E-6	0.000E+0
4.001E+0	1.070E+0	6.329E-6	0.000E+0
4.101E+0	1.070E+0	6.328E-6	0.000E+0
4.201E+0	1.070E+0	6.332E-6	0.000E+0
4.301E+0	1.070E+0	6.329E-6	0.000E+0
4.401E+0	1.070E+0	6.315E-6	0.000E+0
4.501E+0	1.070E+0	6.314E-6	0.000E+0
4.601E+0	1.070E+0	6.308E-6	0.000E+0
4.701E+0	1.070E+0	6.302E-6	0.000E+0
4.801E+0	1.070E+0	6.300E-6	0.000E+0
4.901E+0	1.070E+0	6.298E-6	0.000E+0
5.001E+0	1.070E+0	6.300E-6	0.000E+0
5.101E+0	1.070E+0	6.305E-6	0.000E+0
5.201E+0	1.070E+0	-5.342E-4	0.000E+0
5.401E+0	1.070E+0	-5.236E-4	0.000E+0
5.501E+0	1.070E+0	-5.207E-4	0.000E+0
5.601E+0	1.070E+0	-5.191E-4	0.000E+0
5.701E+0	1.070E+0	-5.183E-4	0.000E+0
5.801E+0	1.070E+0	-5.177E-4	0.000E+0
5.901E+0	1.070E+0	-5.173E-4	0.000E+0
6.001E+0	1.070E+0	-5.170E-4	0.000E+0
6.101E+0	1.070E+0	-5.168E-4	0.000E+0
6.201E+0	1.070E+0	-5.168E-4	0.000E+0
6.301E+0	1.070E+0	-5.166E-4	0.000E+0
6.402E+0	1.070E+0	-5.166E-4	0.000E+0
6.501E+0	1.070E+0	-5.165E-4	0.000E+0
6.601E+0	1.070E+0	-5.166E-4	0.000E+0
6.701E+0	1.070E+0	-5.166E-4	0.000E+0
6.801E+0	1.070E+0	-5.167E-4	0.000E+0
6.901E+0	1.070E+0	-5.166E-4	0.000E+0
7.001E+0	1.070E+0	-5.167E-4	0.000E+0
7.101E+0	1.070E+0	-5.168E-4	0.000E+0
7.201E+0	1.070E+0	-5.168E-4	0.000E+0
7.301E+0	1.070E+0	-5.169E-4	0.000E+0
7.401E+0	1.070E+0	-5.169E-4	0.000E+0
7.501E+0	1.070E+0	-5.171E-4	0.000E+0
7.601E+0	1.070E+0	-5.171E-4	0.000E+0
7.701E+0	1.070E+0	-5.172E-4	0.000E+0
7.801E+0	1.070E+0	-5.172E-4	0.000E+0
7.901E+0	1.070E+0	-5.173E-4	0.000E+0
8.001E+0	1.070E+0	-5.173E-4	0.000E+0
8.101E+0	1.070E+0	-5.174E-4	0.000E+0
8.201E+0	1.070E+0	-5.173E-4	0.000E+0
8.301E+0	1.070E+0	-5.174E-4	0.000E+0
8.401E+0	1.070E+0	-5.175E-4	0.000E+0
8.501E+0	1.070E+0	-5.176E-4	0.000E+0
8.601E+0	1.070E+0	-5.177E-4	0.000E+0
8.701E+0	1.070E+0	-5.177E-4	0.000E+0
8.801E+0	1.070E+0	-5.177E-4	0.000E+0
8.901E+0	1.070E+0	-5.178E-4	0.000E+0
9.001E+0	1.070E+0	-5.179E-4	0.000E+0
9.101E+0	1.070E+0	-5.179E-4	0.000E+0
9.201E+0	1.070E+0	-5.180E-4	0.000E+0
9.301E+0	1.070E+0	-5.180E-4	0.000E+0
9.401E+0	1.070E+0	-5.182E-4	0.000E+0
9.501E+0	1.070E+0	-5.182E-4	0.000E+0
9.601E+0	1.070E+0	-5.183E-4	0.000E+0
9.701E+0	1.070E+0	-5.183E-4	0.000E+0
9.801E+0	1.070E+0	-5.183E-4	0.000E+0
9.901E+0	1.070E+0	-5.184E-4	0.000E+0
1.000E+1	1.070E+0	-5.185E-4	0.000E+0
1.010E+1	1.070E+0	-5.186E-4	0.000E+0
1.020E+1	1.070E+0	-5.186E-4	0.000E+0
1.030E+1	1.070E+0	-5.187E-4	0.000E+0
1.040E+1	1.070E+0	-5.186E-4	0.000E+0
1.050E+1	1.070E+0	-5.187E-4	0.000E+0
1.060E+1	1.070E+0	-5.188E-4	0.000E+0
1.070E+1	1.070E+0	-5.189E-4	0.000E+0
1.080E+1	1.070E+0	-5.188E-4	0.000E+0
1.090E+1	1.070E+0	-5.189E-4	0.000E+0
1.100E+1	1.070E+0	-5.189E-4	0.000E+0
1.110E+1	1.070E+0	-5.190E-4	0.000E+0
1.120E+1	1.070E+0	-5.190E-4	0.000E+0
1.130E+1	1.070E+0	-5.190E-4	0.000E+0
1.140E+1	1.070E+0	-5.191E-4	0.000E+0
1.150E+1	1.070E+0	-5.192E-4	0.000E+0
1.160E+1	1.070E+0	-5.192E-4	0.000E+0
1.170E+1	1.070E+0	-5.191E-4	0.000E+0
1.180E+1	1.070E+0	-5.192E-4	0.000E+0
1.190E+1	1.070E+0	-5.193E-4	0.000E+0
1.200E+1	1.070E+0	-5.193E-4	0.000E+0
1.210E+1	1.070E+0	-5.193E-4	0.000E+0
1.220E+1	1.070E+0	-5.193E-4	0.000E+0
1.230E+1	1.070E+0	-5.193E-4	0.000E+0
1.240E+1	1.070E+0	-5.194E-4	0.000E+0
1.250E+1	1.070E+0	-5.194E-4	0.000E+0
1.260E+1	1.070E+0	-5.195E-4	0.000E+0
1.270E+1	1.070E+0	-5.194E-4	0.000E+0
1.280E+1	1.070E+0	-5.195E-4	0.000E+0
1.290E+1	1.070E+0	-5.195E-4	0.000E+0
1.300E+1	1.070E+0	-5.195E-4	0.000E+0
1.310E+1	1.070E+0	-5.196E-4	0.000E+0
1.320E+1	1.070E+0	-5.196E-4	0.000E+0
1.330E+1	1.070E+0	-5.197E-4	0.000E+0
1.340E+1	1.070E+0	-5.197E-4	0.000E+0
1.350E+1	1.070E+0	-5.198E-4	0.000E+0
1.360E+1	1.070E+0	-5.197E-4	0.000E+0
1.370E+1	1.070E+0	-5.197E-4	0.000E+0
1.380E+1	1.070E+0	-5.197E-4	0.000E+0
1.390E+1	1.070E+0	-5.198E-4	0.000E+0
1.400E+1	1.070E+0	-5.196E-4	0.000E+0
1.410E+1	1.070E+0	-5.198E-4	0.000E+0
1.420E+1	1.070E+0	-5.198E-4	0.000E+0
1.430E+1	1.070E+0	-5.199E-4	0.000E+0
1.440E+1	1.070E+0	-5.199E-4	0.000E+0
1.450E+1	1.070E+0	-5.199E-4	0.000E+0
1.460E+1	1.070E+0	-5.199E-4	0.000E+0
1.470E+1	1.070E+0	-5.200E-4	0.000E+0
1.480E+1	1.070E+0	-5.200E-4	0.000E+0
1.490E+1	1.070E+0	-5.201E-4	0.000E+0
1.500E+1	1.070E+0	-5.201E-4	0.000E+0
1.510E+1	1.070E+0	-5.202E-4	0.000E+0
1.520E+1	1.070E+0	-5.202E-4	0.000E+0
1.530E+1	1.070E+0	-5.202E-4	0.000E+0
1.540E+1	1.070E+0	-5.202E-4	0.000E+0
1.550E+1	1.070E+0	-5.202E-4	0.000E+0
1.560E+1	1.070E+0	-5.202E-4	0.000E+0
1.570E+1	1.070E+0	-5.202E-4	0.000E+0
1.580E+1	1.070E+0	-5.202E-4	0.000E+0
1.590E+1	1.070E+0	-5.203E-4	0.000E+0
1.600E+1	1.070E+0	-5.204E-4	0.000E+0
1.610E+1	1.070E+0	-5.204E-4	0.000E+0
1.620E+1	1.070E+0	-5.204E-4	0.000E+0
1.630E+1	1.070E+0	-5.204E-4	0.000E+0
1.640E+1	1.070E+0	-5.204E-4	0.000E+0
1.650E+1	1.070E+0	-5.204E-4	0.000E+0
1.660E+1	1.070E+0	-5.204E-4	0.000E+0
1.670E+1	1.070E+0	-5.205E-4	0.000E+0
1.680E+1	1.070E+0	-5.205E-4	0.000E+0
1.690E+1	1.070E+0	-5.205E-4	0.000E+0
1.700E+1	1.070E+0	-5.204E-4	0.000E+0
1.710E+1	1.070E+0	-5.205E-4	0.000E+0
1.720E+1	1.070E+0	-5.205E-4	0.000E+0
1.730E+1	1.070E+0	-5.205E-4	0.000E+0
1.740E+1	1.070E+0	-5.205E-4	0.000E+0
1.750E+1	1.070E+0	-5.205E-4	0.000E+0
1.760E+1	1.070E+0	-5.206E-4	0.000E+0
1.770E+1	1.070E+0	-5.206E-4	0.000E+0
1.780E+1	1.070E+0	-5.207E-4	0.000E+0
1.790E+1	1.070E+0	-5.207E-4	0.000E+0
1.800E+1	1.070E+0	-5.207E-4	0.000E+0
1.810E+1	1.070E+0	-5.206E-4	0.000E+0
1.820E+1	1.070E+0	-5.206E-4	0.000E+0
1.830E+1	1.070E+0	-5.207E-4	0.000E+0
1.840E+1	1.070E+0	-5.207E-4	0.000E+0
1.850E+1	1.070E+0	-5.207E-4	0.000E+0
1.860E+1	1.070E+0	-5.207E-4	0.000E+0
1.870E+1	1.070E+0	-5.207E-4	0.000E+0
1.880E+1	1.070E+0	-5.208E-4	0.000E+0
1.890E+1	1.070E+0	-5.208E-4	0.000E+0
1.900E+1	1.070E+0	-5.207E-4	0.000E+0
1.910E+1	1.070E+0	-5.208E-4	0.000E+0
1.920E+1	1.070E+0	-5.208E-4	0.000E+0
1.930E+1	1.070E+0	-5.208E-4	0.000E+0
1.940E+1	1.070E+0	-5.208E-4	0.000E+0
1.950E+1	1.070E+0	-5.208E-4	0.000E+0
1.960E+1	1.070E+0	-5.208E-4	0.000E+0
1.970E+1	1.070E+0	-5.208E-4	0.000E+0
1.980E+1	1.070E+0	-5.208E-4	0.000E+0
1.990E+1	1.070E+0	-5.209E-4	0.000E+0
2.000E+1	1.070E+0	-5.209E-4	0.000E+0
2.010E+1	1.070E+0	-5.209E-4	0.000E+0
2.020E+1	1.070E+0	-5.209E-4	0.000E+0
2.030E+1	1.070E+0	-5.208E-4	0.000E+0
2.040E+1	1.070E+0	-5.209E-4	0.000E+0
2.050E+1	1.070E+0	-5.209E-4	0.000E+0
2.060E+1	1.070E+0	-5.210E-4	0.000E+0
2.070E+1	1.070E+0	-5.209E-4	0.000E+0
2.080E+1	1.070E+0	-5.210E-4	0.000E+0
2.090E+1	1.070E+0	-5.209E-4	0.000E+0
2.100E+1	1.070E+0	-5.210E-4	0.000E+0
2.110E+1	1.070E+0	-5.210E-4	0.000E+0
2.120E+1	1.070E+0	-5.211E-4	0.000E+0
2.130E+1	1.070E+0	-5.210E-4	0.000E+0
2.140E+1	1.070E+0	-5.210E-4	0.000E+0
2.150E+1	1.070E+0	-5.210E-4	0.000E+0
2.160E+1	1.070E+0	-5.210E-4	0.000E+0
2.170E+1	1.070E+0	-5.210E-4	0.000E+0
2.180E+1	1.070E+0	-5.210E-4	0.000E+0
2.190E+1	1.070E+0	-5.210E-4	0.000E+0
2.200E+1	1.070E+0	-5.210E-4	0.000E+0
2.210E+1	1.070E+0	-5.210E-4	0.000E+0
2.220E+1	1.070E+0	-5.210E-4	0.000E+0
2.230E+1	1.070E+0	-5.210E-4	0.000E+0
2.240E+1	1.070E+0	-5.211E-4	0.000E+0
2.250E+1	1.070E+0	-5.211E-4	0.000E+0
2.260E+1	1.070E+0	-5.211E-4	0.000E+0
2.270E+1	1.070E+0	-5.212E-4	0.000E+0
2.280E+1	1.070E+0	-5.213E-4	0.000E+0
2.290E+1	1.070E+0	-5.212E-4	0.000E+0
2.300E+1	1.070E+0	-5.212E-4	0.000E+0
2.310E+1	1.070E+0	-5.210E-4	0.000E+0
2.320E+1	1.070E+0	-5.212E-4	0.000E+0
2.330E+1	1.070E+0	-5.211E-4	0.000E+0
2.340E+1	1.070E+0	-5.210E-4	0.000E+0
2.350E+1	1.070E+0	-5.211E-4	0.000E+0
2.360E+1	1.070E+0	-5.211E-4	0.000E+0
2.370E+1	1.070E+0	-5.211E-4	0.000E+0
2.380E+1	1.070E+0	-5.211E-4	0.000E+0
2.390E+1	1.070E+0	-5.212E-4	0.000E+0
2.400E+1	1.070E+0	-5.212E-4	0.000E+0
2.410E+1	1.070E+0	-5.213E-4	0.000E+0
2.420E+1	1.070E+0	-5.211E-4	0.000E+0
2.430E+1	1.070E+0	-5.211E-4	0.000E+0
2.440E+1	1.070E+0	-5.212E-4	0.000E+0
2.450E+1	1.070E+0	-5.212E-4	0.000E+0
2.460E+1	1.070E+0	-5.212E-4	0.000E+0
2.470E+1	1.070E+0	-5.213E-4	0.000E+0
2.480E+1	1.070E+0	-5.212E-4	0.000E+0
2.490E+1	1.070E+0	-5.211E-4	0.000E+0
2.500E+1	1.070E+0	-5.212E-4	0.000E+0
2.510E+1	1.070E+0	-5.213E-4	0.000E+0
2.520E+1	1.070E+0	-5.214E-4	0.000E+0
2.530E+1	1.070E+0	-5.214E-4	0.000E+0
2.540E+1	1.070E+0	-5.213E-4	0.000E+0
2.550E+1	1.070E+0	-5.214E-4	0.000E+0
2.560E+1	1.070E+0	-5.214E-4	0.000E+0
2.570E+1	1.070E+0	-5.214E-4	0.000E+0
2.580E+1	1.070E+0	-5.214E-4	0.000E+0
2.590E+1	1.070E+0	-5.213E-4	0.000E+0
2.600E+1	1.070E+0	-5.213E-4	0.000E+0
2.610E+1	1.070E+0	-5.213E-4	0.000E+0
2.620E+1	1.070E+0	-5.213E-4	0.000E+0
2.630E+1	1.070E+0	-5.214E-4	0.000E+0
2.640E+1	1.070E+0	-5.213E-4	0.000E+0
2.650E+1	1.070E+0	-5.213E-4	0.000E+0
2.660E+1	1.070E+0	-5.213E-4	0.000E+0
2.670E+1	1.070E+0	-5.213E-4	0.000E+0
2.680E+1	1.070E+0	-5.213E-4	0.000E+0
2.690E+1	1.070E+0	-5.213E-4	0.000E+0
2.700E+1	1.070E+0	-5.213E-4	0.000E+0
2.710E+1	1.070E+0	-5.213E-4	0.000E+0
2.720E+1	1.070E+0	-5.213E-4	0.000E+0
2.730E+1	1.070E+0	-5.212E-4	0.000E+0
2.740E+1	1.070E+0	-5.213E-4	0.000E+0
2.750E+1	1.070E+0	-5.213E-4	0.000E+0
2.760E+1	1.070E+0	-5.213E-4	0.000E+0
2.770E+1	1.070E+0	-5.213E-4	0.000E+0
2.780E+1	1.070E+0	-5.213E-4	0.000E+0
2.790E+1	1.070E+0	-5.213E-4	0.000E+0
2.800E+1	1.070E+0	-5.213E-4	0.000E+0
2.810E+1	1.070E+0	-5.212E-4	0.000E+0
2.820E+1	1.070E+0	-5.212E-4	0.000E+0
2.830E+1	1.070E+0	-5.212E-4	0.000E+0
2.840E+1	1.070E+0	-5.213E-4	0.000E+0
2.850E+1	1.070E+0	-5.213E-4	0.000E+0
2.860E+1	1.070E+0	-5.213E-4	0.000E+0
2.870E+1	1.070E+0	-5.213E-4	0.000E+0
2.880E+1	1.070E+0	-5.213E-4	0.000E+0
2.890E+1	1.070E+0	-5.212E-4	0.000E+0
2.900E+1	1.070E+0	-5.212E-4	0.000E+0
2.910E+1	1.070E+0	-5.211E-4	0.000E+0
2.920E+1	1.070E+0	-5.212E-4	0.000E+0
2.930E+1	1.070E+0	-5.212E-4	0.000E+0
2.940E+1	1.070E+0	-5.212E-4	0.000E+0
2.950E+1	1.070E+0	-5.212E-4	0.000E+0
2.960E+1	1.070E+0	-5.212E-4	0.000E+0
2.970E+1	1.070E+0	-5.212E-4	0.000E+0
2.980E+1	1.070E+0	-5.212E-4	0.000E+0
2.990E+1	1.070E+0	-5.212E-4	0.000E+0
3.000E+1	1.070E+0	-5.212E-4	0.000E+0
3.010E+1	1.070E+0	-5.212E-4	0.000E+0
3.020E+1	1.070E+0	-5.212E-4	0.000E+0
3.030E+1	1.070E+0	-5.211E-4	0.000E+0
3.040E+1	1.070E+0	-5.211E-4	0.000E+0
3.050E+1	1.070E+0	-5.211E-4	0.000E+0
3.060E+1	1.070E+0	-5.212E-4	0.000E+0
3.070E+1	1.070E+0	-5.211E-4	0.000E+0
3.080E+1	1.070E+0	-5.212E-4	0.000E+0
3.090E+1	1.070E+0	-5.211E-4	0.000E+0
3.100E+1	1.070E+0	-5.211E-4	0.000E+0
3.110E+1	1.070E+0	-5.211E-4	0.000E+0
3.120E+1	1.070E+0	-5.211E-4	0.000E+0
3.130E+1	1.070E+0	-5.211E-4	0.000E+0
3.140E+1	1.070E+0	-5.211E-4	0.000E+0
3.150E+1	1.070E+0	-5.211E-4	0.000E+0
3.160E+1	1.070E+0	-5.210E-4	0.000E+0
3.170E+1	1.070E+0	-5.210E-4	0.000E+0
3.180E+1	1.070E+0	-5.211E-4	0.000E+0
3.190E+1	1.070E+0	-5.211E-4	0.000E+0
3.200E+1	1.070E+0	-5.211E-4	0.000E+0
3.210E+1	1.070E+0	-5.211E-4	0.000E+0
3.220E+1	1.070E+0	-5.211E-4	0.000E+0
3.230E+1	1.070E+0	-5.212E-4	0.000E+0
3.240E+1	1.070E+0	-5.211E-4	0.000E+0
3.250E+1	1.070E+0	-5.211E-4	0.000E+0
3.260E+1	1.070E+0	-5.211E-4	0.000E+0
3.270E+1	1.070E+0	-5.211E-4	0.000E+0
3.280E+1	1.070E+0	-5.211E-4	0.000E+0
3.290E+1	1.070E+0	-5.211E-4	0.000E+0
3.300E+1	1.070E+0	-5.211E-4	0.000E+0
3.310E+1	1.070E+0	-5.211E-4	0.000E+0
3.320E+1	1.070E+0	-5.212E-4	0.000E+0
3.330E+1	1.070E+0	-5.212E-4	0.000E+0
3.340E+1	1.070E+0	-5.211E-4	0.000E+0
3.350E+1	1.070E+0	-5.210E-4	0.000E+0
3.360E+1	1.070E+0	-5.211E-4	0.000E+0
3.370E+1	1.070E+0	-5.211E-4	0.000E+0
3.380E+1	1.070E+0	-5.211E-4	0.000E+0
3.390E+1	1.070E+0	-5.210E-4	0.000E+0
3.400E+1	1.070E+0	-5.210E-4	0.000E+0
3.410E+1	1.070E+0	-5.210E-4	0.000E+0
3.420E+1	1.070E+0	-5.210E-4	0.000E+0
3.430E+1	1.070E+0	-5.210E-4	0.000E+0
3.440E+1	1.070E+0	-5.210E-4	0.000E+0
3.450E+1	1.070E+0	-5.210E-4	0.000E+0
3.460E+1	1.070E+0	-5.209E-4	0.000E+0
3.470E+1	1.070E+0	-5.210E-4	0.000E+0
3.480E+1	1.070E+0	-5.209E-4	0.000E+0
3.490E+1	1.070E+0	-5.209E-4	0.000E+0
3.500E+1	1.070E+0	-5.209E-4	0.000E+0
3.510E+1	1.070E+0	-5.208E-4	0.000E+0
3.520E+1	1.070E+0	-5.208E-4	0.000E+0
3.530E+1	1.070E+0	-5.208E-4	0.000E+0
3.540E+1	1.070E+0	-5.208E-4	0.000E+0
3.550E+1	1.070E+0	-5.208E-4	0.000E+0
3.560E+1	1.070E+0	-5.208E-4	0.000E+0
3.570E+1	1.070E+0	-5.208E-4	0.000E+0
3.580E+1	1.070E+0	-5.208E-4	0.000E+0
3.590E+1	1.070E+0	-5.208E-4	0.000E+0
3.600E+1	1.070E+0	-5.208E-4	0.000E+0
3.610E+1	1.070E+0	-5.208E-4	0.000E+0
3.620E+1	1.070E+0	-5.208E-4	0.000E+0
3.630E+1	1.070E+0	-5.208E-4	0.000E+0
3.640E+1	1.070E+0	-5.208E-4	0.000E+0
3.650E+1	1.070E+0	-5.208E-4	0.000E+0
3.660E+1	1.070E+0	-5.207E-4	0.000E+0
3.670E+1	1.070E+0	-5.208E-4	0.000E+0
3.680E+1	1.070E+0	-5.207E-4	0.000E+0
3.690E+1	1.070E+0	-5.207E-4	0.000E+0
3.700E+1	1.070E+0	-5.207E-4	0.000E+0
3.710E+1	1.070E+0	-5.207E-4	0.000E+0
3.720E+1	1.070E+0	-5.206E-4	0.000E+0
3.730E+1	1.070E+0	-5.206E-4	0.000E+0
3.740E+1	1.070E+0	-5.206E-4	0.000E+0
3.750E+1	1.070E+0	-5.206E-4	0.000E+0
3.760E+1	1.070E+0	-5.206E-4	0.000E+0
3.770E+1	1.070E+0	-5.206E-4	0.000E+0
3.780E+1	1.070E+0	-5.208E-4	0.000E+0
3.790E+1	1.070E+0	-5.206E-4	0.000E+0
3.800E+1	1.070E+0	-5.207E-4	0.000E+0
3.810E+1	1.070E+0	-5.206E-4	0.000E+0
3.820E+1	1.070E+0	-5.207E-4	0.000E+0
3.830E+1	1.070E+0	-5.206E-4	0.000E+0
3.840E+1	1.070E+0	-5.206E-4	0.000E+0
3.850E+1	1.070E+0	-5.206E-4	0.000E+0
3.860E+1	1.070E+0	-5.207E-4	0.000E+0
3.870E+1	1.070E+0	-5.206E-4	0.000E+0
3.880E+1	1.070E+0	-5.206E-4	0.000E+0
3.890E+1	1.070E+0	-5.206E-4	0.000E+0
3.900E+1	1.070E+0	-5.206E-4	0.000E+0
3.910E+1	1.070E+0	-5.206E-4	0.000E+0
3.920E+1	1.070E+0	-5.205E-4	0.000E+0
3.930E+1	1.070E+0	-5.206E-4	0.000E+0
3.940E+1	1.070E+0	-5.205E-4	0.000E+0
3.950E+1	1.070E+0	-5.205E-4	0.000E+0
3.960E+1	1.070E+0	-5.205E-4	0.000E+0
3.970E+1	1.070E+0	-5.205E-4	0.000E+0
3.980E+1	1.070E+0	-5.205E-4	0.000E+0
3.990E+1	1.070E+0	-5.205E-4	0.000E+0
4.000E+1	1.070E+0	-5.205E-4	0.000E+0
4.010E+1	1.070E+0	-5.205E-4	0.000E+0
4.020E+1	1.070E+0	-5.205E-4	0.000E+0
4.030E+1	1.070E+0	-5.205E-4	0.000E+0
4.040E+1	1.070E+0	-5.205E-4	0.000E+0
4.050E+1	1.070E+0	-5.205E-4	0.000E+0
4.060E+1	1.070E+0	-5.205E-4	0.000E+0
4.070E+1	1.070E+0	-5.205E-4	0.000E+0
4.080E+1	1.070E+0	-5.206E-4	0.000E+0
4.090E+1	1.070E+0	-5.206E-4	0.000E+0
4.100E+1	1.070E+0	-5.207E-4	0.000E+0
4.110E+1	1.070E+0	-5.206E-4	0.000E+0
4.120E+1	1.070E+0	-5.205E-4	0.000E+0
4.130E+1	1.070E+0	-5.205E-4	0.000E+0
4.140E+1	1.070E+0	-5.205E-4	0.000E+0
4.150E+1	1.070E+0	-5.205E-4	0.000E+0
4.160E+1	1.070E+0	-5.205E-4	0.000E+0
4.170E+1	1.070E+0	-5.205E-4	0.000E+0
4.180E+1	1.070E+0	-5.205E-4	0.000E+0
4.190E+1	1.070E+0	-5.205E-4	0.000E+0
4.200E+1	1.070E+0	-5.205E-4	0.000E+0
4.210E+1	1.070E+0	-5.205E-4	0.000E+0
4.220E+1	1.070E+0	-5.205E-4	0.000E+0
4.230E+1	1.070E+0	-5.205E-4	0.000E+0
4.240E+1	1.070E+0	-5.205E-4	0.000E+0
4.250E+1	1.070E+0	-5.204E-4	0.000E+0
4.260E+1	1.070E+0	-5.204E-4	0.000E+0
4.270E+1	1.070E+0	-5.204E-4	0.000E+0
4.280E+1	1.070E+0	-5.204E-4	0.000E+0
4.290E+1	1.070E+0	-5.204E-4	0.000E+0
4.300E+1	1.070E+0	-5.204E-4	0.000E+0
4.310E+1	1.070E+0	-5.204E-4	0.000E+0
4.320E+1	1.070E+0	-5.204E-4	0.000E+0
4.330E+1	1.070E+0	-5.204E-4	0.000E+0
4.340E+1	1.070E+0	-5.204E-4	0.000E+0
4.350E+1	1.070E+0	-5.204E-4	0.000E+0
4.360E+1	1.070E+0	-5.204E-4	0.000E+0
4.370E+1	1.070E+0	-5.204E-4	0.000E+0
4.380E+1	1.070E+0	-5.204E-4	0.000E+0
4.390E+1	1.070E+0	-5.204E-4	0.000E+0
4.400E+1	1.070E+0	-5.204E-4	0.000E+0
4.410E+1	1.070E+0	-5.204E-4	0.000E+0
4.420E+1	1.070E+0	-5.203E-4	0.000E+0
4.430E+1	1.070E+0	-5.204E-4	0.000E+0
4.440E+1	1.070E+0	-5.203E-4	0.000E+0
4.450E+1	1.070E+0	-5.203E-4	0.000E+0
4.460E+1	1.070E+0	-5.203E-4	0.000E+0
4.470E+1	1.070E+0	-5.203E-4	0.000E+0
4.480E+1	1.070E+0	-5.203E-4	0.000E+0
4.490E+1	1.070E+0	-5.203E-4	0.000E+0
4.500E+1	1.070E+0	-5.203E-4	0.000E+0
4.510E+1	1.070E+0	-5.203E-4	0.000E+0
4.520E+1	1.070E+0	-5.203E-4	0.000E+0
4.530E+1	1.070E+0	-5.202E-4	0.000E+0
4.540E+1	1.070E+0	-5.202E-4	0.000E+0
4.550E+1	1.070E+0	-5.201E-4	0.000E+0
4.560E+1	1.070E+0	-5.202E-4	0.000E+0
4.570E+1	1.070E+0	-5.202E-4	0.000E+0
4.580E+1	1.070E+0	-5.202E-4	0.000E+0
4.590E+1	1.070E+0	-5.202E-4	0.000E+0
4.600E+1	1.070E+0	-5.202E-4	0.000E+0
4.610E+1	1.070E+0	-5.202E-4	0.000E+0
4.620E+1	1.070E+0	-5.202E-4	0.000E+0
4.630E+1	1.070E+0	-5.202E-4	0.000E+0
4.640E+1	1.070E+0	-5.202E-4	0.000E+0
4.650E+1	1.070E+0	-5.202E-4	0.000E+0
4.660E+1	1.070E+0	-5.202E-4	0.000E+0
4.670E+1	1.070E+0	-5.202E-4	0.000E+0
4.680E+1	1.070E+0	-5.202E-4	0.000E+0
4.690E+1	1.070E+0	-5.202E-4	0.000E+0
4.700E+1	1.070E+0	-5.202E-4	0.000E+0
4.710E+1	1.070E+0	-5.202E-4	0.000E+0
4.720E+1	1.070E+0	-5.202E-4	0.000E+0
4.730E+1	1.070E+0	-5.201E-4	0.000E+0
4.740E+1	1.070E+0	-5.201E-4	0.000E+0
4.750E+1	1.070E+0	-5.201E-4	0.000E+0
4.760E+1	1.070E+0	-5.201E-4	0.000E+0
4.770E+1	1.070E+0	-5.201E-4	0.000E+0
4.780E+1	1.070E+0	-5.201E-4	0.000E+0
4.790E+1	1.070E+0	-5.201E-4	0.000E+0
4.800E+1	1.070E+0	-5.201E-4	0.000E+0
4.810E+1	1.070E+0	-5.200E-4	0.000E+0
4.820E+1	1.070E+0	-5.200E-4	0.000E+0
4.830E+1	1.070E+0	-5.201E-4	0.000E+0
4.840E+1	1.070E+0	-5.201E-4	0.000E+0
4.850E+1	1.070E+0	-5.200E-4	0.000E+0
4.860E+1	1.070E+0	-5.200E-4	0.000E+0
4.870E+1	1.070E+0	-5.200E-4	0.000E+0
4.880E+1	1.070E+0	-5.200E-4	0.000E+0
4.890E+1	1.070E+0	-5.201E-4	0.000E+0
4.900E+1	1.070E+0	-5.201E-4	0.000E+0
4.910E+1	1.070E+0	-5.200E-4	0.000E+0
4.920E+1	1.070E+0	-5.197E-4	0.000E+0
4.930E+1	1.070E+0	-5.197E-4	0.000E+0
4.940E+1	1.070E+0	-5.198E-4	0.000E+0
4.950E+1	1.070E+0	-5.199E-4	0.000E+0
4.960E+1	1.070E+0	-5.201E-4	0.000E+0
4.970E+1	1.070E+0	-5.200E-4	0.000E+0
4.980E+1	1.070E+0	-5.200E-4	0.000E+0
4.990E+1	1.070E+0	-5.201E-4	0.000E+0
5.000E+1	1.070E+0	-5.201E-4	0.000E+0
5.010E+1	1.070E+0	-5.200E-4	0.000E+0
5.020E+1	1.070E+0	-5.200E-4	0.000E+0
5.030E+1	1.070E+0	-5.198E-4	0.000E+0
5.040E+1	1.070E+0	-5.199E-4	0.000E+0
5.050E+1	1.070E+0	-5.198E-4	0.000E+0
5.060E+1	1.070E+0	-5.198E-4	0.000E+0
5.070E+1	1.070E+0	-5.197E-4	0.000E+0
5.080E+1	1.070E+0	-5.197E-4	0.000E+0
5.090E+1	1.070E+0	-5.198E-4	0.000E+0
5.100E+1	1.070E+0	-5.198E-4	0.000E+0
5.110E+1	1.070E+0	-5.198E-4	0.000E+0
5.120E+1	1.070E+0	-5.199E-4	0.000E+0
5.130E+1	1.070E+0	-5.199E-4	0.000E+0
5.140E+1	1.070E+0	-5.197E-4	0.000E+0
5.150E+1	1.070E+0	-5.196E-4	0.000E+0
5.160E+1	1.070E+0	-5.197E-4	0.000E+0
5.170E+1	1.070E+0	-5.195E-4	0.000E+0
5.180E+1	1.070E+0	-5.195E-4	0.000E+0
5.190E+1	1.070E+0	-5.195E-4	0.000E+0
5.200E+1	1.070E+0	-5.196E-4	0.000E+0
5.210E+1	1.070E+0	-5.196E-4	0.000E+0
5.220E+1	1.070E+0	-5.196E-4	0.000E+0
5.230E+1	1.070E+0	-5.196E-4	0.000E+0
5.240E+1	1.070E+0	-5.196E-4	0.000E+0
5.250E+1	1.070E+0	-5.198E-4	0.000E+0
5.260E+1	1.070E+0	-5.196E-4	0.000E+0
5.270E+1	1.070E+0	-5.196E-4	0.000E+0
5.280E+1	1.070E+0	-5.196E-4	0.000E+0
5.290E+1	1.070E+0	-5.195E-4	0.000E+0
5.300E+1	1.070E+0	-5.195E-4	0.000E+0
5.310E+1	1.070E+0	-5.195E-4	0.000E+0
5.320E+1	1.070E+0	-5.195E-4	0.000E+0
5.330E+1	1.070E+0	-5.195E-4	0.000E+0
5.340E+1	1.070E+0	-5.195E-4	0.000E+0
5.350E+1	1.070E+0	-5.196E-4	0.000E+0
5.360E+1	1.070E+0	-5.194E-4	0.000E+0
5.370E+1	1.070E+0	-5.194E-4	0.000E+0
5.380E+1	1.070E+0	-5.194E-4	0.000E+0
5.390E+1	1.070E+0	-5.194E-4	0.000E+0
5.400E+1	1.070E+0	-5.194E-4	0.000E+0
5.410E+1	1.070E+0	-5.195E-4	0.000E+0
5.420E+1	1.070E+0	-5.195E-4	0.000E+0
5.430E+1	1.070E+0	-5.195E-4	0.000E+0
5.440E+1	1.070E+0	-5.195E-4	0.000E+0
5.450E+1	1.070E+0	-5.195E-4	0.000E+0
5.460E+1	1.070E+0	-5.194E-4	0.000E+0
5.470E+1	1.070E+0	-5.193E-4	0.000E+0
5.480E+1	1.070E+0	-5.194E-4	0.000E+0
5.490E+1	1.070E+0	-5.194E-4	0.000E+0
5.500E+1	1.070E+0	-5.194E-4	0.000E+0
5.510E+1	1.070E+0	-5.194E-4	0.000E+0
5.520E+1	1.070E+0	-5.194E-4	0.000E+0
5.530E+1	1.070E+0	-5.193E-4	0.000E+0
5.540E+1	1.070E+0	-5.194E-4	0.000E+0
5.550E+1	1.070E+0	-5.194E-4	0.000E+0
5.560E+1	1.070E+0	-5.194E-4	0.000E+0
5.570E+1	1.070E+0	-5.194E-4	0.000E+0
5.580E+1	1.070E+0	-5.194E-4	0.000E+0
5.590E+1	1.070E+0	-5.193E-4	0.000E+0
5.600E+1	1.070E+0	-5.193E-4	0.000E+0
5.610E+1	1.070E+0	-5.193E-4	0.000E+0
5.620E+1	1.070E+0	-5.193E-4	0.000E+0
5.630E+1	1.070E+0	-5.193E-4	0.000E+0
5.640E+1	1.070E+0	-5.192E-4	0.000E+0
5.650E+1	1.070E+0	-5.193E-4	0.000E+0
5.660E+1	1.070E+0	-5.193E-4	0.000E+0
5.670E+1	1.070E+0	-5.192E-4	0.000E+0
5.680E+1	1.070E+0	-5.192E-4	0.000E+0
5.690E+1	1.070E+0	-5.192E-4	0.000E+0
5.700E+1	1.070E+0	-5.192E-4	0.000E+0
5.710E+1	1.070E+0	-5.191E-4	0.000E+0
5.720E+1	1.070E+0	-5.191E-4	0.000E+0
5.730E+1	1.070E+0	-5.191E-4	0.000E+0
5.740E+1	1.070E+0	-5.191E-4	0.000E+0
5.750E+1	1.070E+0	-5.191E-4	0.000E+0
5.760E+1	1.070E+0	-5.191E-4	0.000E+0
5.770E+1	1.070E+0	-5.191E-4	0.000E+0
5.780E+1	1.070E+0	-5.191E-4	0.000E+0
5.790E+1	1.070E+0	-5.191E-4	0.000E+0
5.800E+1	1.070E+0	-5.191E-4	0.000E+0
5.810E+1	1.070E+0	-5.191E-4	0.000E+0
5.820E+1	1.070E+0	-5.191E-4	0.000E+0
5.830E+1	1.070E+0	-5.190E-4	0.000E+0
5.840E+1	1.070E+0	-5.190E-4	0.000E+0
5.850E+1	1.070E+0	-5.190E-4	0.000E+0
5.860E+1	1.070E+0	-5.190E-4	0.000E+0
5.870E+1	1.070E+0	-5.190E-4	0.000E+0
5.880E+1	1.070E+0	-5.190E-4	0.000E+0
5.890E+1	1.070E+0	-5.189E-4	0.000E+0
5.900E+1	1.070E+0	-5.189E-4	0.000E+0
5.910E+1	1.070E+0	-5.189E-4	0.000E+0
5.920E+1	1.070E+0	-5.189E-4	0.000E+0
5.930E+1	1.070E+0	-5.189E-4	0.000E+0
5.940E+1	1.070E+0	-5.189E-4	0.000E+0
5.950E+1	1.070E+0	-5.188E-4	0.000E+0
5.960E+1	1.070E+0	-5.189E-4	0.000E+0
5.970E+1	1.070E+0	-5.188E-4	0.000E+0
5.980E+1	1.070E+0	-5.189E-4	0.000E+0
5.990E+1	1.070E+0	-5.188E-4	0.000E+0
6.000E+1	1.070E+0	-5.188E-4	0.000E+0
