5.900E-2	1.300E+0	5.789E-4	-7.525E-4
3.740E-1	1.294E+0	4.771E-4	-6.171E-4
4.570E-1	1.287E+0	3.843E-4	-4.946E-4
5.400E-1	1.281E+0	3.008E-4	-3.852E-4
6.370E-1	1.274E+0	2.233E-4	-2.845E-4
7.210E-1	1.268E+0	1.526E-4	-1.934E-4
8.040E-1	1.261E+0	8.777E-5	-1.107E-4
9.490E-1	1.255E+0	2.862E-5	-3.590E-5
1.031E+0	1.248E+0	-2.457E-5	3.066E-5
1.114E+0	1.242E+0	-7.689E-5	9.546E-5
1.198E+0	1.235E+0	-1.217E-4	1.503E-4
1.396E+0	1.229E+0	-1.610E-4	1.978E-4
1.478E+0	1.222E+0	-1.993E-4	2.435E-4
1.562E+0	1.216E+0	-2.339E-4	2.843E-4
1.645E+0	1.209E+0	-2.654E-4	3.209E-4
1.727E+0	1.203E+0	-2.939E-4	3.535E-4
1.810E+0	1.196E+0	-3.195E-4	3.821E-4
1.908E+0	1.190E+0	-3.434E-4	4.084E-4
1.991E+0	1.183E+0	-3.645E-4	4.312E-4
2.074E+0	1.177E+0	-3.837E-4	4.514E-4
2.157E+0	1.170E+0	-4.008E-4	4.689E-4
2.239E+0	1.164E+0	-4.161E-4	4.841E-4
2.323E+0	1.157E+0	-4.288E-4	4.962E-4
2.406E+0	1.151E+0	-4.413E-4	5.077E-4
2.488E+0	1.144E+0	-4.518E-4	5.168E-4
2.586E+0	1.138E+0	-4.617E-4	5.252E-4
2.669E+0	1.131E+0	-4.704E-4	5.320E-4
2.752E+0	1.125E+0	-4.782E-4	5.378E-4
2.835E+0	1.118E+0	-4.848E-4	5.420E-4
2.917E+0	1.112E+0	-4.910E-4	5.457E-4
3.000E+0	1.105E+0	-4.964E-4	5.485E-4
3.084E+0	1.099E+0	-5.011E-4	5.505E-4
3.167E+0	1.092E+0	-5.049E-4	5.513E-4
3.263E+0	1.086E+0	-5.089E-4	5.524E-4
3.346E+0	1.079E+0	-5.124E-4	5.529E-4
3.430E+0	1.073E+0	-5.154E-4	5.528E-4
3.513E+0	1.066E+0	-5.182E-4	5.524E-4
3.595E+0	1.060E+0	-5.206E-4	5.516E-4
3.678E+0	1.053E+0	-5.229E-4	5.506E-4
3.760E+0	1.047E+0	-5.249E-4	5.493E-4
3.844E+0	1.040E+0	-5.266E-4	5.477E-4
3.933E+0	1.034E+0	-5.283E-4	5.460E-4
4.028E+0	1.027E+0	-5.299E-4	5.442E-4
4.111E+0	1.021E+0	-5.312E-4	5.421E-4
4.195E+0	1.014E+0	-5.325E-4	5.400E-4
4.277E+0	1.008E+0	-5.338E-4	5.378E-4
4.360E+0	1.001E+0	-5.349E-4	5.354E-4
4.442E+0	9.945E-1	-5.358E-4	5.329E-4
4.526E+0	9.880E-1	-5.366E-4	5.301E-4
4.623E+0	9.815E-1	-5.375E-4	5.276E-4
4.707E+0	9.750E-1	-5.383E-4	5.249E-4
4.790E+0	9.685E-1	-5.392E-4	5.222E-4
4.872E+0	9.620E-1	-5.399E-4	5.193E-4
4.956E+0	9.555E-1	-5.406E-4	5.165E-4
5.039E+0	9.490E-1	-5.412E-4	5.136E-4
5.122E+0	9.425E-1	-5.418E-4	5.106E-4
5.205E+0	9.360E-1	-5.423E-4	5.076E-4
5.295E+0	9.295E-1	-5.429E-4	5.046E-4
5.391E+0	9.230E-1	-5.434E-4	5.015E-4
5.474E+0	9.165E-1	-5.439E-4	4.985E-4
5.556E+0	9.100E-1	-5.445E-4	4.955E-4
5.639E+0	9.035E-1	-5.450E-4	4.924E-4
5.723E+0	8.970E-1	-5.455E-4	4.893E-4
5.806E+0	8.905E-1	-5.459E-4	4.861E-4
5.888E+0	8.840E-1	-5.462E-4	4.828E-4
5.986E+0	8.775E-1	-5.466E-4	4.797E-4
6.070E+0	8.710E-1	-5.470E-4	4.764E-4
6.153E+0	8.645E-1	-5.474E-4	4.732E-4
6.236E+0	8.580E-1	-5.478E-4	4.700E-4
6.319E+0	8.515E-1	-5.482E-4	4.668E-4
6.402E+0	8.450E-1	-5.484E-4	4.634E-4
6.485E+0	8.385E-1	-5.488E-4	4.602E-4
6.568E+0	8.320E-1	-5.490E-4	4.568E-4
6.658E+0	8.255E-1	-5.494E-4	4.535E-4
6.753E+0	8.190E-1	-5.496E-4	4.502E-4
6.837E+0	8.125E-1	-5.499E-4	4.468E-4
6.920E+0	8.060E-1	-5.502E-4	4.435E-4
7.002E+0	7.995E-1	-5.505E-4	4.401E-4
7.085E+0	7.930E-1	-5.509E-4	4.368E-4
7.169E+0	7.865E-1	-5.511E-4	4.334E-4
7.252E+0	7.800E-1	-5.514E-4	4.301E-4
7.342E+0	7.735E-1	-5.516E-4	4.267E-4
7.437E+0	7.670E-1	-5.519E-4	4.233E-4
7.520E+0	7.605E-1	-5.521E-4	4.199E-4
7.604E+0	7.540E-1	-5.524E-4	4.165E-4
7.687E+0	7.475E-1	-5.525E-4	4.130E-4
7.770E+0	7.410E-1	-5.528E-4	4.096E-4
7.853E+0	7.345E-1	-5.531E-4	4.062E-4
7.937E+0	7.280E-1	-5.532E-4	4.027E-4
8.034E+0	7.215E-1	-5.534E-4	3.993E-4
8.117E+0	7.150E-1	-5.537E-4	3.959E-4
8.200E+0	7.085E-1	-5.539E-4	3.924E-4
8.284E+0	7.020E-1	-5.541E-4	3.890E-4
8.367E+0	6.955E-1	-5.544E-4	3.856E-4
8.449E+0	6.890E-1	-5.545E-4	3.820E-4
8.532E+0	6.825E-1	-5.547E-4	3.786E-4
8.615E+0	6.760E-1	-5.548E-4	3.751E-4
8.706E+0	6.695E-1	-5.551E-4	3.717E-4
8.802E+0	6.630E-1	-5.553E-4	3.682E-4
8.884E+0	6.565E-1	-5.555E-4	3.647E-4
8.967E+0	6.500E-1	-5.557E-4	3.612E-4
9.051E+0	6.435E-1	-5.559E-4	3.577E-4
9.134E+0	6.370E-1	-5.560E-4	3.542E-4
9.217E+0	6.305E-1	-5.562E-4	3.507E-4
9.299E+0	6.240E-1	-5.564E-4	3.472E-4
9.389E+0	6.175E-1	-5.566E-4	3.437E-4
9.485E+0	6.110E-1	-5.568E-4	3.402E-4
9.568E+0	6.045E-1	-5.569E-4	3.366E-4
9.651E+0	5.980E-1	-5.570E-4	3.331E-4
9.734E+0	5.915E-1	-5.572E-4	3.296E-4
9.818E+0	5.850E-1	-5.574E-4	3.261E-4
9.901E+0	5.785E-1	-5.576E-4	3.226E-4
9.983E+0	5.720E-1	-5.577E-4	3.190E-4
1.007E+1	5.655E-1	-5.579E-4	3.155E-4
1.017E+1	5.590E-1	-5.581E-4	3.120E-4
1.025E+1	5.525E-1	-5.583E-4	3.084E-4
1.034E+1	5.460E-1	-5.584E-4	3.049E-4
1.042E+1	5.395E-1	-5.586E-4	3.014E-4
1.050E+1	5.330E-1	-5.587E-4	2.978E-4
1.059E+1	5.265E-1	-5.588E-4	2.942E-4
1.067E+1	5.200E-1	-5.590E-4	2.907E-4
1.076E+1	5.135E-1	-5.592E-4	2.871E-4
1.085E+1	5.070E-1	-5.594E-4	2.836E-4
1.094E+1	5.005E-1	-5.595E-4	2.800E-4
1.102E+1	4.940E-1	-5.596E-4	2.764E-4
1.110E+1	4.875E-1	-5.597E-4	2.729E-4
1.119E+1	4.810E-1	-5.599E-4	2.693E-4
1.127E+1	4.745E-1	-5.600E-4	2.657E-4
1.135E+1	4.680E-1	-5.601E-4	2.621E-4
1.144E+1	4.615E-1	-5.602E-4	2.585E-4
1.154E+1	4.550E-1	-5.604E-4	2.550E-4
1.162E+1	4.485E-1	-5.606E-4	2.514E-4
1.170E+1	4.420E-1	-5.607E-4	2.478E-4
1.179E+1	4.355E-1	-5.608E-4	2.442E-4
1.187E+1	4.290E-1	-5.610E-4	2.407E-4
1.195E+1	4.225E-1	-5.611E-4	2.371E-4
1.204E+1	4.160E-1	-5.612E-4	2.334E-4
1.212E+1	4.095E-1	-5.613E-4	2.298E-4
1.222E+1	4.030E-1	-5.614E-4	2.262E-4
1.230E+1	3.965E-1	-5.615E-4	2.226E-4
1.239E+1	3.900E-1	-5.617E-4	2.191E-4
1.247E+1	3.835E-1	-5.618E-4	2.154E-4
1.255E+1	3.770E-1	-5.619E-4	2.118E-4
1.264E+1	3.705E-1	-5.620E-4	2.082E-4
1.272E+1	3.640E-1	-5.621E-4	2.046E-4
1.281E+1	3.575E-1	-5.624E-4	2.011E-4
1.291E+1	3.510E-1	-5.625E-4	1.974E-4
1.299E+1	3.445E-1	-5.626E-4	1.938E-4
1.307E+1	3.380E-1	-5.626E-4	1.902E-4
1.316E+1	3.315E-1	-5.628E-4	1.866E-4
1.324E+1	3.250E-1	-5.629E-4	1.830E-4
1.332E+1	3.185E-1	-5.631E-4	1.793E-4
1.340E+1	3.120E-1	-5.632E-4	1.757E-4
1.350E+1	3.055E-1	-5.633E-4	1.721E-4
1.359E+1	2.990E-1	-5.634E-4	1.685E-4
1.367E+1	2.925E-1	-5.635E-4	1.648E-4
1.375E+1	2.860E-1	-5.637E-4	1.612E-4
1.384E+1	2.795E-1	-5.638E-4	1.576E-4
1.392E+1	2.730E-1	-5.639E-4	1.539E-4
1.400E+1	2.665E-1	-5.640E-4	1.503E-4
1.408E+1	2.600E-1	-5.640E-4	1.467E-4
1.418E+1	2.535E-1	-5.642E-4	1.430E-4
1.427E+1	2.470E-1	-5.643E-4	1.394E-4
1.435E+1	2.405E-1	-5.645E-4	1.358E-4
1.443E+1	2.340E-1	-5.646E-4	1.321E-4
1.451E+1	2.275E-1	-5.647E-4	1.285E-4
1.460E+1	2.210E-1	-5.648E-4	1.248E-4
1.468E+1	2.145E-1	-5.649E-4	1.212E-4
1.476E+1	2.080E-1	-5.649E-4	1.175E-4
1.486E+1	2.015E-1	-5.651E-4	1.139E-4
1.494E+1	1.950E-1	-5.652E-4	1.102E-4
1.503E+1	1.885E-1	-5.654E-4	1.066E-4
1.511E+1	1.820E-1	-5.655E-4	1.029E-4
1.519E+1	1.755E-1	-5.656E-4	9.926E-5
1.528E+1	1.690E-1	-5.657E-4	9.560E-5
1.536E+1	1.625E-1	-5.656E-4	9.191E-5
1.544E+1	1.560E-1	-5.657E-4	8.825E-5
1.553E+1	1.495E-1	-5.658E-4	8.459E-5
1.563E+1	1.430E-1	-5.661E-4	8.095E-5
1.571E+1	1.365E-1	-5.660E-4	7.726E-5
1.579E+1	1.300E-1	-5.663E-4	7.362E-5
1.588E+1	1.235E-1	-5.661E-4	6.992E-5
1.596E+1	1.170E-1	-5.665E-4	6.629E-5
1.604E+1	1.105E-1	-5.666E-4	6.261E-5
1.613E+1	1.040E-1	-5.667E-4	5.894E-5
1.622E+1	9.750E-2	-5.667E-4	5.525E-5
1.631E+1	9.100E-2	-5.668E-4	5.157E-5
1.640E+1	8.450E-2	-5.669E-4	4.791E-5
1.648E+1	7.800E-2	-5.670E-4	4.422E-5
1.656E+1	7.150E-2	-5.673E-4	4.056E-5
1.665E+1	6.500E-2	-5.672E-4	3.687E-5
1.673E+1	5.850E-2	-5.674E-4	3.319E-5
1.681E+1	5.200E-2	-5.673E-4	2.950E-5
1.690E+1	4.550E-2	-5.676E-4	2.583E-5
1.700E+1	3.900E-2	-5.676E-4	2.214E-5
1.708E+1	3.250E-2	-5.678E-4	1.845E-5
1.716E+1	2.600E-2	-5.679E-4	1.476E-5
1.725E+1	1.950E-2	-5.680E-4	1.108E-5
1.733E+1	1.300E-2	-5.680E-4	7.384E-6
1.741E+1	6.500E-3	-5.680E-4	3.692E-6
1.750E+1	5.782E-15	-5.681E-4	3.285E-18
