5.800E-2	1.300E+0	7.744E-4	-1.007E-3
3.740E-1	1.294E+0	6.704E-4	-8.671E-4
4.570E-1	1.287E+0	5.687E-4	-7.319E-4
5.400E-1	1.281E+0	4.741E-4	-6.070E-4
6.370E-1	1.274E+0	3.849E-4	-4.904E-4
7.200E-1	1.268E+0	3.022E-4	-3.830E-4
8.030E-1	1.261E+0	2.255E-4	-2.844E-4
8.860E-1	1.255E+0	1.549E-4	-1.943E-4
9.690E-1	1.248E+0	8.941E-5	-1.116E-4
1.113E+0	1.242E+0	3.101E-5	-3.850E-5
1.196E+0	1.235E+0	-2.239E-5	2.766E-5
1.279E+0	1.229E+0	-7.259E-5	8.917E-5
1.363E+0	1.222E+0	-1.186E-4	1.449E-4
1.568E+0	1.216E+0	-1.607E-4	1.953E-4
1.651E+0	1.209E+0	-1.991E-4	2.408E-4
1.734E+0	1.203E+0	-2.339E-4	2.813E-4
1.824E+0	1.196E+0	-2.661E-4	3.183E-4
1.919E+0	1.190E+0	-2.952E-4	3.512E-4
2.002E+0	1.183E+0	-3.216E-4	3.804E-4
2.084E+0	1.177E+0	-3.455E-4	4.065E-4
2.168E+0	1.170E+0	-3.673E-4	4.298E-4
2.251E+0	1.164E+0	-3.870E-4	4.503E-4
2.333E+0	1.157E+0	-4.040E-4	4.674E-4
2.416E+0	1.151E+0	-4.199E-4	4.830E-4
2.507E+0	1.144E+0	-4.344E-4	4.969E-4
2.602E+0	1.138E+0	-4.473E-4	5.088E-4
2.684E+0	1.131E+0	-4.589E-4	5.190E-4
2.767E+0	1.125E+0	-4.691E-4	5.275E-4
2.850E+0	1.118E+0	-4.782E-4	5.346E-4
2.933E+0	1.112E+0	-4.863E-4	5.405E-4
3.015E+0	1.105E+0	-4.934E-4	5.452E-4
3.098E+0	1.099E+0	-4.996E-4	5.488E-4
3.188E+0	1.092E+0	-5.050E-4	5.515E-4
3.286E+0	1.086E+0	-5.102E-4	5.538E-4
3.368E+0	1.079E+0	-5.147E-4	5.554E-4
3.451E+0	1.073E+0	-5.187E-4	5.564E-4
3.533E+0	1.066E+0	-5.223E-4	5.568E-4
3.617E+0	1.060E+0	-5.255E-4	5.568E-4
3.700E+0	1.053E+0	-5.283E-4	5.563E-4
3.782E+0	1.047E+0	-5.307E-4	5.554E-4
3.879E+0	1.040E+0	-5.331E-4	5.544E-4
3.962E+0	1.034E+0	-5.352E-4	5.531E-4
4.045E+0	1.027E+0	-5.371E-4	5.516E-4
4.128E+0	1.021E+0	-5.386E-4	5.496E-4
4.210E+0	1.014E+0	-5.402E-4	5.477E-4
4.293E+0	1.008E+0	-5.416E-4	5.457E-4
4.376E+0	1.001E+0	-5.429E-4	5.435E-4
4.458E+0	9.945E-1	-5.439E-4	5.409E-4
4.556E+0	9.880E-1	-5.451E-4	5.386E-4
4.639E+0	9.815E-1	-5.462E-4	5.361E-4
4.723E+0	9.750E-1	-5.472E-4	5.335E-4
4.806E+0	9.685E-1	-5.480E-4	5.307E-4
4.889E+0	9.620E-1	-5.488E-4	5.280E-4
4.971E+0	9.555E-1	-5.496E-4	5.252E-4
5.054E+0	9.490E-1	-5.502E-4	5.222E-4
5.138E+0	9.425E-1	-5.509E-4	5.192E-4
5.228E+0	9.360E-1	-5.515E-4	5.162E-4
5.323E+0	9.295E-1	-5.521E-4	5.132E-4
5.406E+0	9.230E-1	-5.527E-4	5.101E-4
5.489E+0	9.165E-1	-5.533E-4	5.071E-4
5.572E+0	9.100E-1	-5.538E-4	5.039E-4
5.654E+0	9.035E-1	-5.543E-4	5.008E-4
5.737E+0	8.970E-1	-5.547E-4	4.976E-4
5.820E+0	8.905E-1	-5.552E-4	4.944E-4
5.911E+0	8.840E-1	-5.556E-4	4.911E-4
6.006E+0	8.775E-1	-5.560E-4	4.879E-4
6.089E+0	8.710E-1	-5.563E-4	4.845E-4
6.172E+0	8.645E-1	-5.567E-4	4.812E-4
6.256E+0	8.580E-1	-5.571E-4	4.780E-4
6.338E+0	8.515E-1	-5.575E-4	4.747E-4
6.421E+0	8.450E-1	-5.578E-4	4.714E-4
6.504E+0	8.385E-1	-5.581E-4	4.680E-4
6.594E+0	8.320E-1	-5.586E-4	4.647E-4
6.690E+0	8.255E-1	-5.587E-4	4.612E-4
6.772E+0	8.190E-1	-5.591E-4	4.579E-4
6.855E+0	8.125E-1	-5.594E-4	4.545E-4
6.938E+0	8.060E-1	-5.596E-4	4.511E-4
7.021E+0	7.995E-1	-5.600E-4	4.477E-4
7.104E+0	7.930E-1	-5.603E-4	4.443E-4
7.187E+0	7.865E-1	-5.605E-4	4.409E-4
7.277E+0	7.800E-1	-5.608E-4	4.374E-4
7.373E+0	7.735E-1	-5.610E-4	4.339E-4
7.456E+0	7.670E-1	-5.612E-4	4.305E-4
7.539E+0	7.605E-1	-5.615E-4	4.270E-4
7.622E+0	7.540E-1	-5.617E-4	4.235E-4
7.704E+0	7.475E-1	-5.620E-4	4.201E-4
7.788E+0	7.410E-1	-5.622E-4	4.166E-4
7.871E+0	7.345E-1	-5.624E-4	4.131E-4
7.961E+0	7.280E-1	-5.626E-4	4.096E-4
8.056E+0	7.215E-1	-5.629E-4	4.061E-4
8.140E+0	7.150E-1	-5.631E-4	4.026E-4
8.223E+0	7.085E-1	-5.633E-4	3.991E-4
8.305E+0	7.020E-1	-5.636E-4	3.956E-4
8.388E+0	6.955E-1	-5.638E-4	3.921E-4
8.470E+0	6.890E-1	-5.640E-4	3.886E-4
8.554E+0	6.825E-1	-5.641E-4	3.850E-4
8.637E+0	6.760E-1	-5.643E-4	3.815E-4
8.720E+0	6.695E-1	-5.644E-4	3.779E-4
8.817E+0	6.630E-1	-5.647E-4	3.744E-4
8.902E+0	6.565E-1	-5.649E-4	3.708E-4
8.984E+0	6.500E-1	-5.651E-4	3.673E-4
9.067E+0	6.435E-1	-5.653E-4	3.638E-4
9.150E+0	6.370E-1	-5.655E-4	3.602E-4
9.233E+0	6.305E-1	-5.657E-4	3.567E-4
9.316E+0	6.240E-1	-5.659E-4	3.531E-4
9.399E+0	6.175E-1	-5.660E-4	3.495E-4
9.496E+0	6.110E-1	-5.662E-4	3.459E-4
9.579E+0	6.045E-1	-5.664E-4	3.424E-4
9.663E+0	5.980E-1	-5.666E-4	3.388E-4
9.746E+0	5.915E-1	-5.667E-4	3.352E-4
9.829E+0	5.850E-1	-5.668E-4	3.316E-4
9.912E+0	5.785E-1	-5.669E-4	3.280E-4
9.995E+0	5.720E-1	-5.670E-4	3.243E-4
1.008E+1	5.655E-1	-5.672E-4	3.207E-4
1.016E+1	5.590E-1	-5.673E-4	3.171E-4
1.026E+1	5.525E-1	-5.675E-4	3.135E-4
1.034E+1	5.460E-1	-5.677E-4	3.100E-4
1.043E+1	5.395E-1	-5.679E-4	3.064E-4
1.051E+1	5.330E-1	-5.681E-4	3.028E-4
1.059E+1	5.265E-1	-5.683E-4	2.992E-4
1.068E+1	5.200E-1	-5.684E-4	2.955E-4
1.076E+1	5.135E-1	-5.685E-4	2.919E-4
1.084E+1	5.070E-1	-5.686E-4	2.883E-4
1.094E+1	5.005E-1	-5.688E-4	2.847E-4
1.102E+1	4.940E-1	-5.689E-4	2.811E-4
1.111E+1	4.875E-1	-5.691E-4	2.774E-4
1.119E+1	4.810E-1	-5.693E-4	2.738E-4
1.127E+1	4.745E-1	-5.694E-4	2.702E-4
1.135E+1	4.680E-1	-5.695E-4	2.665E-4
1.144E+1	4.615E-1	-5.697E-4	2.629E-4
1.152E+1	4.550E-1	-5.697E-4	2.592E-4
1.161E+1	4.485E-1	-5.698E-4	2.556E-4
1.171E+1	4.420E-1	-5.699E-4	2.519E-4
1.179E+1	4.355E-1	-5.701E-4	2.483E-4
1.187E+1	4.290E-1	-5.702E-4	2.446E-4
1.196E+1	4.225E-1	-5.703E-4	2.410E-4
1.204E+1	4.160E-1	-5.705E-4	2.373E-4
1.212E+1	4.095E-1	-5.706E-4	2.337E-4
1.220E+1	4.030E-1	-5.707E-4	2.300E-4
1.229E+1	3.965E-1	-5.709E-4	2.264E-4
1.239E+1	3.900E-1	-5.710E-4	2.227E-4
1.247E+1	3.835E-1	-5.711E-4	2.190E-4
1.255E+1	3.770E-1	-5.713E-4	2.154E-4
1.264E+1	3.705E-1	-5.713E-4	2.117E-4
1.272E+1	3.640E-1	-5.715E-4	2.080E-4
1.280E+1	3.575E-1	-5.716E-4	2.044E-4
1.289E+1	3.510E-1	-5.717E-4	2.007E-4
1.298E+1	3.445E-1	-5.719E-4	1.970E-4
1.307E+1	3.380E-1	-5.720E-4	1.933E-4
1.316E+1	3.315E-1	-5.720E-4	1.896E-4
1.324E+1	3.250E-1	-5.721E-4	1.859E-4
1.332E+1	3.185E-1	-5.723E-4	1.823E-4
1.341E+1	3.120E-1	-5.725E-4	1.786E-4
1.349E+1	3.055E-1	-5.725E-4	1.749E-4
1.357E+1	2.990E-1	-5.727E-4	1.712E-4
1.367E+1	2.925E-1	-5.728E-4	1.676E-4
1.375E+1	2.860E-1	-5.729E-4	1.639E-4
1.384E+1	2.795E-1	-5.731E-4	1.602E-4
1.392E+1	2.730E-1	-5.732E-4	1.565E-4
1.400E+1	2.665E-1	-5.733E-4	1.528E-4
1.409E+1	2.600E-1	-5.734E-4	1.491E-4
1.417E+1	2.535E-1	-5.735E-4	1.454E-4
1.425E+1	2.470E-1	-5.736E-4	1.417E-4
1.434E+1	2.405E-1	-5.737E-4	1.380E-4
1.443E+1	2.340E-1	-5.738E-4	1.343E-4
1.452E+1	2.275E-1	-5.740E-4	1.306E-4
1.460E+1	2.210E-1	-5.740E-4	1.269E-4
1.468E+1	2.145E-1	-5.741E-4	1.232E-4
1.477E+1	2.080E-1	-5.743E-4	1.195E-4
1.485E+1	2.015E-1	-5.744E-4	1.157E-4
1.493E+1	1.950E-1	-5.744E-4	1.120E-4
1.501E+1	1.885E-1	-5.745E-4	1.083E-4
1.510E+1	1.820E-1	-5.746E-4	1.046E-4
1.519E+1	1.755E-1	-5.748E-4	1.009E-4
1.528E+1	1.690E-1	-5.749E-4	9.716E-5
1.536E+1	1.625E-1	-5.751E-4	9.345E-5
1.544E+1	1.560E-1	-5.751E-4	8.972E-5
1.553E+1	1.495E-1	-5.752E-4	8.600E-5
1.561E+1	1.430E-1	-5.753E-4	8.227E-5
1.569E+1	1.365E-1	-5.754E-4	7.855E-5
1.578E+1	1.300E-1	-5.756E-4	7.482E-5
1.587E+1	1.235E-1	-5.757E-4	7.109E-5
1.596E+1	1.170E-1	-5.758E-4	6.736E-5
1.605E+1	1.105E-1	-5.759E-4	6.364E-5
1.613E+1	1.040E-1	-5.760E-4	5.990E-5
1.621E+1	9.750E-2	-5.761E-4	5.617E-5
1.629E+1	9.100E-2	-5.762E-4	5.243E-5
1.638E+1	8.450E-2	-5.763E-4	4.870E-5
1.646E+1	7.800E-2	-5.764E-4	4.496E-5
1.655E+1	7.150E-2	-5.765E-4	4.122E-5
1.665E+1	6.500E-2	-5.765E-4	3.747E-5
1.673E+1	5.850E-2	-5.767E-4	3.373E-5
1.681E+1	5.200E-2	-5.768E-4	2.999E-5
1.689E+1	4.550E-2	-5.768E-4	2.625E-5
1.698E+1	3.900E-2	-5.769E-4	2.250E-5
1.706E+1	3.250E-2	-5.771E-4	1.876E-5
1.714E+1	2.600E-2	-5.772E-4	1.501E-5
1.723E+1	1.950E-2	-5.773E-4	1.126E-5
1.733E+1	1.300E-2	-5.774E-4	7.506E-6
1.741E+1	6.500E-3	-5.775E-4	3.754E-6
1.750E+1	5.782E-15	-5.776E-4	3.340E-18
