5.800E-2	1.300E+0	5.875E-4	-7.637E-4
3.740E-1	1.294E+0	4.784E-4	-6.188E-4
4.570E-1	1.287E+0	3.812E-4	-4.906E-4
5.390E-1	1.281E+0	2.948E-4	-3.775E-4
6.370E-1	1.274E+0	2.161E-4	-2.753E-4
7.200E-1	1.268E+0	1.459E-4	-1.850E-4
8.030E-1	1.261E+0	8.071E-5	-1.018E-4
9.470E-1	1.255E+0	2.239E-5	-2.809E-5
1.031E+0	1.248E+0	-3.006E-5	3.752E-5
1.113E+0	1.242E+0	-7.973E-5	9.898E-5
1.196E+0	1.235E+0	-1.239E-4	1.530E-4
1.395E+0	1.229E+0	-1.617E-4	1.986E-4
1.477E+0	1.222E+0	-1.984E-4	2.425E-4
1.560E+0	1.216E+0	-2.317E-4	2.816E-4
1.643E+0	1.209E+0	-2.620E-4	3.167E-4
1.725E+0	1.203E+0	-2.895E-4	3.481E-4
1.809E+0	1.196E+0	-3.142E-4	3.758E-4
1.906E+0	1.190E+0	-3.373E-4	4.013E-4
1.989E+0	1.183E+0	-3.581E-4	4.236E-4
2.072E+0	1.177E+0	-3.770E-4	4.435E-4
2.156E+0	1.170E+0	-3.941E-4	4.611E-4
2.238E+0	1.164E+0	-4.096E-4	4.766E-4
2.321E+0	1.157E+0	-4.230E-4	4.894E-4
2.404E+0	1.151E+0	-4.359E-4	5.015E-4
2.487E+0	1.144E+0	-4.472E-4	5.116E-4
2.585E+0	1.138E+0	-4.579E-4	5.208E-4
2.668E+0	1.131E+0	-4.674E-4	5.286E-4
2.751E+0	1.125E+0	-4.760E-4	5.353E-4
2.833E+0	1.118E+0	-4.837E-4	5.408E-4
2.917E+0	1.112E+0	-4.907E-4	5.454E-4
3.000E+0	1.105E+0	-4.969E-4	5.491E-4
3.082E+0	1.099E+0	-5.027E-4	5.522E-4
3.165E+0	1.092E+0	-5.073E-4	5.540E-4
3.256E+0	1.086E+0	-5.121E-4	5.559E-4
3.350E+0	1.079E+0	-5.163E-4	5.571E-4
3.433E+0	1.073E+0	-5.201E-4	5.579E-4
3.516E+0	1.066E+0	-5.236E-4	5.582E-4
3.598E+0	1.060E+0	-5.268E-4	5.582E-4
3.681E+0	1.053E+0	-5.297E-4	5.577E-4
3.764E+0	1.047E+0	-5.323E-4	5.570E-4
3.847E+0	1.040E+0	-5.346E-4	5.559E-4
3.943E+0	1.034E+0	-5.368E-4	5.548E-4
4.027E+0	1.027E+0	-5.390E-4	5.535E-4
4.110E+0	1.021E+0	-5.406E-4	5.517E-4
4.192E+0	1.014E+0	-5.424E-4	5.500E-4
4.275E+0	1.008E+0	-5.440E-4	5.481E-4
4.358E+0	1.001E+0	-5.455E-4	5.461E-4
4.441E+0	9.945E-1	-5.469E-4	5.439E-4
4.524E+0	9.880E-1	-5.480E-4	5.415E-4
4.621E+0	9.815E-1	-5.493E-4	5.391E-4
4.704E+0	9.750E-1	-5.504E-4	5.367E-4
4.788E+0	9.685E-1	-5.516E-4	5.342E-4
4.871E+0	9.620E-1	-5.525E-4	5.316E-4
4.954E+0	9.555E-1	-5.534E-4	5.288E-4
5.036E+0	9.490E-1	-5.542E-4	5.260E-4
5.119E+0	9.425E-1	-5.551E-4	5.232E-4
5.203E+0	9.360E-1	-5.558E-4	5.203E-4
5.301E+0	9.295E-1	-5.566E-4	5.173E-4
5.384E+0	9.230E-1	-5.573E-4	5.144E-4
5.467E+0	9.165E-1	-5.580E-4	5.114E-4
5.551E+0	9.100E-1	-5.586E-4	5.084E-4
5.634E+0	9.035E-1	-5.593E-4	5.053E-4
5.717E+0	8.970E-1	-5.599E-4	5.022E-4
5.800E+0	8.905E-1	-5.605E-4	4.991E-4
5.883E+0	8.840E-1	-5.610E-4	4.959E-4
5.966E+0	8.775E-1	-5.615E-4	4.927E-4
6.063E+0	8.710E-1	-5.622E-4	4.897E-4
6.147E+0	8.645E-1	-5.627E-4	4.864E-4
6.229E+0	8.580E-1	-5.631E-4	4.832E-4
6.313E+0	8.515E-1	-5.635E-4	4.798E-4
6.396E+0	8.450E-1	-5.639E-4	4.765E-4
6.479E+0	8.385E-1	-5.644E-4	4.732E-4
6.561E+0	8.320E-1	-5.649E-4	4.700E-4
6.645E+0	8.255E-1	-5.651E-4	4.665E-4
6.735E+0	8.190E-1	-5.654E-4	4.631E-4
6.830E+0	8.125E-1	-5.657E-4	4.597E-4
6.913E+0	8.060E-1	-5.662E-4	4.563E-4
6.996E+0	7.995E-1	-5.666E-4	4.530E-4
7.080E+0	7.930E-1	-5.670E-4	4.496E-4
7.163E+0	7.865E-1	-5.673E-4	4.462E-4
7.246E+0	7.800E-1	-5.676E-4	4.427E-4
7.329E+0	7.735E-1	-5.680E-4	4.394E-4
7.427E+0	7.670E-1	-5.683E-4	4.359E-4
7.510E+0	7.605E-1	-5.687E-4	4.325E-4
7.593E+0	7.540E-1	-5.691E-4	4.291E-4
7.676E+0	7.475E-1	-5.694E-4	4.256E-4
7.760E+0	7.410E-1	-5.697E-4	4.221E-4
7.842E+0	7.345E-1	-5.699E-4	4.186E-4
7.925E+0	7.280E-1	-5.702E-4	4.151E-4
8.008E+0	7.215E-1	-5.705E-4	4.116E-4
8.098E+0	7.150E-1	-5.709E-4	4.082E-4
8.194E+0	7.085E-1	-5.711E-4	4.046E-4
8.277E+0	7.020E-1	-5.712E-4	4.010E-4
8.360E+0	6.955E-1	-5.714E-4	3.974E-4
8.443E+0	6.890E-1	-5.716E-4	3.938E-4
8.526E+0	6.825E-1	-5.720E-4	3.904E-4
8.609E+0	6.760E-1	-5.723E-4	3.868E-4
8.692E+0	6.695E-1	-5.726E-4	3.834E-4
8.775E+0	6.630E-1	-5.727E-4	3.797E-4
8.873E+0	6.565E-1	-5.730E-4	3.762E-4
8.957E+0	6.500E-1	-5.734E-4	3.727E-4
9.040E+0	6.435E-1	-5.734E-4	3.690E-4
9.122E+0	6.370E-1	-5.737E-4	3.655E-4
9.205E+0	6.305E-1	-5.739E-4	3.619E-4
9.289E+0	6.240E-1	-5.741E-4	3.582E-4
9.372E+0	6.175E-1	-5.744E-4	3.547E-4
9.455E+0	6.110E-1	-5.745E-4	3.510E-4
9.552E+0	6.045E-1	-5.747E-4	3.474E-4
9.635E+0	5.980E-1	-5.750E-4	3.439E-4
9.719E+0	5.915E-1	-5.751E-4	3.402E-4
9.802E+0	5.850E-1	-5.754E-4	3.366E-4
9.885E+0	5.785E-1	-5.756E-4	3.330E-4
9.968E+0	5.720E-1	-5.758E-4	3.293E-4
1.005E+1	5.655E-1	-5.759E-4	3.257E-4
1.013E+1	5.590E-1	-5.761E-4	3.220E-4
1.023E+1	5.525E-1	-5.763E-4	3.184E-4
1.031E+1	5.460E-1	-5.766E-4	3.148E-4
1.040E+1	5.395E-1	-5.768E-4	3.112E-4
1.048E+1	5.330E-1	-5.769E-4	3.075E-4
1.056E+1	5.265E-1	-5.772E-4	3.039E-4
1.065E+1	5.200E-1	-5.773E-4	3.002E-4
1.073E+1	5.135E-1	-5.775E-4	2.966E-4
1.081E+1	5.070E-1	-5.777E-4	2.929E-4
1.091E+1	5.005E-1	-5.778E-4	2.892E-4
1.099E+1	4.940E-1	-5.779E-4	2.855E-4
1.108E+1	4.875E-1	-5.781E-4	2.818E-4
1.116E+1	4.810E-1	-5.782E-4	2.781E-4
1.124E+1	4.745E-1	-5.784E-4	2.744E-4
1.133E+1	4.680E-1	-5.785E-4	2.707E-4
1.141E+1	4.615E-1	-5.787E-4	2.671E-4
1.149E+1	4.550E-1	-5.789E-4	2.634E-4
1.158E+1	4.485E-1	-5.790E-4	2.597E-4
1.167E+1	4.420E-1	-5.792E-4	2.560E-4
1.176E+1	4.355E-1	-5.793E-4	2.523E-4
1.184E+1	4.290E-1	-5.795E-4	2.486E-4
1.192E+1	4.225E-1	-5.797E-4	2.449E-4
1.201E+1	4.160E-1	-5.799E-4	2.412E-4
1.209E+1	4.095E-1	-5.800E-4	2.375E-4
1.217E+1	4.030E-1	-5.801E-4	2.338E-4
1.225E+1	3.965E-1	-5.803E-4	2.301E-4
1.234E+1	3.900E-1	-5.804E-4	2.263E-4
1.244E+1	3.835E-1	-5.806E-4	2.227E-4
1.252E+1	3.770E-1	-5.807E-4	2.189E-4
1.260E+1	3.705E-1	-5.809E-4	2.152E-4
1.269E+1	3.640E-1	-5.810E-4	2.115E-4
1.277E+1	3.575E-1	-5.810E-4	2.077E-4
1.285E+1	3.510E-1	-5.812E-4	2.040E-4
1.294E+1	3.445E-1	-5.813E-4	2.003E-4
1.302E+1	3.380E-1	-5.814E-4	1.965E-4
1.311E+1	3.315E-1	-5.815E-4	1.928E-4
1.321E+1	3.250E-1	-5.818E-4	1.891E-4
1.329E+1	3.185E-1	-5.819E-4	1.853E-4
1.337E+1	3.120E-1	-5.820E-4	1.816E-4
1.346E+1	3.055E-1	-5.822E-4	1.779E-4
1.354E+1	2.990E-1	-5.823E-4	1.741E-4
1.362E+1	2.925E-1	-5.824E-4	1.703E-4
1.370E+1	2.860E-1	-5.825E-4	1.666E-4
1.379E+1	2.795E-1	-5.826E-4	1.628E-4
1.388E+1	2.730E-1	-5.828E-4	1.591E-4
1.397E+1	2.665E-1	-5.829E-4	1.553E-4
1.406E+1	2.600E-1	-5.830E-4	1.516E-4
1.414E+1	2.535E-1	-5.832E-4	1.478E-4
1.422E+1	2.470E-1	-5.833E-4	1.441E-4
1.430E+1	2.405E-1	-5.834E-4	1.403E-4
1.439E+1	2.340E-1	-5.835E-4	1.365E-4
1.447E+1	2.275E-1	-5.836E-4	1.328E-4
1.456E+1	2.210E-1	-5.838E-4	1.290E-4
1.466E+1	2.145E-1	-5.838E-4	1.252E-4
1.474E+1	2.080E-1	-5.840E-4	1.215E-4
1.482E+1	2.015E-1	-5.841E-4	1.177E-4
1.491E+1	1.950E-1	-5.842E-4	1.139E-4
1.499E+1	1.885E-1	-5.843E-4	1.101E-4
1.507E+1	1.820E-1	-5.844E-4	1.064E-4
1.515E+1	1.755E-1	-5.844E-4	1.026E-4
1.524E+1	1.690E-1	-5.847E-4	9.881E-5
1.534E+1	1.625E-1	-5.847E-4	9.501E-5
1.542E+1	1.560E-1	-5.848E-4	9.124E-5
1.551E+1	1.495E-1	-5.850E-4	8.746E-5
1.559E+1	1.430E-1	-5.852E-4	8.368E-5
1.567E+1	1.365E-1	-5.853E-4	7.990E-5
1.576E+1	1.300E-1	-5.854E-4	7.610E-5
1.584E+1	1.235E-1	-5.854E-4	7.229E-5
1.593E+1	1.170E-1	-5.855E-4	6.850E-5
1.602E+1	1.105E-1	-5.856E-4	6.471E-5
1.611E+1	1.040E-1	-5.858E-4	6.092E-5
1.619E+1	9.750E-2	-5.859E-4	5.712E-5
1.627E+1	9.100E-2	-5.860E-4	5.333E-5
1.636E+1	8.450E-2	-5.862E-4	4.953E-5
1.644E+1	7.800E-2	-5.863E-4	4.573E-5
1.652E+1	7.150E-2	-5.862E-4	4.192E-5
1.662E+1	6.500E-2	-5.864E-4	3.812E-5
1.670E+1	5.850E-2	-5.865E-4	3.431E-5
1.679E+1	5.200E-2	-5.866E-4	3.050E-5
1.687E+1	4.550E-2	-5.867E-4	2.669E-5
1.695E+1	3.900E-2	-5.866E-4	2.288E-5
1.704E+1	3.250E-2	-5.868E-4	1.907E-5
1.712E+1	2.600E-2	-5.870E-4	1.526E-5
1.720E+1	1.950E-2	-5.871E-4	1.145E-5
1.729E+1	1.300E-2	-5.871E-4	7.632E-6
1.739E+1	6.500E-3	-5.872E-4	3.817E-6
1.747E+1	5.782E-15	-5.873E-4	3.395E-18
