600	99.861717
600.2146	78.264587
600.4292	99.80455
600.6438	101.37726
600.8584	102.09743
601.07294	115.31905
601.28754	111.26892
601.50214	106.23917
601.71674	108.43004
601.93134	106.27533
602.14594	106.84468
602.36053	105.51916
602.57513	115.10696
602.78967	112.28091
603.00427	117.5163
603.21887	119.54063
603.43347	122.96336
603.64807	101.61065
603.86267	101.93903
604.07727	122.65172
604.29187	118.57454
604.50641	121.63306
604.72101	130.44356
604.93561	115.31959
605.15021	119.00121
605.36481	123.97913
605.57941	129.05455
605.79401	126.07574
606.00861	131.04108
606.22321	136.69736
606.43774	127.19774
606.65234	129.83076
606.86694	129.71915
607.08154	141.69577
607.29614	127.45887
607.51074	128.02214
607.72534	138.60788
607.93994	135.35925
608.15448	135.68117
608.36908	144.64481
608.58368	144.43442
608.79828	155.71976
609.01288	135.77814
609.22748	146.80246
609.44208	149.03873
609.65668	138.34868
609.87122	149.54117
610.08582	150.78079
610.30042	155.55418
610.51501	148.46927
610.72961	154.6779
610.94421	164.52086
611.15881	159.2776
611.37341	161.69882
611.58801	163.82506
611.80255	160.83195
612.01715	161.25816
612.23175	155.41772
612.44635	182.48827
612.66095	161.67894
612.87555	179.55075
613.09015	171.83107
613.30475	159.22948
613.51929	169.94049
613.73389	177.41855
613.94849	173.99275
614.16309	167.64398
614.37769	176.88007
614.59229	177.52122
614.80688	183.45641
615.02148	188.49435
615.23602	183.45815
615.45062	189.40393
615.66522	195.73749
615.87982	187.57536
616.09442	197.01216
616.30902	193.26448
616.52362	195.40118
616.73822	197.44476
616.95282	195.86493
617.16736	193.54396
617.38196	192.82858
617.59656	220.96571
617.81116	211.35632
618.02576	208.54208
618.24036	214.04648
618.45496	220.17168
618.66956	220.79225
618.88409	236.83226
619.09869	224.50098
619.31329	232.11154
619.52789	238.16916
619.74249	244.83011
619.95709	240.21948
620.17169	242.39018
620.38629	239.72826
620.60083	244.55235
620.81543	250.79515
621.03003	239.13045
621.24463	245.8615
621.45923	251.90823
621.67383	246.4138
621.88843	249.41806
622.10303	262.57532
622.31763	254.40417
622.53217	260.70795
622.74677	269.50629
622.96136	269.11157
623.17596	271.79401
623.39056	278.80002
623.60516	274.69113
623.81976	278.97726
624.03436	281.50571
624.2489	276.3287
624.4635	282.94922
624.6781	294.49173
624.8927	312.93307
625.1073	306.88651
625.3219	303.20483
625.5365	307.8577
625.7511	295.95056
625.96564	304.9809
626.18024	322.1684
626.39484	320.79361
626.60944	327.77063
626.82404	339.40335
627.03864	332.38837
627.25323	331.51614
627.46783	321.22781
627.68237	337.01593
627.89697	321.12537
628.11157	337.00198
628.32617	341.67038
628.54077	345.26093
628.75537	357.20206
628.96997	368.35425
629.18457	363.49841
629.39917	358.03912
629.61371	366.89355
629.82831	384.48877
630.04291	387.39334
630.25751	385.05597
630.47211	379.88254
630.68671	389.25214
630.90131	390.67667
631.11591	389.70172
631.33044	392.06995
631.54504	408.06003
631.75964	405.03964
631.97424	404.00406
632.18884	408.18332
632.40344	416.87851
632.61804	406.32001
632.83264	413.46893
633.04718	432.61835
633.26178	421.72269
633.47638	429.97821
633.69098	440.32944
633.90558	441.00232
634.12018	451.06281
634.33478	453.33725
634.54938	467.90762
634.76398	476.50183
634.97852	481.64136
635.19312	484.49948
635.40771	484.72702
635.62231	499.56058
635.83691	496.81659
636.05151	498.45859
636.26611	513.91547
636.48071	508.64578
636.69525	511.05389
636.90985	518.67902
637.12445	523.99487
637.33905	543.53143
637.55365	536.86572
637.76825	532.16522
637.98285	541.40002
638.19745	544.84833
638.41199	545.37415
638.62659	548.06403
638.84119	551.30695
639.05579	558.66101
639.27039	556.32269
639.48499	552.492
639.69958	576.12579
639.91418	566.41315
640.12878	579.97955
640.34332	586.05792
640.55792	600.25494
640.77252	610.48785
640.98712	616.66632
641.20172	634.61273
641.41632	635.96222
641.63092	636.83771
641.84552	649.0047
642.06006	644.27509
642.27466	649.79181
642.48926	663.51227
642.70386	661.27356
642.91846	655.78723
643.13306	668.55768
643.34766	672.29578
643.56226	677.70648
643.77679	674.57733
643.99139	676.63794
644.20599	687.263
644.42059	699.69519
644.63519	694.48773
644.84979	712.14337
645.06439	738.55139
645.27899	730.93176
645.49359	710.49731
645.70813	731.40936
645.92273	744.34827
646.13733	764.67609
646.35193	782.68207
646.56653	782.33679
646.78113	781.32562
646.99573	788.27332
647.21033	801.70197
647.42487	788.06885
647.63947	801.83545
647.85406	825.16852
648.06866	835.56506
648.28326	843.35486
648.49786	843.81213
648.71246	856.12695
648.92706	863.2981
649.1416	870.7439
649.3562	880.32501
649.5708	882.31738
649.7854	887.90717
650	889.05194
650.2146	888.56683
650.4292	902.28729
650.6438	919.72614
650.8584	931.6825
651.07294	931.1048
651.28754	945.29285
651.50214	966.43781
651.71674	961.28784
651.93134	965.13483
652.14594	982.37854
652.36053	994.66534
652.57513	1004.0006
652.78967	1006.3762
653.00427	1006.108
653.21887	1019.4586
653.43347	1031.8846
653.64807	1036.3135
653.86267	1058.3336
654.07727	1069.348
654.29187	1059.2572
654.50641	1058.7448
654.72101	1059.5482
654.93561	1062.5602
655.15021	1089.2096
655.36481	1103.8492
655.57941	1116.4596
655.79401	1138.2621
656.00861	1132.705
656.22321	1128.0671
656.43774	1143.843
656.65234	1154.1283
656.86694	1153.9788
657.08154	1173.5984
657.29614	1183.4265
657.51074	1204.2062
657.72534	1219.652
657.93994	1215.1578
658.15448	1228.2037
658.36908	1243.4789
658.58368	1262.2018
658.79828	1259.0295
659.01288	1261.1364
659.22748	1291.2903
659.44208	1301.0984
659.65668	1300.8169
659.87122	1333.1866
660.08582	1351.5758
660.30042	1331.1073
660.51501	1346.3499
660.72961	1379.2535
660.94421	1379.845
661.15881	1396.0496
661.37341	1392.6742
661.58801	1406.4801
661.80255	1434.7928
662.01715	1444.6157
662.23175	1445.2821
662.44635	1455.0529
662.66095	1473.2926
662.87555	1492.2571
663.09015	1511.9484
663.30475	1507.5536
663.51929	1516.8823
663.73389	1537.994
663.94849	1544.7504
664.16309	1529.0637
664.37769	1530.5295
664.59229	1589.5454
664.80688	1602.9952
665.02148	1576.2056
665.23602	1597.8346
665.45062	1596.4895
665.66522	1609.0975
665.87982	1653.1415
666.09442	1653.5577
666.30902	1656.0012
666.52362	1690.9377
666.73822	1687.5621
666.95282	1723.4231
667.16736	1739.2946
667.38196	1744.2667
667.59656	1754.4282
667.81116	1800.0696
668.02576	1804.6412
668.24036	1797.7819
668.45496	1817.9596
668.66956	1834.7734
668.88409	1849.4846
669.09869	1864.2412
669.31329	1870.5477
669.52789	1884.4165
669.74249	1919.9077
669.95709	1928.5131
670.17169	1945.4169
670.38629	1950.4658
670.60083	1976.0701
670.81543	1990.6783
671.03003	1999.635
671.24463	2010.5969
671.45923	2064.4771
671.67383	2057.4324
671.88843	2049.7842
672.10303	2049.0376
672.31763	2100.3386
672.53217	2125.5271
672.74677	2143.5386
672.96136	2151.4341
673.17596	2155.8467
673.39056	2160.2488
673.60516	2198.394
673.81976	2204.3125
674.03436	2205.1367
674.2489	2252.6233
674.4635	2273.7429
674.6781	2294.5789
674.8927	2328.0059
675.1073	2343.4917
675.3219	2334.863
675.5365	2352.4009
675.7511	2357.3684
675.96564	2394.395
676.18024	2415.51
676.39484	2423.8269
676.60944	2452.1084
676.82404	2482.5874
677.03864	2519.5085
677.25323	2525.1919
677.46783	2546.7334
677.68237	2575.3538
677.89697	2590.9207
678.11157	2604.9758
678.32617	2607.3748
678.54077	2656.7439
678.75537	2673.5046
678.96997	2664.8689
679.18457	2697.1968
679.39917	2742.3892
679.61371	2738.9941
679.82831	2748.6069
680.04291	2770.1499
680.25751	2765.4766
680.47211	2799.8721
680.68671	2821.6719
680.90131	2882.7664
681.11591	2867.3291
681.33044	2880.5872
681.54504	2928.385
681.75964	2948.6919
681.97424	2962.1765
682.18884	2974.8105
682.40344	2990.322
682.61804	3014.1606
682.83264	3040.1321
683.04718	3086.2339
683.26178	3103.0391
683.47638	3143.9187
683.69098	3148.2554
683.90558	3213.8474
684.12018	3234.615
684.33478	3203.1238
684.54938	3290.2771
684.76398	3336.752
684.97852	3343.4375
685.19312	3332.0559
685.40771	3348.3911
685.62231	3404.562
685.83691	3421.6082
686.05151	3451.9543
686.26611	3453.8328
686.48071	3476.8303
686.69525	3536.5986
686.90985	3533.7625
687.12445	3559.207
687.33905	3553.3628
687.55365	3553.1875
687.76825	3594.3552
687.98285	3647.905
688.19745	3651.6909
688.41199	3709.7712
688.62659	3740.3809
688.84119	3734.7292
689.05579	3744.4214
689.27039	3787.6985
689.48499	3820.2693
689.69958	3852.105
689.91418	3892.718
690.12878	3910.0295
690.34332	3882.4937
690.55792	3935.6421
690.77252	3982.5718
690.98712	4004.1157
691.20172	4040.7581
691.41632	4060.3357
691.63092	4095.2073
691.84552	4126.4565
692.06006	4168.9976
692.27466	4228.9438
692.48926	4257.7241
692.70386	4241.1646
692.91846	4318.5825
693.13306	4365.8877
693.34766	4320.6455
693.56226	4350.4893
693.77679	4397.5894
693.99139	4459.1143
694.20599	4437.5713
694.42059	4453.2021
694.63519	4475.8687
694.84979	4580.1172
695.06439	4590.9785
695.27899	4602.2134
695.49359	4600.54
695.70813	4602.5557
695.92273	4680.9097
696.13733	4682.8955
696.35193	4711.8696
696.56653	4738.8677
696.78113	4780.8506
696.99573	4801.8979
697.21033	4818.4385
697.42487	4855.7119
697.63947	4900.0679
697.85406	4886.522
698.06866	4997.105
698.28326	5006.6846
698.49786	5018.1494
698.71246	5064.543
698.92706	5100.2246
699.1416	5160.79
699.3562	5124.8745
699.5708	5183.2856
699.7854	5239.7563
700	5204.5054
700.2146	5276.1118
700.4292	5338.1587
700.6438	5360.8862
700.8584	5370.79
701.07294	5416.7949
701.28754	5491.127
701.50214	5556.8047
701.71674	5536.4487
701.93134	5544.7798
702.14594	5557.3911
702.36053	5640.3833
702.57513	5713.6768
702.78967	5718.0518
703.00427	5776.7026
703.21887	5787.0718
703.43347	5821.2222
703.64807	5857.7681
703.86267	5850.9736
704.07727	5921.1416
704.29187	5939.3564
704.50641	5955.0806
704.72101	6003.1211
704.93561	6007.3789
705.15021	6014.0596
705.36481	6085.458
705.57941	6148.0708
705.79401	6109.2183
706.00861	6207.8188
706.22321	6248.0566
706.43774	6243.2671
706.65234	6305.1743
706.86694	6303.6685
707.08154	6339.3765
707.29614	6359.3579
707.51074	6404.4717
707.72534	6413.8193
707.93994	6508.4326
708.15448	6495.2715
708.36908	6574.9487
708.58368	6636.1211
708.79828	6635.5981
709.01288	6661.9141
709.22748	6740.4214
709.44208	6820.1147
709.65668	6791.5313
709.87122	6855.8325
710.08582	6931.8301
710.30042	6971.77
710.51501	6995.6807
710.72961	7033.5586
710.94421	7029.0313
711.15881	7021.3765
711.37341	7085.146
711.58801	7171.3042
711.80255	7183.4951
712.01715	7221.9058
712.23175	7201.458
712.44635	7264.8042
712.66095	7320.3618
712.87555	7359.9443
713.09015	7378.5083
713.30475	7432.1348
713.51929	7407.3027
713.73389	7430.2036
713.94849	7518.1357
714.16309	7524.4331
714.37769	7549.2905
714.59229	7555.0928
714.80688	7615.1846
715.02148	7641.2686
715.23602	7679.6631
715.45062	7736.2856
715.66522	7759.8057
715.87982	7761.2715
716.09442	7801.7832
716.30902	7802.8037
716.52362	7886.6162
716.73822	7842.8604
716.95282	7887.6309
717.16736	7950.147
717.38196	7930.6294
717.59656	8034.8687
717.81116	8038.1216
718.02576	8124.499
718.24036	8115.665
718.45496	8219.8545
718.66956	8233.6934
718.88409	8339.333
719.09869	8288.1982
719.31329	8356.4336
719.52789	8466.5527
719.74249	8418.0674
719.95709	8527.1279
720.17169	8579.2021
720.38629	8625.1758
720.60083	8692.4063
720.81543	8679.4873
721.03003	8686.2334
721.24463	8760.6641
721.45923	8805.959
721.67383	8832.6318
721.88843	8840.4658
722.10303	8900.1221
722.31763	8946.8203
722.53217	8999.6172
722.74677	9002.2393
722.96136	9012.418
723.17596	8968.5742
723.39056	9071.2744
723.60516	9092.627
723.81976	9122.2139
724.03436	9080.9697
724.2489	9182.1182
724.4635	9237.0889
724.6781	9224.4082
724.8927	9267.835
725.1073	9340.9258
725.3219	9278.7871
725.5365	9375.0186
725.7511	9436.1104
725.96564	9424.0195
726.18024	9507.8076
726.39484	9586.1064
726.60944	9560.3887
726.82404	9606.665
727.03864	9679.4316
727.25323	9678.9414
727.46783	9737.1592
727.68237	9802.4863
727.89697	9860.3516
728.11157	9908.0967
728.32617	9921.7041
728.54077	10007.472
728.75537	10080.514
728.96997	10111.271
729.18457	10203.7
729.39917	10227.965
729.61371	10290.377
729.82831	10296.129
730.04291	10381.803
730.25751	10527.654
730.47211	10406.197
730.68671	10517.066
730.90131	10523.794
731.11591	10560.986
731.33044	10595.825
731.54504	10659.118
731.75964	10664.74
731.97424	10731.83
732.18884	10771.65
732.40344	10740.169
732.61804	10747.637
732.83264	10745.449
733.04718	10858.438
733.26178	10925.662
733.47638	10881.128
733.69098	10915.614
733.90558	10947.916
734.12018	11037.544
734.33478	10981.172
734.54938	11110.662
734.76398	11132.585
734.97852	11157.58
735.19312	11196.646
735.40771	11351.744
735.62231	11321.908
735.83691	11352.863
736.05151	11487.067
736.26611	11341.07
736.48071	11499.109
736.69525	11549.6
736.90985	11662.489
737.12445	11656.226
737.33905	11738.625
737.55365	11836.629
737.76825	11799.08
737.98285	11980.527
738.19745	12011.354
738.41199	12084.622
738.62659	12101.591
738.84119	12165.874
739.05579	12227.06
739.27039	12351.563
739.48499	12401.465
739.69958	12369.358
739.91418	12441.71
740.12878	12492.049
740.34332	12567.787
740.55792	12569.943
740.77252	12624.791
740.98712	12628.904
741.20172	12656.508
741.41632	12632.076
741.63092	12714.966
741.84552	12753.006
742.06006	12859.084
742.27466	12795.089
742.48926	12815.6
742.70386	12852.352
742.91846	12937.98
743.13306	12922.944
743.34766	12962.924
743.56226	12996.169
743.77679	12969.429
743.99139	13186.283
744.20599	13227.973
744.42059	13183.324
744.63519	13304.456
744.84979	13364.432
745.06439	13384.934
745.27899	13409.37
745.49359	13564.239
745.70813	13632.038
745.92273	13702.108
746.13733	13741.439
746.35193	13811.384
746.56653	13814.615
746.78113	13948.603
746.99573	13973.606
747.21033	14086.957
747.42487	14140.658
747.63947	14242.006
747.85406	14214.58
748.06866	14297.792
748.28326	14457.382
748.49786	14434.027
748.71246	14609.845
748.92706	14516.237
749.1416	14571.896
749.3562	14676.559
749.5708	14695.913
749.7854	14801.665
750	14861.638
750.2146	14811.778
750.4292	14827.127
750.6438	14880.73
750.8584	14927.896
751.07294	14923.29
751.28754	14986.049
751.50214	15035.926
751.71674	15047.728
751.93134	15165.448
752.14594	15045.962
752.36053	15186.164
752.57513	15247.338
752.78967	15336.278
753.00427	15395.862
753.21887	15444.406
753.43347	15459.171
753.64807	15532.233
753.86267	15649.511
754.07727	15785.36
754.29187	15751.232
754.50641	15821.087
754.72101	15842.87
754.93561	15916.906
755.15021	16060.335
755.36481	16068.603
755.57941	16169.659
755.79401	16234.632
756.00861	16260.358
756.22321	16369.516
756.43774	16423.916
756.65234	16395.328
756.86694	16556.152
757.08154	16605.301
757.29614	16634.213
757.51074	16682.123
757.72534	16721.113
757.93994	16640.943
758.15448	16624.213
758.36908	16644.992
758.58368	16734.549
758.79828	16759.234
759.01288	16879.879
759.22748	16859.523
759.44208	17019.586
759.65668	17077.955
759.87122	17145.32
760.08582	17124.426
760.30042	17188.031
760.51501	17359.879
760.72961	17360.834
760.94421	17395.779
761.15881	17384.063
761.37341	17540.664
761.58801	17470.572
761.80255	17599.941
762.01715	17748.232
762.23175	17829.334
762.44635	17907.367
762.66095	17950.189
762.87555	17952.57
763.09015	18065.678
763.30475	18195.404
763.51929	18236.459
763.73389	18235.324
763.94849	18357.078
764.16309	18406.025
764.37769	18500.664
764.59229	18561.25
764.80688	18624.568
765.02148	18687.842
765.23602	18818.398
765.45062	18807.723
765.66522	18948.398
765.87982	18989.049
766.09442	19093.68
766.30902	19155.189
766.52362	19191.73
766.73822	19182.598
766.95282	19195.867
767.16736	19219.83
767.38196	19364.641
767.59656	19252.215
767.81116	19383.779
768.02576	19490.17
768.24036	19428.213
768.45496	19534.871
768.66956	19591.779
768.88409	19615.814
769.09869	19668.26
769.31329	19745.242
769.52789	19696.811
769.74249	19735.75
769.95709	19860.59
770.17169	19888.373
770.38629	19860.877
770.60083	19917.164
770.81543	20107.527
771.03003	20140.168
771.24463	20229.869
771.45923	20190.813
771.67383	20271.063
771.88843	20365.064
772.10303	20398.35
772.31763	20435.629
772.53217	20539.939
772.74677	20614.326
772.96136	20690.816
773.17596	20744.246
773.39056	20795.037
773.60516	20950.264
773.81976	20972.32
774.03436	20985.58
774.2489	21109.881
774.4635	21196
774.6781	21346.135
774.8927	21334.465
775.1073	21349.381
775.3219	21386.195
775.5365	21447.342
775.7511	21564.563
775.96564	21571.232
776.18024	21654.637
776.39484	21714.352
776.60944	21741.232
776.82404	21798.098
777.03864	21804.371
777.25323	21899.053
777.46783	21912.383
777.68237	21920.107
777.89697	21990.402
778.11157	21988.881
778.32617	22082.033
778.54077	22005.805
778.75537	22026.434
778.96997	22108.471
779.18457	22132.523
779.39917	22195.633
779.61371	22253.77
779.82831	22201.654
780.04291	22279.576
780.25751	22425.672
780.47211	22355.846
780.68671	22352.869
780.90131	22353.793
781.11591	22536.098
781.33044	22492.996
781.54504	22540.195
781.75964	22492.697
781.97424	22603.223
782.18884	22569.361
782.40344	22688.949
782.61804	22704.236
782.83264	22840.146
783.04718	22894.268
783.26178	22989.92
783.47638	22991.467
783.69098	23132.602
783.90558	23190.846
784.12018	23338.941
784.33478	23335.74
784.54938	23336.885
784.76398	23395.781
784.97852	23485.613
785.19312	23605.598
785.40771	23685.703
785.62231	23738.162
785.83691	23687.941
786.05151	23793.781
786.26611	23964.418
786.48071	24009.451
786.69525	24103.656
786.90985	24155.096
787.12445	24161.082
787.33905	24222.844
787.55365	24183.963
787.76825	24335.576
787.98285	24412.33
788.19745	24372.473
788.41199	24442.221
788.62659	24466.611
788.84119	24572.641
789.05579	24650.572
789.27039	24696.957
789.48499	24646.9
789.69958	24576.178
789.91418	24606.977
790.12878	24666.395
790.34332	24808.395
790.55792	24846.082
790.77252	24830.391
790.98712	24798.168
791.20172	24797.814
791.41632	24872.74
791.63092	24956.457
791.84552	25009.115
792.06006	25112.029
792.27466	25173.504
792.48926	25121.928
792.70386	25192.779
792.91846	25356.814
793.13306	25364.467
793.34766	25336.021
793.56226	25400.299
793.77679	25494.734
793.99139	25632.537
794.20599	25730.461
794.42059	25773.627
794.63519	25845.234
794.84979	26024.764
795.06439	26065.252
795.27899	26099.885
795.49359	26140.518
795.70813	26251.332
795.92273	26342.326
796.13733	26448.531
796.35193	26522.43
796.56653	26561.99
796.78113	26600.986
796.99573	26662.938
797.21033	26694.125
797.42487	26809.125
797.63947	26812.994
797.85406	26941.777
798.06866	26991.545
798.28326	27035.24
798.49786	26986.344
798.71246	27045.664
798.92706	27152.727
799.1416	27172.475
799.3562	27139.141
799.5708	27241.953
799.7854	27298.051
800	27243.734
800.2146	27297.047
800.4292	27305.443
800.6438	27352.344
800.8584	27449.195
801.07294	27431.729
801.28754	27533.5
801.50214	27486.23
801.71674	27530.813
801.93134	27644.438
802.14594	27707.104
802.36053	27713.307
802.57513	27751.586
802.78967	27803.699
803.00427	27863.604
803.21887	27868.639
803.43347	28050.789
803.64807	28104.387
803.86267	28137.1
804.07727	28231.596
804.29187	28245.354
804.50641	28368.1
804.72101	28424.33
804.93561	28522.869
805.15021	28588.996
805.36481	28698.744
805.57941	28730.666
805.79401	28779.672
806.00861	28844.336
806.22321	28942.203
806.43774	29092.691
806.65234	29234.457
806.86694	29234.904
807.08154	29276.641
807.29614	29374.152
807.51074	29460.666
807.72534	29577.143
807.93994	29616.086
808.15448	29647.906
808.36908	29730.959
808.58368	29677.762
808.79828	29797.748
809.01288	29770.852
809.22748	29998.23
809.44208	30045.652
809.65668	30006.156
809.87122	30090.895
810.08582	30189.188
810.30042	30169.309
810.51501	30260.453
810.72961	30309.313
810.94421	30330.355
811.15881	30487.482
811.37341	30561.465
811.58801	30534.99
811.80255	30556.609
812.01715	30672.336
812.23175	30640.621
812.44635	30732.521
812.66095	30800.277
812.87555	30847.734
813.09015	30820.582
813.30475	30880.844
813.51929	31028.143
813.73389	31055.127
813.94849	31102.564
814.16309	31084.414
814.37769	31280.355
814.59229	31173.809
814.80688	31285.586
815.02148	31433.412
815.23602	31290.049
815.45062	31482.412
815.66522	31630.879
815.87982	31658.674
816.09442	31630.609
816.30902	31732.813
816.52362	31820.926
816.73822	31891.666
816.95282	31870.67
817.16736	31979.514
817.38196	32056.301
817.59656	32116.279
817.81116	32197.738
818.02576	32235.453
818.24036	32461.326
818.45496	32527.809
818.66956	32548.836
818.88409	32667.6
819.09869	32703.029
819.31329	32798.918
819.52789	32799.699
819.74249	32931.508
819.95709	33016.82
820.17169	33010.313
820.38629	33051.234
820.60083	33267.973
820.81543	33342.488
821.03003	33506.988
821.24463	33504.004
821.45923	33426.621
821.67383	33594.879
821.88843	33716.543
822.10303	33729.145
822.31763	33698.93
822.53217	33791.711
822.74677	33993.91
822.96136	34043.898
823.17596	33917.5
823.39056	34028.457
823.60516	34201.559
823.81976	34226.891
824.03436	34244.395
824.2489	34352.887
824.4635	34332.422
824.6781	34364.906
824.8927	34566.93
825.1073	34649.707
825.3219	34626.574
825.5365	34516.855
825.7511	34659.496
825.96564	34853.355
826.18024	34886.102
826.39484	34852.668
826.60944	34911.387
826.82404	34976.316
827.03864	34999.086
827.25323	35037.512
827.46783	35120.578
827.68237	35076.125
827.89697	35223.387
828.11157	35354.902
828.32617	35378.301
828.54077	35576.207
828.75537	35473.82
828.96997	35633.223
829.18457	35758.145
829.39917	35867.324
829.61371	35853.113
829.82831	36093.969
830.04291	35989.375
830.25751	36136.168
830.47211	36129.746
830.68671	36193.156
830.90131	36265.07
831.11591	36301.438
831.33044	36526.531
831.54504	36668.844
831.75964	36616.742
831.97424	36781.508
832.18884	36875.004
832.40344	36959.121
832.61804	36990.746
832.83264	37280.07
833.04718	37248.426
833.26178	37322.16
833.47638	37352.352
833.69098	37576.391
833.90558	37557.234
834.12018	37598.379
834.33478	37629.262
834.54938	37530.07
834.76398	37835.59
834.97852	38027.23
835.19312	37906.629
835.40771	38026.98
835.62231	38160.059
835.83691	38021.008
836.05151	38056.965
836.26611	38113.977
836.48071	38383.355
836.69525	38373.141
836.90985	38375.105
837.12445	38480.277
837.33905	38394.141
837.55365	38609.852
837.76825	38508.211
837.98285	38730.07
838.19745	38732.5
838.41199	38647.586
838.62659	38736.977
838.84119	38870.871
839.05579	39003.238
839.27039	39010.5
839.48499	39000.645
839.69958	39070.797
839.91418	39245.488
840.12878	39246.688
840.34332	39388.559
840.55792	39468.219
840.77252	39521.207
840.98712	39564.359
841.20172	39808.992
841.41632	39840.699
841.63092	39856.078
841.84552	40022.543
842.06006	40166.109
842.27466	40199.816
842.48926	40316.016
842.70386	40373.723
842.91846	40405.074
843.13306	40714.352
843.34766	40590.137
843.56226	40822.727
843.77679	40925.414
843.99139	41017.813
844.20599	41089.266
844.42059	41190.484
844.63519	41209.375
844.84979	41181.184
845.06439	41265.492
845.27899	41570.539
845.49359	41484.727
845.70813	41542
845.92273	41580.348
846.13733	41614.684
846.35193	41721.68
846.56653	41764.715
846.78113	41875.766
846.99573	41997.113
847.21033	41967.563
847.42487	42147.25
847.63947	42152.332
847.85406	42129.723
848.06866	41957.301
848.28326	42196.898
848.49786	42231.785
848.71246	42434.164
848.92706	42358.422
849.1416	42365.934
849.3562	42353.383
849.5708	42330.281
849.7854	42439.664
850	42386.891
850.2146	42582.547
850.4292	42619.539
850.6438	42601.848
850.8584	42596.254
851.07294	42581.086
851.28754	42686.086
851.50214	42659.34
851.71674	42910.699
851.93134	42899.949
852.14594	43085.809
852.36053	43058.813
852.57513	43102.734
852.78967	43302.813
853.00427	43248.699
853.21887	43406.48
853.43347	43259.582
853.64807	43387.777
853.86267	43627.57
854.07727	43844.707
854.29187	43834.188
854.50641	44108.023
854.72101	44176.18
854.93561	44204.43
855.15021	44097.578
855.36481	44274.945
855.57941	44416.742
855.79401	44811.344
856.00861	44905.621
856.22321	45074.941
856.43774	45133.496
856.65234	45116.652
856.86694	45355.973
857.08154	45486.84
857.29614	45574.652
857.51074	45539.531
857.72534	45610.082
857.93994	45795.039
858.15448	45828.898
858.36908	46041.352
858.58368	45885.949
858.79828	46008.027
859.01288	46231.246
859.22748	46035.074
859.44208	46261.707
859.65668	46247.328
859.87122	46306.852
860.08582	46242.844
860.30042	46293.723
860.51501	46427.684
860.72961	46424.047
860.94421	46491.156
861.15881	46465.156
861.37341	46486.719
861.58801	46778.715
861.80255	46522.695
862.01715	46558.793
862.23175	46560.895
862.44635	46566.16
862.66095	46686.539
862.87555	46811.121
863.09015	46815.094
863.30475	46817.766
863.51929	46625.68
863.73389	46928.695
863.94849	46979.191
864.16309	46961.273
864.37769	46935.004
864.59229	47110.285
864.80688	47149.453
865.02148	47238.695
865.23602	47323.418
865.45062	47334.898
865.66522	47441.84
865.87982	47543.082
866.09442	47676.563
866.30902	47627.648
866.52362	47538.84
866.73822	47777.168
866.95282	47825.613
867.16736	47949.488
867.38196	48121.73
867.59656	48149.41
867.81116	48304.215
868.02576	48365.703
868.24036	48385.484
868.45496	48538.145
868.66956	48669.738
868.88409	48839.059
869.09869	48869.68
869.31329	48927.273
869.52789	49060.715
869.74249	48976.637
869.95709	49018.391
870.17169	49119.867
870.38629	49153.168
870.60083	49418.559
870.81543	49353.84
871.03003	49475.227
871.24463	49657.137
871.45923	49567.063
871.67383	49511.137
871.88843	49590.289
872.10303	49614.195
872.31763	49906.938
872.53217	49804.77
872.74677	49661.352
872.96136	49750.23
873.17596	49788.527
873.39056	49914.063
873.60516	49779.109
873.81976	49931.266
874.03436	50058.055
874.2489	50022.832
874.4635	50044.93
874.6781	49980.273
874.8927	50070.344
875.1073	50211.051
875.3219	50192.91
875.5365	50127.91
875.7511	50356.367
875.96564	50493.082
876.18024	50465.414
876.39484	50371.559
876.60944	50330.199
876.82404	50463.316
877.03864	50744.598
877.25323	50661.281
877.46783	50677.992
877.68237	50801.148
877.89697	50926.223
878.11157	50891.918
878.32617	51037.652
878.54077	51170.996
878.75537	51103.191
878.96997	51330.82
879.18457	51514.457
879.39917	51585.52
879.61371	51603.68
879.82831	51557.594
880.04291	51654.055
880.25751	51672.543
880.47211	51730.465
880.68671	51798.324
880.90131	52002.066
881.11591	51919.324
881.33044	52133.086
881.54504	52222.809
881.75964	52256.176
881.97424	52387.813
882.18884	52438.059
882.40344	52581.637
882.61804	52679.281
882.83264	52757.582
883.04718	52735.195
883.26178	52714.891
883.47638	52817.078
883.69098	53015.328
883.90558	52964.059
884.12018	53062.598
884.33478	53113.871
884.54938	53141
884.76398	53125.148
884.97852	53235.438
885.19312	53262.262
885.40771	53369.719
885.62231	53289.641
885.83691	53443.809
886.05151	53638.793
886.26611	53646.477
886.48071	53583.578
886.69525	53597.375
886.90985	53794.777
887.12445	53797.328
887.33905	53825.129
887.55365	53829.938
887.76825	53866.512
887.98285	53882.531
888.19745	54082.625
888.41199	54002.91
888.62659	54022.805
888.84119	54184.945
889.05579	54271.797
889.27039	54188.07
889.48499	54184.188
889.69958	54309.793
889.91418	54265.738
890.12878	54422.289
890.34332	54624.613
890.55792	54694.922
890.77252	54530.703
890.98712	54599.645
891.20172	54761.285
891.41632	54908.086
891.63092	54803.465
891.84552	54863.594
892.06006	55071.77
892.27466	55042.832
892.48926	55240.602
892.70386	55134.207
892.91846	55340.809
893.13306	55387.18
893.34766	55429.797
893.56226	55545.801
893.77679	55676.563
893.99139	55700.348
894.20599	55796.465
894.42059	55938.813
894.63519	55972.949
894.84979	56048.684
895.06439	56065.973
895.27899	56089.184
895.49359	56179.715
895.70813	56242.781
895.92273	56369.828
896.13733	56439.059
896.35193	56519.703
896.56653	56575.219
896.78113	56538.711
896.99573	56527.715
897.21033	56376.059
897.42487	56475.715
897.63947	56501.984
897.85406	56561.789
898.06866	56785.488
898.28326	56899.184
898.49786	56888.238
898.71246	56954.25
898.92706	57010.41
899.1416	57009.023
899.3562	56887.879
899.5708	56845.012
899.7854	56952.758
900	56760.027
900.2146	56815.75
900.4292	56989.301
900.6438	56989.242
900.8584	57056.16
901.07294	57106.477
901.28754	57091.852
901.50214	57100.723
901.71674	57248.516
901.93134	57182.723
902.14594	57125.164
902.36053	57130.563
902.57513	57162.813
902.78967	57149.961
903.00427	57122.895
903.21887	57056.113
903.43347	57164.289
903.64807	57254.543
903.86267	57278.742
904.07727	57317.277
904.29187	57184.344
904.50641	57278.422
904.72101	57288.668
904.93561	57238.684
905.15021	57214.086
905.36481	57255.445
905.57941	57324.535
905.79401	57322.309
906.00861	57379.391
906.22321	57374.418
906.43774	57396.41
906.65234	57448.289
906.86694	57480.039
907.08154	57384.289
907.29614	57430.355
907.51074	57645.207
907.72534	57650.949
907.93994	57617.18
908.15448	57678.02
908.36908	57778.398
908.58368	57778.176
908.79828	57754.172
909.01288	57847.727
909.22748	57892.289
909.44208	58092.738
909.65668	58091.863
909.87122	58041.16
910.08582	58127.703
910.30042	58141.742
910.51501	58200.379
910.72961	58081.297
910.94421	58162.82
911.15881	58251.949
911.37341	58329.469
911.58801	58375.352
911.80255	58403.746
912.01715	58485.961
912.23175	58520.918
912.44635	58356.945
912.66095	58377.922
912.87555	58574.117
913.09015	58630.969
913.30475	58789.582
913.51929	58764.641
913.73389	58697.957
913.94849	58565.996
914.16309	58489.254
914.37769	58628.953
914.59229	58599.535
914.80688	58688.988
915.02148	58680.699
915.23602	58619.031
915.45062	58565.063
915.66522	58512.902
915.87982	58458.977
916.09442	58467.012
916.30902	58521.281
916.52362	58456.563
916.73822	58395.453
916.95282	58433.211
917.16736	58459.234
917.38196	58428
917.59656	58235.094
917.81116	58174.898
918.02576	58199.336
918.24036	58102.809
918.45496	58077.055
918.66956	58115.195
918.88409	58179.867
919.09869	58138.805
919.31329	58022.711
919.52789	57928.957
919.74249	57826.754
919.95709	57858.383
920.17169	57841.809
920.38629	57786.707
920.60083	57819.75
920.81543	57806.258
921.03003	57726.406
921.24463	57717.758
921.45923	57764.617
921.67383	57786.215
921.88843	57698.105
922.10303	57733.918
922.31763	57878.633
922.53217	57843.742
922.74677	57787.996
922.96136	57811.145
923.17596	57891.844
923.39056	57886.258
923.60516	57809.684
923.81976	57774.637
924.03436	57848.512
924.2489	57790.93
924.4635	57618.641
924.6781	57577.656
924.8927	57669.547
925.1073	57711.988
925.3219	57716.262
925.5365	57636.773
925.7511	57707.793
925.96564	57759.531
926.18024	57624.66
926.39484	57625.758
926.60944	57608.902
926.82404	57650.992
927.03864	57692.191
927.25323	57701.465
927.46783	57606.5
927.68237	57579.117
927.89697	57633.039
928.11157	57668.934
928.32617	57576.566
928.54077	57451.719
928.75537	57268.195
928.96997	57265.773
929.18457	57323.375
929.39917	57160.34
929.61371	56970.461
929.82831	56781.637
930.04291	56775.457
930.25751	56661.004
930.47211	56606.684
930.68671	56561.695
930.90131	56477.188
931.11591	56438.16
931.33044	56300.469
931.54504	56241.473
931.75964	56188.984
931.97424	55999.633
932.18884	55624.43
932.40344	55497.41
932.61804	55442.109
932.83264	55284.594
933.04718	55112.348
933.26178	55089.703
933.47638	55170.086
933.69098	55023.559
933.90558	55041.816
934.12018	54808.16
934.33478	54637.094
934.54938	54663.594
934.76398	54688.488
934.97852	54627.344
935.19312	54549.719
935.40771	54216.906
935.62231	54160.852
935.83691	54039.625
936.05151	54085.137
936.26611	54178.109
936.48071	53848.125
936.69525	53682.777
936.90985	53771.383
937.12445	53882.254
937.33905	53870.41
937.55365	53841.059
937.76825	53881.785
937.98285	53677.336
938.19745	53644.375
938.41199	53487.457
938.62659	53569.215
938.84119	53517.043
939.05579	53428.637
939.27039	53436.863
939.48499	53431.344
939.69958	53418.73
939.91418	53304.328
940.12878	53215.227
940.34332	53153.215
940.55792	53061.992
940.77252	53203.363
940.98712	52945.488
941.20172	52795.469
941.41632	52742.586
941.63092	52719.102
941.84552	52665.336
942.06006	52684.73
942.27466	52463.848
942.48926	52321.793
942.70386	52444.688
942.91846	52406.969
943.13306	52479.313
943.34766	52609.492
943.56226	52522.742
943.77679	52470.398
943.99139	52346.391
944.20599	52266.398
944.42059	52045.516
944.63519	52005.836
944.84979	52023.137
945.06439	52037.281
945.27899	52001.172
945.49359	51908.832
945.70813	51932.879
945.92273	51825.441
946.13733	51852.695
946.35193	51658.047
946.56653	51514.723
946.78113	51443.281
946.99573	51343.527
947.21033	51387.57
947.42487	51443.113
947.63947	51229.453
947.85406	50989.195
948.06866	51027.75
948.28326	50960.512
948.49786	50875.508
948.71246	50633.828
948.92706	50849.5
949.1416	50904.734
949.3562	50826.656
949.5708	50907.641
949.7854	50707.289
950	50660.465
950.2146	50492.18
950.4292	50356.695
950.6438	50212.656
950.8584	50205.086
951.07294	50188.777
951.28754	50272.242
951.50214	50379.797
951.71674	50436.734
951.93134	50296.309
952.14594	50110.832
952.36053	50118.816
952.57513	49941.762
952.78967	49695.133
953.00427	49765.461
953.21887	49557.59
953.43347	49579.922
953.64807	49602.82
953.86267	49634.813
954.07727	49428.66
954.29187	49442.633
954.50641	49336.93
954.72101	49284.871
954.93561	49476.309
955.15021	49192.785
955.36481	49156.516
955.57941	49398.684
955.79401	49352.145
956.00861	49220.516
956.22321	49036.965
956.43774	48871.555
956.65234	49104.156
956.86694	48986.984
957.08154	49010.613
957.29614	48937.555
957.51074	48945.105
957.72534	48809.855
957.93994	48786.18
958.15448	48543.77
958.36908	48688.469
958.58368	48561.289
958.79828	48608.148
959.01288	48423.465
959.22748	48315.23
959.44208	48028.637
959.65668	48151.543
959.87122	47980.234
960.08582	47792.598
960.30042	47699.539
960.51501	47714.707
960.72961	47619.828
960.94421	47525.828
961.15881	47486.672
961.37341	47261.855
961.58801	47219.941
961.80255	47128.082
962.01715	46993.813
962.23175	46824.426
962.44635	46744.023
962.66095	46785.934
962.87555	46523.477
963.09015	46489.527
963.30475	46206.898
963.51929	46226.133
963.73389	46268.445
963.94849	45926.289
964.16309	46039.52
964.37769	45782.844
964.59229	45680.188
964.80688	45692.02
965.02148	45473.582
965.23602	45387.598
965.45062	45264.746
965.66522	45169.574
965.87982	45110.93
966.09442	45191.82
966.30902	45158.652
966.52362	44955.223
966.73822	45028.902
966.95282	44915.969
967.16736	44793.359
967.38196	44615.988
967.59656	44701.281
967.81116	44710.391
968.02576	44570.063
968.24036	44403.332
968.45496	44452.148
968.66956	44270.695
968.88409	44314.848
969.09869	44285.773
969.31329	44160.57
969.52789	43972.227
969.74249	43976.773
969.95709	43921.672
970.17169	43873.051
970.38629	43920.105
970.60083	43771.484
970.81543	43555.172
971.03003	43641.938
971.24463	43549.715
971.45923	43480.254
971.67383	43289.516
971.88843	43241.586
972.10303	43155.293
972.31763	43103.047
972.53217	42872.293
972.74677	42742.797
972.96136	42810.574
973.17596	42669.352
973.39056	42539.477
973.60516	42504.344
973.81976	42326.234
974.03436	42126.406
974.2489	41944.137
974.4635	41966.199
974.6781	41904.27
974.8927	41591.809
975.1073	41745.727
975.3219	41526.617
975.5365	41286.117
975.7511	41290.973
975.96564	41164.461
976.18024	41116.289
976.39484	41002.094
976.60944	40786.289
976.82404	40561.586
977.03864	40480.637
977.25323	40406.309
977.46783	40290.105
977.68237	40122.527
977.89697	39994.52
978.11157	39904.395
978.32617	39805.191
978.54077	39641.492
978.75537	39585.988
978.96997	39339.141
979.18457	39227.457
979.39917	39178.098
979.61371	39053.789
979.82831	38868.645
980.04291	38899.051
980.25751	38732.828
980.47211	38506.336
980.68671	38439.676
980.90131	38297.625
981.11591	38137.789
981.33044	38079.898
981.54504	38046.816
981.75964	37887.688
981.97424	37717.148
982.18884	37467.094
982.40344	37362.043
982.61804	37295.305
982.83264	37254.973
983.04718	37204.609
983.26178	36937.48
983.47638	36837.68
983.69098	36862.07
983.90558	36719.09
984.12018	36534.055
984.33478	36321.527
984.54938	36273.652
984.76398	36275.551
984.97852	36188.594
985.19312	35995.25
985.40771	35881.637
985.62231	35903.504
985.83691	35701.66
986.05151	35485.23
986.26611	35376.438
986.48071	35324.797
986.69525	35165.844
986.90985	34970.184
987.12445	34916.227
987.33905	34796.09
987.55365	34606.582
987.76825	34425.953
987.98285	34331.676
988.19745	34183.84
988.41199	34124.379
988.62659	34034.332
988.84119	33957.879
989.05579	33761.469
989.27039	33567.906
989.48499	33582.184
989.69958	33419.344
989.91418	33198.199
990.12878	33071.555
990.34332	32952.543
990.55792	32781.777
990.77252	32587.857
990.98712	32441.264
991.20172	32317.557
991.41632	32116.732
991.63092	32017.859
991.84552	31836.854
992.06006	31654.912
992.27466	31620.344
992.48926	31517.193
992.70386	31343.039
992.91846	31259.775
993.13306	31005.971
993.34766	30894.381
993.56226	30787.734
993.77679	30723.479
993.99139	30549.561
994.20599	30383.629
994.42059	30258.83
994.63519	30094.307
994.84979	29958.041
995.06439	29703.443
995.27899	29694.031
995.49359	29554.408
995.70813	29446.57
995.92273	29366.254
996.13733	29172.455
996.35193	29028.787
996.56653	29046.373
996.78113	28892.248
996.99573	28799.137
997.21033	28640.635
997.42487	28484.938
997.63947	28372.951
997.85406	28284.979
998.06866	28191.961
998.28326	28111.158
998.49786	27903.553
998.71246	27715.221
998.92706	27649.121
999.1416	27629.188
999.3562	27550.52
999.5708	27409.787
999.7854	27233.293
1000	27005.961
