700	2.4036608
700.41083	-1.4154837
700.82166	-3.5172322
701.23248	-3.4095707
701.64331	-1.8803837
702.05414	-0.11700256
702.46497	0.99602675
702.87579	0.9562338
703.28662	-0.38417369
703.69745	-2.5936625
704.10828	-4.6018457
704.5191	-5.2799983
704.92993	-4.2741876
705.34076	-2.2851224
705.75159	-0.51680952
706.16241	0.20765394
706.57324	-0.059460122
706.98407	-0.58097535
707.3949	-0.54562664
707.80573	0.38132462
708.21655	2.0017457
708.62738	3.9363692
709.03821	5.8657413
709.44904	7.4386601
709.85986	8.1323786
710.27069	7.4681849
710.68152	5.5186157
711.09229	3.116262
711.50311	1.4830619
711.91394	1.6188663
712.32477	3.7954726
712.7356	7.3568459
713.14642	10.899388
713.55725	12.876345
713.96808	12.461217
714.37891	10.085686
714.78973	7.0936937
715.20056	4.7791681
715.61139	3.5789497
716.02222	3.0227549
716.43304	2.3617976
716.84387	1.2980438
717.2547	0.23328891
717.66553	-0.091730736
718.07635	0.71942693
718.48718	2.3505213
718.89801	4.1093965
719.30884	5.6357284
719.71967	7.1646371
720.13049	9.0390873
720.54132	11.021707
720.95215	12.274865
721.36298	12.068867
721.7738	10.429805
722.18463	8.0720329
722.59546	5.8433437
723.00629	4.3225541
723.41711	3.8444963
723.82794	4.530725
724.23877	6.0247645
724.6496	7.3076706
725.06042	7.2217822
725.47125	5.5772223
725.88208	3.7412364
726.29291	3.7275846
726.70374	6.3588333
727.11456	10.299378
727.52539	13.130436
727.93622	13.511153
728.34705	12.245774
728.75787	11.25865
729.1687	11.677687
729.57953	12.993536
729.99036	13.895013
730.40118	13.593082
730.81201	12.302057
731.22284	10.730445
731.63367	9.3792953
732.04449	8.3921976
732.45532	7.9094782
732.86609	8.3787851
733.27692	10.396329
733.68774	14.041127
734.09857	18.260612
734.5094	21.116848
734.92023	21.038237
735.33105	18.182301
735.74188	14.561902
736.15271	12.508922
736.56354	12.763166
736.97437	13.949347
737.38519	13.895036
737.79602	11.535102
738.20685	7.6984987
738.61768	4.3011303
739.0285	2.9172573
739.43933	3.8900602
739.85016	6.4191022
740.26099	9.2647724
740.67181	11.467726
741.08264	12.715605
741.49347	13.252732
741.9043	13.473721
742.31512	13.554107
742.72595	13.369776
743.13678	12.724788
743.54761	11.678882
743.95844	10.690344
744.36926	10.426305
744.78009	11.2981
745.19092	13.004905
745.60175	14.53745
746.01257	14.80645
746.4234	13.483374
746.83423	11.364349
747.24506	9.889761
747.65588	10.139671
748.06671	12.043593
748.47754	14.327893
748.88837	15.281837
749.29919	13.954748
749.71002	10.981737
750.12085	8.3185253
750.53168	7.9189267
750.9425	10.347478
751.35333	14.523396
751.76416	18.695211
752.17499	21.607525
752.58582	22.916363
752.99664	22.870934
753.40747	21.952463
753.8183	20.828238
754.22913	20.299072
754.63989	21.005604
755.05072	23.021973
755.46155	25.624401
755.87238	27.5261
756.2832	27.595678
756.69403	25.678543
757.10486	22.854456
757.51569	20.588404
757.92651	19.373693
758.33734	18.311398
758.74817	16.232912
759.159	13.28216
759.56982	11.182651
759.98065	11.692888
760.39148	14.802649
760.80231	18.49831
761.21313	20.351082
761.62396	19.514454
762.03479	17.405685
762.44562	16.541887
762.85645	18.534983
763.26727	22.827913
763.6781	27.140381
764.08893	29.192638
764.49976	28.258621
764.91058	25.390732
765.32141	22.408432
765.73224	20.665304
766.14307	20.459599
766.55389	21.19072
766.96472	21.904202
767.37555	21.920523
767.78638	21.312586
768.1972	20.888716
768.60803	21.544542
769.01886	23.450304
769.42969	25.825056
769.84052	27.540827
770.25134	27.949926
770.66217	27.158466
771.073	25.713917
771.48383	24.283779
771.89465	23.613062
772.30548	24.426029
772.71631	26.941092
773.12714	30.368185
773.53796	33.140598
773.94879	33.946182
774.35962	32.645641
774.77045	30.184893
775.18127	27.695372
775.5921	25.826334
776.00293	24.906858
776.4137	25.354113
776.82452	27.413395
777.23535	30.40905
777.64618	32.707535
778.05701	32.958317
778.46783	31.480892
778.87866	30.092751
779.28949	30.274742
779.70032	31.647102
780.11115	32.483791
780.52197	31.661491
780.9328	29.817533
781.34363	28.518993
781.75446	28.568449
782.16528	29.39147
782.57611	29.915102
782.98694	29.737528
783.39777	29.380951
783.80859	29.636082
784.21942	30.802832
784.63025	32.482361
785.04108	33.936863
785.4519	34.677246
785.86273	34.767998
786.27356	34.562321
786.68439	34.175163
787.09521	33.406071
787.50604	32.261158
787.91687	31.352228
788.3277	31.38739
788.73853	32.182472
789.14935	32.492668
789.56018	31.12133
789.97101	28.204748
790.38184	25.433966
790.79266	25.347467
791.20349	30.830826
791.61432	45.040283
792.02515	70.622833
792.43597	107.68033
792.8468	152.03755
793.25763	196.1077
793.66846	232.53102
794.07928	257.84283
794.49011	273.17575
794.90094	281.8793
795.31177	286.71472
795.7226	289.00098
796.13342	289.57581
796.54425	289.73254
796.95508	290.97852
797.36591	294.16388
797.77673	299.0614
798.1875	304.62341
798.59833	309.50473
799.00916	312.60281
799.41998	313.61047
799.83081	313.3407
800.24164	313.34384
800.65247	314.80801
801.06329	317.68774
801.47412	320.95828
801.88495	323.73358
802.29578	326.06281
802.7066	328.60342
803.11743	331.5932
803.52826	334.35455
803.93909	335.9053
804.34991	336.08414
804.76074	336.06232
805.17157	337.63187
805.5824	341.77231
805.99323	347.77942
806.40405	353.70798
806.81488	357.73459
807.22571	359.24576
807.63654	358.86292
808.04736	357.73853
808.45819	356.95963
808.86902	357.33685
809.27985	359.33997
809.69067	362.92709
810.1015	367.45428
810.51233	371.93158
810.92316	375.52298
811.33398	377.95166
811.74481	379.5769
812.15564	381.07874
812.56647	382.96515
812.97729	385.26221
813.38812	387.65176
813.79895	389.87482
814.20978	391.9494
814.62061	394.06451
815.03143	396.48123
815.44226	399.63968
815.85309	404.09726
816.26392	409.90433
816.67474	415.95639
817.08557	420.29932
817.4964	421.52496
817.90723	420.14252
818.31805	418.5751
818.72888	419.64673
819.13971	424.75043
819.55054	432.96597
819.9613	441.67789
820.37213	448.25095
820.78296	451.61224
821.19379	452.70267
821.60461	453.5527
822.01544	455.74976
822.42627	459.53085
822.8371	464.00125
823.24792	468.03424
823.65875	471.07947
824.06958	473.40146
824.48041	475.73312
824.89124	478.61584
825.30206	481.90036
825.71289	484.95474
826.12372	487.51468
826.53455	490.31714
826.94537	494.63394
827.3562	501.00122
827.76703	508.54199
828.17786	515.73596
828.58868	521.80072
828.99951	527.14362
829.41034	532.51318
829.82117	538.06799
830.23199	543.46051
830.64282	548.55505
831.05365	553.62531
831.46448	558.76685
831.87531	563.49487
832.28613	567.28625
832.69696	570.50665
833.10779	574.54547
833.51862	580.77045
833.92944	589.24701
834.34027	598.50305
834.7511	606.55249
835.16193	612.28839
835.57275	616.17938
835.98358	619.87555
836.39441	625.17261
836.80524	633.02576
837.21606	642.99799
837.62689	653.40277
838.03772	662.18311
838.44855	668.09473
838.85938	671.43732
839.2702	673.7843
839.68103	676.91113
840.09186	681.86615
840.50269	688.76215
840.91351	697.03406
841.32434	705.7373
841.73511	713.83032
842.14594	720.60193
842.55676	726.13727
842.96759	731.25635
843.37842	736.79626
843.78925	742.93689
844.20007	749.20355
844.6109	754.99268
845.02173	759.99036
845.43256	764.19873
845.84338	767.93048
846.25421	771.95691
846.66504	777.35876
847.07587	784.79626
847.48669	793.77667
847.89752	802.82092
848.30835	810.5661
848.71918	816.78662
849.13	822.37079
849.54083	828.39221
849.95166	835.23102
850.36249	842.49121
850.77332	849.63611
851.18414	856.6759
851.59497	864.1828
852.0058	872.53064
852.41663	881.09479
852.82745	888.4035
853.23828	893.35815
853.64911	896.41943
854.05994	899.48676
854.47076	904.51416
854.88159	912.17169
855.29242	921.6626
855.70325	931.54504
856.11407	940.67377
856.5249	948.65057
856.93573	955.83575
857.34656	963.09796
857.75739	971.33337
858.16821	980.94891
858.57904	991.65271
858.98987	1002.6597
859.4007	1013.1151
859.81152	1022.3599
860.22235	1029.98
860.63318	1035.8835
861.04401	1040.4532
861.45483	1044.605
861.86566	1049.5652
862.27649	1056.2682
862.68732	1064.7206
863.09814	1073.8696
863.50891	1082.2537
863.91974	1089.1124
864.33057	1095.004
864.74139	1101.2657
865.15222	1108.851
865.56305	1117.6594
865.97388	1126.9108
866.3847	1135.9479
866.79553	1144.5564
867.20636	1152.7523
867.61719	1160.6162
868.02802	1168.3658
868.43884	1176.3657
868.84967	1184.8499
869.2605	1193.734
869.67133	1202.8236
870.08215	1212.0944
870.49298	1221.6113
870.90381	1231.2312
871.31464	1240.5817
871.72546	1249.4659
872.13629	1258.1257
872.54712	1266.9666
872.95795	1276.0875
873.36877	1285.2227
873.7796	1294.1534
874.19043	1303.0295
874.60126	1312.1285
875.01208	1321.4534
875.42291	1330.8105
875.83374	1340.3479
876.24457	1350.7386
876.6554	1362.4807
877.06622	1374.9785
877.47705	1386.6903
877.88788	1396.4429
878.29871	1404.5525
878.70953	1412.4346
879.12036	1421.1323
879.53119	1430.515
879.94202	1440.0161
880.35284	1449.7527
880.76367	1460.4974
881.1745	1472.4823
881.58533	1484.6136
881.99615	1495.2864
882.40698	1504.0189
882.81781	1512.1229
883.22864	1521.6919
883.63947	1533.8535
884.05029	1547.9066
884.46112	1561.968
884.87195	1574.3679
885.28271	1584.6594
885.69354	1593.6655
886.10437	1602.7107
886.5152	1612.7241
886.92603	1623.7598
887.33685	1635.1383
887.74768	1646.0227
888.15851	1656.0242
888.56934	1665.5309
888.98016	1675.6488
889.39099	1687.6687
889.80182	1702.2601
890.21265	1718.941
890.62347	1736.4381
891.0343	1753.8391
891.44513	1771.5232
891.85596	1790.9226
892.26678	1813.4376
892.67761	1839.7369
893.08844	1870.1337
893.49927	1905.3361
893.9101	1946.4927
894.32092	1994.4355
894.73175	2049.0305
895.14258	2109.2085
895.55341	2173.3787
895.96423	2239.7449
896.37506	2306.5789
896.78589	2372.6653
897.19672	2437.6055
897.60754	2501.3945
898.01837	2563.4792
898.4292	2622.335
898.84003	2676.2502
899.25085	2724.7141
899.66168	2769.0393
900.07251	2811.5725
900.48334	2854.2126
900.89417	2897.4399
901.30499	2940.4492
901.71582	2981.947
902.12665	3020.8879
902.53748	3056.7715
902.9483	3089.5969
903.35913	3119.7761
903.76996	3148.1497
904.18079	3175.9351
904.59161	3204.377
905.00244	3234.0205
905.41327	3264.0432
905.8241	3292.3857
906.23492	3316.9893
906.64575	3337.3718
907.05652	3355.1787
907.46735	3372.9602
907.87817	3392.1521
908.289	3412.1785
908.69983	3431.5911
909.11066	3449.9985
909.52148	3468.6885
909.93231	3489.2393
910.34314	3511.6936
910.75397	3534.3616
911.16479	3555.4958
911.57562	3575.0444
911.98645	3594.696
912.39728	3616.2234
912.80811	3639.7927
913.21893	3663.7146
913.62976	3685.6384
914.04059	3704.0703
914.45142	3719.1694
914.86224	3732.5295
915.27307	3746.2998
915.6839	3762.1218
916.09473	3780.3435
916.50555	3799.8967
916.91638	3818.9324
917.32721	3835.8611
917.73804	3850.2471
918.14886	3863.1196
918.55969	3876.551
918.97052	3892.6052
919.38135	3912.0552
919.79218	3933.6995
920.203	3955.0471
920.61383	3974.1182
921.02466	3990.9788
921.43549	4007.6555
921.84631	4026.4304
922.25714	4048.0564
922.66797	4071.3867
923.0788	4094.4358
923.48962	4115.7485
923.90045	4135.0654
924.31128	4153.168
924.72211	4171.4287
925.13293	4191.2471
925.54376	4213.3301
925.95459	4237.1289
926.36542	4261.0049
926.77625	4283.1987
927.18707	4302.8555
927.5979	4320.1987
928.00873	4335.939
928.41956	4350.7622
928.83038	4365.3511
929.24115	4380.4937
929.65198	4396.7339
930.06281	4413.834
930.47363	4430.8105
930.88446	4446.7549
931.29529	4461.748
931.70612	4476.98
932.11694	4493.918
932.52777	4513.1958
932.9386	4534.1201
933.34943	4555.2441
933.76025	4575.5439
934.17108	4595.1416
934.58191	4614.9453
934.99274	4635.5732
935.40356	4656.6392
935.81439	4677.0317
936.22522	4695.7988
936.63605	4712.8525
937.04688	4729.0537
937.4577	4745.7231
937.86853	4763.8589
938.27936	4783.4839
938.69019	4803.6309
939.10101	4823.1953
939.51184	4842.0586
939.92267	4861.3789
940.3335	4882.6309
940.74432	4906.2012
941.15515	4930.8794
941.56598	4954.7402
941.97681	4976.5581
942.38763	4996.4678
942.79846	5015.5537
943.20929	5035.0371
943.62012	5055.8872
944.03094	5078.8218
944.44177	5104.063
944.8526	5130.8032
945.26343	5157.1895
945.67426	5181.3569
946.08508	5202.8945
946.49591	5223.3003
946.90674	5244.8418
947.31757	5268.9189
947.72839	5295.373
948.13922	5323.0029
948.55005	5350.4575
948.96088	5376.7056
949.3717	5401.2539
949.78253	5424.4785
950.19336	5447.6934
950.60419	5472.4038
951.01495	5499.127
951.42578	5526.9399
951.83661	5554.4175
952.24744	5581.0435
952.65826	5607.6045
953.06909	5635.2246
953.47992	5664.2012
953.89075	5693.8628
954.30157	5723.4292
954.7124	5752.7993
955.12323	5782.5156
955.53406	5813.1172
955.94489	5844.6621
956.35571	5876.7686
956.76654	5908.9707
957.17737	5940.9629
957.5882	5972.5762
957.99902	6003.6479
958.40985	6033.9951
958.82068	6063.4956
959.23151	6092.2256
959.64233	6120.4888
960.05316	6148.6919
960.46399	6177.0503
960.87482	6205.3604
961.28564	6233.209
961.69647	6260.6592
962.1073	6288.7295
962.51813	6318.8193
962.92896	6351.2822
963.33978	6384.625
963.75061	6416.5757
964.16144	6446.3135
964.57227	6475.5156
964.98309	6506.8564
965.39392	6541.3428
965.80475	6577.2573
966.21558	6611.8623
966.6264	6644.0488
967.03723	6675.125
967.44806	6707.1265
967.85889	6740.6865
968.26971	6774.7095
968.68054	6807.8442
969.09137	6839.7383
969.5022	6870.7197
969.91302	6900.7974
970.32385	6929.624
970.73468	6957.5562
971.14551	6986.1665
971.55634	7017.0649
971.96716	7050.1572
972.37799	7083.4736
972.78876	7114.9985
973.19958	7144.5991
973.61041	7173.9678
974.02124	7204.7466
974.43207	7236.9224
974.8429	7269.0361
975.25372	7299.6475
975.66455	7328.481
976.07538	7356.3574
976.48621	7384.3647
976.89703	7413.0625
977.30786	7442.1587
977.71869	7470.7642
978.12952	7498.1299
978.54034	7524.2983
978.95117	7550.021
979.362	7575.8906
979.77283	7601.6528
980.18365	7626.5239
980.59448	7650.1313
981.00531	7672.8125
981.41614	7694.8872
981.82697	7715.9521
982.23779	7735.3701
982.64862	7753.5381
983.05945	7772.3315
983.47028	7793.7759
983.8811	7818.0195
984.29193	7842.6602
984.70276	7864.3604
985.11359	7881.4512
985.52441	7895.2705
985.93524	7909.0537
986.34607	7925.4844
986.7569	7945.0801
987.16772	7966.502
987.57855	7988.0015
987.98938	8008.5327
988.40021	8027.8779
988.81104	8046.4058
989.22186	8065.0054
989.63269	8084.9878
990.04352	8107.5405
990.45435	8132.8779
990.86517	8159.7695
991.276	8186.0674
991.68683	8210.0762
992.09766	8231.8584
992.50848	8253.3867
992.91931	8277.1123
993.33014	8303.8818
993.74097	8332.0342
994.15179	8358.667
994.56256	8381.9961
994.97339	8402.6914
995.38422	8423.1484
995.79504	8445.5752
996.20587	8470.6807
996.6167	8497.7334
997.02753	8525.5352
997.43835	8553.4072
997.84918	8581.5313
998.26001	8610.4541
998.67084	8640.2705
999.08167	8670.2432
999.49249	8699.335
999.90332	8727.1602
1000.3141	8754.3828
1000.725	8782.1729
1001.1358	8811.2842
1001.5466	8841.5518
1001.9575	8872.0078
1002.3683	8901.3965
1002.7791	8928.9229
1003.1899	8955.0117
1003.6008	8981.5928
1004.0116	9011.2568
1004.4224	9045.415
1004.8333	9082.8213
1005.2441	9119.957
1005.6549	9153.333
1006.0657	9182.0371
1006.4766	9208.3281
1006.8874	9235.7598
1007.2982	9266.4463
1007.709	9299.7705
1008.1199	9333.3877
1008.5307	9365.3867
1008.9415	9395.5918
1009.3524	9425.0889
1009.7632	9454.7588
1010.174	9484.3564
1010.5848	9512.9688
1010.9957	9540.3066
1011.4065	9567.4229
1011.8173	9596.0352
1012.2281	9626.9844
1012.639	9659.4072
1013.0498	9691.5967
1013.4606	9722.8047
1013.8715	9753.9941
1014.2823	9786.6152
1014.6931	9820.6416
1015.1039	9854.1387
1015.5148	9884.9355
1015.9256	9912.6055
1016.3364	9938.6465
1016.7472	9964.9268
1017.158	9992.1631
1017.5688	10019.84
1017.9797	10047.079
1018.3905	10073.381
1018.8013	10098.833
1019.2122	10124.164
1019.623	10150.484
1020.0338	10178.518
1020.4446	10207.662
1020.8555	10236.007
1021.2663	10261.726
1021.6771	10284.733
1022.088	10306.894
1022.4988	10330.581
1022.9096	10356.862
1023.3204	10384.887
1023.7313	10412.739
1024.1421	10438.858
1024.553	10463.001
1024.9637	10486.393
1025.3746	10510.978
1025.7854	10538.236
1026.1963	10568.263
1026.6071	10599.821
1027.0178	10631.398
1027.4287	10662.333
1027.8395	10692.973
1028.2504	10723.955
1028.6611	10755.459
1029.072	10787.176
1029.4828	10818.854
1029.8937	10850.66
1030.3044	10882.978
1030.7153	10915.909
1031.1261	10948.879
1031.537	10980.815
1031.9478	11011.014
1032.3586	11040.105
1032.7694	11070.061
1033.1803	11102.658
1033.5911	11137.432
1034.002	11171.414
1034.4127	11201.457
1034.8236	11227.076
1035.2344	11250.842
1035.6453	11275.79
1036.056	11302.642
1036.4669	11329.844
1036.8777	11355.95
1037.2886	11381.323
1037.6993	11407.374
1038.1102	11434.723
1038.521	11462.723
1038.9319	11490.754
1039.3427	11519.318
1039.7535	11549.645
1040.1643	11582.57
1040.5752	11618.044
1040.986	11655.322
1041.3969	11693.121
1041.8076	11729.64
1042.2185	11763.402
1042.6293	11794.709
1043.0402	11825.958
1043.4509	11859.797
1043.8618	11896.559
1044.2726	11933.699
1044.6835	11967.998
1045.0942	11998.178
1045.5051	12025.554
1045.9159	12052.717
1046.3268	12082.021
1046.7375	12114.889
1047.1484	12151.377
1047.5592	12189.619
1047.9701	12226.15
1048.3809	12257.852
1048.7916	12284.326
1049.2025	12308.396
1049.6133	12333.949
1050.0242	12363.054
1050.4349	12394.957
1050.8458	12427.479
1051.2566	12459.065
1051.6675	12489.573
1052.0782	12519.59
1052.4891	12549.565
1052.8999	12579.775
1053.3108	12610.883
1053.7216	12644.16
1054.1324	12680.786
1054.5432	12720.718
1054.9541	12762.172
1055.3649	12802.402
1055.7758	12839.411
1056.1865	12873.294
1056.5974	12906.11
1057.0082	12940.31
1057.4191	12976.889
1057.8298	13014.82
1058.2407	13052.256
1058.6515	13088.417
1059.0624	13124.496
1059.4731	13162.641
1059.884	13203.893
1060.2948	13247.083
1060.7057	13289.792
1061.1165	13330.503
1061.5273	13369.871
1061.9381	13409.864
1062.349	13451.655
1062.7598	13494.36
1063.1707	13535.69
1063.5814	13573.826
1063.9923	13608.802
1064.4031	13642.436
1064.814	13677.063
1065.2247	13714.013
1065.6356	13752.728
1066.0464	13791.158
1066.4573	13827.246
1066.868	13860.493
1067.2789	13892.229
1067.6897	13924.349
1068.1006	13957.843
1068.5114	13992.592
1068.9222	14028.217
1069.333	14064.678
1069.7439	14101.869
1070.1547	14139.093
1070.5654	14175.45
1070.9763	14210.789
1071.3871	14245.979
1071.798	14282.127
1072.2087	14319.638
1072.6196	14358.172
1073.0304	14397.395
1073.4413	14437.427
1073.8521	14478.414
1074.2629	14519.94
1074.6737	14561.375
1075.0846	14602.981
1075.4954	14646.236
1075.9063	14692.299
1076.317	14740.057
1076.7279	14786.392
1077.1387	14829.051
1077.5496	14869.169
1077.9603	14910.342
1078.3712	14954.96
1078.782	15001.762
1079.1929	15047.165
1079.6036	15088.721
1080.0145	15126.974
1080.4253	15164.331
1080.8362	15202.773
1081.2469	15242.781
1081.6578	15283.934
1082.0686	15325.933
1082.4795	15368.923
1082.8903	15413.197
1083.3011	15458.782
1083.7119	15505.264
1084.1228	15551.944
1084.5336	15598.188
1084.9445	15643.734
1085.3552	15688.764
1085.7661	15733.6
1086.1769	15778.472
1086.5878	15823.625
1086.9985	15869.567
1087.4094	15916.953
1087.8202	15965.865
1088.2311	16015.17
1088.6418	16062.97
1089.0527	16108.115
1089.4635	16151.47
1089.8744	16195.343
1090.2852	16241.291
1090.696	16288.378
1091.1068	16333.879
1091.5177	16375.925
1091.9285	16415.473
1092.3392	16455.547
1092.7501	16498.559
1093.1609	16544.432
1093.5718	16591.205
1093.9825	16637.08
1094.3934	16681.701
1094.8042	16725.584
1095.2151	16768.795
1095.6259	16810.529
1096.0367	16850.029
1096.4475	16887.695
1096.8584	16925.037
1097.2692	16963.346
1097.6801	17002.408
1098.0908	17040.695
1098.5017	17077.016
1098.9125	17111.994
1099.3234	17147.74
1099.7341	17185.898
1100.145	17225.988
1100.5558	17265.711
1100.9667	17303.012
1101.3774	17337.91
1101.7883	17372.592
1102.1991	17409.793
1102.61	17450.889
1103.0208	17495.014
1103.4316	17539.781
1103.8424	17583.002
1104.2533	17624.248
1104.6641	17664.967
1105.075	17707.086
1105.4857	17751.389
1105.8966	17797.184
1106.3074	17843.385
1106.7183	17889.506
1107.129	17935.412
1107.5399	17980.551
1107.9507	18024.107
1108.3616	18066.107
1108.7723	18107.715
1109.1832	18149.77
1109.594	18191.125
1110.0049	18229.252
1110.4156	18263.004
1110.8265	18294.594
1111.2373	18328.119
1111.6482	18365.818
1112.059	18405.902
1112.4698	18444.266
1112.8806	18478.301
1113.2915	18509
1113.7023	18539.609
1114.113	18572.596
1114.5239	18607.826
1114.9347	18643.129
1115.3456	18676.172
1115.7563	18706.201
1116.1672	18734.684
1116.578	18764.648
1116.9889	18798.949
1117.3997	18838.566
1117.8105	18882.211
1118.2213	18927.502
1118.6322	18972.48
1119.043	19016.348
1119.4539	19059.445
1119.8646	19103.059
1120.2755	19148.738
1120.6863	19196.814
1121.0972	19245.105
1121.5079	19289.902
1121.9188	19329.176
1122.3296	19365.424
1122.7405	19405.059
1123.1512	19454.496
1123.5621	19515.553
1123.9729	19583.146
1124.3838	19647.029
1124.7946	19697.697
1125.2054	19733.484
1125.6162	19763.277
1126.0271	19800.502
1126.4379	19852.043
1126.8488	19912
1127.2595	19966.822
1127.6704	20006.83
1128.0812	20032.637
1128.4921	20051.16
1128.9028	20067.801
1129.3137	20083.916
1129.7245	20100.475
1130.1354	20120.645
1130.5461	20146.709
1130.957	20175.264
1131.3678	20197.945
1131.7787	20208.123
1132.1895	20206.408
1132.6003	20198.479
1133.0111	20187.412
1133.422	20169.291
1133.8328	20137.908
1134.2437	20094.178
1134.6544	20050.418
1135.0653	20024.027
1135.4761	20025.842
1135.887	20053.424
1136.2977	20094.309
1136.7085	20134.689
1137.1194	20166.107
1137.5302	20186.744
1137.941	20199.602
1138.3518	20210.232
1138.7627	20224.455
1139.1735	20245.641
1139.5844	20273.029
1139.9951	20302.582
1140.406	20330.369
1140.8168	20355.939
1141.2277	20383.279
1141.6384	20418.551
1142.0493	20465.846
1142.4601	20523.367
1142.871	20583.063
1143.2817	20634.906
1143.6926	20673.781
1144.1034	20703.654
1144.5143	20735.275
1144.925	20778.523
1145.3359	20835.525
1145.7467	20899.924
1146.1576	20962.703
1146.5684	21019.342
1146.9792	21072.678
1147.39	21129.4
1147.8009	21193.443
1148.2117	21261.658
1148.6226	21325.607
1149.0333	21378.223
1149.4442	21420.031
1149.855	21459.127
1150.2659	21504.572
1150.6766	21558.695
1151.0875	21615.389
1151.4983	21665.805
1151.9092	21706.082
1152.3199	21740.025
1152.7308	21775.34
1153.1416	21817.662
1153.5525	21867.803
1153.9633	21922.955
1154.3741	21979.328
1154.7849	22033.887
1155.1958	22085.268
1155.6066	22134.07
1156.0175	22182.279
1156.4282	22231.455
1156.8391	22281.166
1157.2499	22329.389
1157.6608	22374.795
1158.0715	22418.484
1158.4823	22463.451
1158.8932	22512.037
1159.304	22563.854
1159.7148	22616.033
1160.1256	22665.756
1160.5365	22712.598
1160.9473	22758.598
1161.3582	22805.688
1161.7689	22853.225
1162.1798	22898.379
1162.5906	22939.334
1163.0015	22977.758
1163.4122	23017.914
1163.8231	23062.871
1164.2339	23111.697
1164.6448	23160.232
1165.0555	23204.557
1165.4664	23243.76
1165.8772	23280.004
1166.2881	23316.162
1166.6989	23353.572
1167.1097	23391.514
1167.5205	23428.486
1167.9314	23463.799
1168.3422	23498.213
1168.7531	23533.029
1169.1638	23568.672
1169.5747	23603.885
1169.9855	23636.658
1170.3964	23666.121
1170.8071	23693.865
1171.218	23723.068
1171.6288	23756.107
1172.0397	23792.678
1172.4504	23830.375
1172.8613	23866.729
1173.2721	23900.738
1173.683	23932.766
1174.0938	23964.072
1174.5046	23996.893
1174.9154	24034.24
1175.3263	24077.959
1175.7371	24126.395
1176.1479	24174.359
1176.5587	24216.547
1176.9696	24251.137
1177.3804	24280.209
1177.7913	24307.027
1178.202	24333.727
1178.6129	24361.354
1179.0237	24391.145
1179.4346	24424.445
1179.8453	24461.475
1180.2561	24500.605
1180.667	24539.156
1181.0778	24574.848
1181.4886	24607.154
1181.8994	24637.752
1182.3103	24669.846
1182.7211	24705.791
1183.132	24744.584
1183.5427	24782.082
1183.9536	24814.818
1184.3644	24843.813
1184.7753	24874.17
1185.186	24910.199
1185.5969	24951.307
1186.0077	24992.885
1186.4186	25030.92
1186.8293	25065.041
1187.2402	25097.447
1187.651	25129.756
1188.0619	25161.785
1188.4727	25192.877
1188.8835	25223.566
1189.2943	25255.295
1189.7052	25288.877
1190.116	25323.49
1190.5269	25357.588
1190.9376	25390.563
1191.3485	25423.461
1191.7593	25457.775
1192.1702	25493.869
1192.5809	25530.699
1192.9918	25567.436
1193.4026	25604.703
1193.8135	25643.859
1194.2242	25684.895
1194.6351	25725.803
1195.0459	25764.338
1195.4568	25800.59
1195.8676	25837.422
1196.2784	25878.537
1196.6892	25925.801
1197.1001	25977.977
1197.5109	26031.32
1197.9218	26081.717
1198.3325	26126.889
1198.7434	26167.604
1199.1542	26206.738
1199.5651	26247.127
1199.9758	26289.869
1200.3867	26334.521
1200.7975	26380.258
1201.2084	26426.689
1201.6191	26473.381
1202.0299	26519.273
1202.4408	26563.055
1202.8516	26604.305
1203.2625	26643.703
1203.6732	26681.703
1204.0841	26716.965
1204.4949	26747.15
1204.9058	26771.961
1205.3165	26795.262
1205.7274	26823.021
1206.1382	26858.555
1206.5491	26899.605
1206.9598	26940.623
1207.3707	26977.844
1207.7815	27012.191
1208.1924	27047.428
1208.6031	27086.139
1209.014	27127.305
1209.4248	27167.453
1209.8357	27203.627
1210.2465	27235.635
1210.6573	27266.068
1211.0681	27298.5
1211.479	27334.959
1211.8898	27374.674
1212.3007	27414.664
1212.7114	27451.932
1213.1223	27485.41
1213.5331	27516.371
1213.944	27547.275
1214.3547	27580.582
1214.7656	27617.988
1215.1764	27659.893
1215.5873	27704.543
1215.998	27747.941
1216.4089	27785.783
1216.8197	27816.91
1217.2306	27845.043
1217.6414	27876.613
1218.0522	27915.68
1218.463	27960.563
1218.8739	28005.314
1219.2847	28044.777
1219.6956	28078.322
1220.1063	28109.219
1220.5172	28140.742
1220.928	28173.445
1221.3389	28205.846
1221.7496	28237.121
1222.1605	28268.383
1222.5713	28301.369
1222.9822	28336.271
1223.3929	28371.477
1223.8037	28405.445
1224.2146	28438.691
1224.6254	28473.316
1225.0363	28510.303
1225.447	28547.258
1225.8579	28579.602
1226.2687	28604.77
1226.6796	28625.543
1227.0903	28648.557
1227.5012	28678.793
1227.912	28715.031
1228.3229	28750.98
1228.7336	28781.043
1229.1445	28805.281
1229.5553	28828.998
1229.9662	28857.955
1230.377	28893.896
1230.7878	28934.188
1231.1986	28974.975
1231.6095	29014.473
1232.0203	29053.672
1232.4312	29094.613
1232.8419	29138.15
1233.2528	29183.172
1233.6636	29227.529
1234.0745	29269.814
1234.4852	29310.5
1234.8961	29351.512
1235.3069	29394.508
1235.7178	29439.445
1236.1285	29484.84
1236.5394	29529.521
1236.9502	29573.791
1237.3611	29618.563
1237.7719	29663.584
1238.1827	29707.305
1238.5935	29748.885
1239.0044	29789.914
1239.4152	29833.311
1239.826	29880.352
1240.2368	29929.201
1240.6477	29976.539
1241.0585	30020.293
1241.4694	30060.715
1241.8801	30099.359
1242.291	30137.861
1242.7018	30177.645
1243.1127	30220.02
1243.5234	30265.844
1243.9343	30314.934
1244.3451	30365.932
1244.756	30416.832
1245.1667	30465.938
1245.5775	30512.723
1245.9884	30557.908
1246.3992	30602.379
1246.8101	30645.758
1247.2208	30686.527
1247.6317	30724.135
1248.0425	30760.92
1248.4534	30801.148
1248.8641	30847.465
1249.275	30898.258
1249.6858	30948.828
1250.0967	30995.244
1250.5074	31037.215
1250.9183	31077.59
1251.3291	31119.471
1251.74	31163.832
1252.1508	31209.277
1252.5616	31253.578
1252.9724	31295.525
1253.3833	31335.818
1253.7941	31376.568
1254.205	31419.754
1254.6157	31465.686
1255.0266	31512.789
1255.4374	31559.064
1255.8483	31603.854
1256.259	31648.154
1256.6699	31693.184
1257.0807	31738.807
1257.4916	31783.67
1257.9023	31826.617
1258.3132	31867.617
1258.724	31907.305
1259.1349	31946.123
1259.5457	31984.279
1259.9565	32022.354
1260.3673	32061.281
1260.7782	32101.619
1261.189	32143.094
1261.5999	32185.055
1262.0106	32227.068
1262.4215	32268.799
1262.8323	32309.457
1263.2432	32347.904
1263.6539	32383.441
1264.0648	32416.488
1264.4756	32448.465
1264.8865	32481.363
1265.2972	32517.121
1265.7081	32556.684
1266.1189	32599.061
1266.5298	32641.643
1266.9406	32682.008
1267.3513	32719.67
1267.7622	32755.566
1268.173	32790.031
1268.5839	32822.195
1268.9946	32852.004
1269.4055	32882.156
1269.8163	32916.832
1270.2272	32957.785
1270.6379	33002.234
1271.0488	33045.102
1271.4596	33083.379
1271.8705	33118.098
1272.2813	33152.379
1272.6921	33188.102
1273.1029	33224.785
1273.5138	33261.371
1273.9246	33298.5
1274.3354	33338.688
1274.7462	33384.234
1275.1571	33434.93
1275.5679	33487.91
1275.9788	33539.668
1276.3895	33588.371
1276.8004	33634.195
1277.2112	33677.953
1277.6221	33719.867
1278.0328	33760.293
1278.4437	33801.266
1278.8545	33846.52
1279.2654	33898.746
1279.6761	33956.594
1280.087	34014.715
1280.4978	34067.656
1280.9087	34114.266
1281.3195	34158.641
1281.7303	34206.555
1282.1411	34260.699
1282.552	34318.648
1282.9628	34375.055
1283.3737	34425.891
1283.7844	34471.445
1284.1953	34515.809
1284.6061	34563.676
1285.017	34616.715
1285.4277	34672.52
1285.8386	34726.848
1286.2494	34777.379
1286.6603	34825.266
1287.071	34872.965
1287.4819	34920.586
1287.8927	34965.375
1288.3036	35005.063
1288.7144	35041.246
1289.1251	35078.012
1289.536	35117.27
1289.9468	35156.441
1290.3577	35191.855
1290.7684	35223.625
1291.1793	35256.238
1291.5901	35293.824
1292.001	35335.984
1292.4117	35378.469
1292.8226	35417.66
1293.2334	35453.602
1293.6443	35489.211
1294.0551	35526.969
1294.4659	35566.809
1294.8767	35606.512
1295.2876	35644.141
1295.6984	35680.258
1296.1093	35718.227
1296.52	35761.629
1296.9309	35811.078
1297.3417	35863.09
1297.7526	35912.676
1298.1633	35957.223
1298.5742	35998.281
1298.985	36039.539
1299.3959	36083.609
1299.8066	36130.418
1300.2175	36178.426
1300.6283	36226.254
1301.0392	36273.059
1301.45	36317.68
1301.8608	36358.926
1302.2716	36396.957
1302.6825	36434.313
1303.0933	36474.383
1303.5042	36518.711
1303.9149	36565.676
1304.3258	36612.289
1304.7366	36656.77
1305.1475	36699.422
1305.5582	36741.285
1305.9691	36782.898
1306.3799	36824.398
1306.7908	36866.473
1307.2015	36910.133
1307.6124	36955.715
1308.0232	37002.082
1308.4341	37047.184
1308.8448	37089.355
1309.2557	37128.77
1309.6665	37167.238
1310.0774	37206.566
1310.4882	37246.047
1310.8989	37282.285
1311.3098	37312.371
1311.7206	37338.082
1312.1315	37366.016
1312.5422	37402.637
1312.9531	37448.328
1313.3639	37497.023
1313.7748	37541.801
1314.1855	37580.918
1314.5964	37618.055
1315.0072	37657.281
1315.4181	37698.195
1315.8289	37736.383
1316.2397	37767.98
1316.6505	37793.746
1317.0614	37818.738
1317.4722	37848.648
1317.8831	37885.898
1318.2938	37928.57
1318.7047	37972.129
1319.1155	38012.543
1319.5264	38048.566
1319.9371	38082.117
1320.348	38116.863
1320.7588	38156.188
1321.1697	38201.637
1321.5804	38252.516
1321.9913	38306.059
1322.4021	38358.57
1322.813	38407.129
1323.2238	38451.531
1323.6346	38494.656
1324.0454	38540.445
1324.4563	38590.598
1324.8671	38643.047
1325.278	38693.387
1325.6887	38738.07
1326.0996	38776.297
1326.5104	38809.754
1326.9213	38841.289
1327.332	38873.902
1327.7429	38909.746
1328.1537	38949.184
1328.5646	38990.586
1328.9753	39032
1329.3862	39072.871
1329.797	39113.688
1330.2079	39153.773
1330.6187	39190.445
1331.0295	39221.234
1331.4403	39246.914
1331.8512	39271.039
1332.262	39296.363
1332.6727	39322.375
1333.0836	39346.785
1333.4944	39368.785
1333.9053	39389.75
1334.316	39410.637
1334.7269	39430.086
1335.1377	39446.008
1335.5486	39458.883
1335.9594	39472.281
1336.3702	39489.5
1336.781	39509.754
1337.1919	39528.512
1337.6027	39541.75
1338.0135	39550.148
1338.4243	39559.172
1338.8352	39574.805
1339.246	39598.641
1339.6569	39626.434
1340.0676	39651.332
1340.4785	39669.352
1340.8893	39682.711
1341.3002	39698.246
1341.7109	39722.449
1342.1218	39757.25
1342.5326	39799.285
1342.9435	39842.367
1343.3542	39880.727
1343.7651	39911.633
1344.1759	39937.066
1344.5868	39963.629
1344.9976	40000.023
1345.4084	40052.426
1345.8192	40119.391
1346.2301	40188.77
1346.6409	40239.84
1347.0518	40253.527
1347.4625	40228.551
1347.8734	40191.512
1348.2842	40186.207
1348.6951	40242.805
1349.1058	40350.738
1349.5167	40463.605
1349.9275	40536.621
1350.3384	40561.809
1350.7491	40565.852
1351.16	40575.043
1351.5708	40588.266
1351.9817	40588.383
1352.3925	40575.281
1352.8033	40575.016
1353.2141	40607.16
1353.625	40644.805
1354.0358	40619.23
1354.4465	40478.676
1354.8574	40249.969
1355.2682	40038.523
1355.6791	39955.988
1356.0898	40036.125
1356.5007	40216.125
1356.9115	40398.215
1357.3224	40527.25
1357.7332	40608.266
1358.144	40659.25
1358.5548	40668.102
1358.9657	40611.711
1359.3765	40509.625
1359.7874	40430.453
1360.1981	40417.086
1360.609	40402.258
1361.0198	40226.734
1361.4307	39787.473
1361.8414	39199.277
1362.2523	38795.449
1362.6631	38905.898
1363.074	39565.195
1363.4847	40415.328
1363.8956	40936.547
1364.3064	40846.09
1364.7173	40325.016
1365.1281	39868.738
1365.5389	39892.191
1365.9497	40427.309
1366.3606	41141.453
1366.7714	41611.859
1367.1823	41609.469
1367.593	41205.176
1368.0039	40683.055
1368.4147	40356.551
1368.8256	40395.211
1369.2363	40740.383
1369.6472	41155.297
1370.058	41388.68
1370.4689	41345.117
1370.8796	41135.973
1371.2905	40975.773
1371.7013	41018.691
1372.1122	41270.926
1372.5229	41627.051
1372.9338	41965.902
1373.3446	42214.281
1373.7555	42351.434
1374.1663	42390.211
1374.5771	42365.684
1374.9879	42322.332
1375.3988	42288.707
1375.8096	42259.902
1376.2203	42215.094
1376.6312	42152.336
1377.042	42093.059
1377.4529	42050.016
1377.8636	42011.953
1378.2745	41973.469
1378.6853	41954.254
1379.0962	41946.551
1379.507	41849.695
1379.9178	41524.125
1380.3286	40967.324
1380.7395	40406.551
1381.1503	40132.316
1381.5612	40201.43
1381.9719	40352
1382.3828	40273.574
1382.7936	39957.16
1383.2045	39725.359
1383.6152	39897.719
1384.0261	40457.461
1384.4369	41072.121
1384.8478	41421.891
1385.2585	41478.137
1385.6694	41472.133
1386.0802	41631.965
1386.4911	41961.973
1386.9019	42253.801
1387.3127	42290.047
1387.7235	42048.105
1388.1344	41731.754
1388.5452	41609.23
1388.9561	41802.379
1389.3668	42214.07
1389.7777	42644.625
1390.1885	42962.035
1390.5994	43149.875
1391.0101	43213.598
1391.421	43099.867
1391.8318	42760.078
1392.2427	42290.742
1392.6534	41954.402
1393.0643	41997.668
1393.4751	42422.129
1393.886	42946.336
1394.2968	43215.488
1394.7076	43067.707
1395.1184	42620.965
1395.5293	42139.691
1395.9401	41843.77
1396.351	41824.895
1396.7617	42079.656
1397.1726	42557.547
1397.5834	43162.258
1397.9941	43744.16
1398.405	44138.699
1398.8158	44238.074
1399.2267	44036.773
1399.6375	43622.301
1400.0483	43137.051
1400.4591	42742.754
1400.87	42583.273
1401.2808	42733.848
1401.6917	43160.215
1402.1024	43730.98
1402.5133	44285.566
1402.9241	44699.992
1403.335	44898.25
1403.7457	44833.426
1404.1566	44506.793
1404.5674	44029.43
1404.9783	43632.094
1405.389	43543.641
1405.7999	43809.555
1406.2107	44235.293
1406.6216	44544.523
1407.0323	44615.078
1407.4432	44555.676
1407.854	44549.914
1408.2649	44646.777
1408.6757	44727.309
1409.0865	44669.551
1409.4973	44512.613
1409.9082	44434.313
1410.319	44574.023
1410.7299	44896.469
1411.1406	45231.539
1411.5515	45432.176
1411.9623	45483.547
1412.3732	45470.289
1412.7839	45461.074
1413.1948	45439.367
1413.6056	45343.344
1414.0165	45160.84
1414.4272	44974.879
1414.8381	44911.395
1415.2489	45038.605
1415.6598	45311.199
1416.0706	45606.004
1416.4814	45811.188
1416.8922	45890.445
1417.3031	45877.914
1417.7139	45826.098
1418.1248	45762.945
1418.5355	45691.996
1418.9464	45620.93
1419.3572	45578.781
1419.7679	45600.547
1420.1788	45696.656
1420.5896	45841.445
1421.0005	45992.973
1421.4113	46121.488
1421.8221	46217.344
1422.2329	46276.563
1422.6438	46290.168
1423.0546	46255.684
1423.4655	46196.871
1423.8762	46161.359
1424.2871	46189.367
1424.6979	46282.059
1425.1088	46402.68
1425.5195	46509.395
1425.9304	46586.051
1426.3412	46641.996
1426.7521	46688.461
1427.1628	46721.973
1427.5737	46732.277
1427.9845	46721.582
1428.3954	46711.215
1428.8062	46728.121
1429.217	46785.426
1429.6278	46873.605
1430.0387	46966.359
1430.4495	47033.785
1430.8604	47055.871
1431.2711	47032.98
1431.682	46989.699
1432.0928	46965.594
1432.5037	46992.594
1432.9144	47071.836
1433.3253	47170.641
1433.7361	47246.645
1434.147	47281.582
1434.5577	47295.156
1434.9686	47326.527
1435.3794	47399.656
1435.7903	47502.359
1436.201	47594.57
1436.6119	47637.988
1437.0227	47624.297
1437.4336	47582.035
1437.8444	47556.32
1438.2552	47576.316
1438.666	47636.504
1439.0769	47707.867
1439.4877	47766.09
1439.8986	47808.172
1440.3093	47843.219
1440.7202	47874.387
1441.131	47895.461
1441.5417	47903.77
1441.9526	47909.273
1442.3634	47928.164
1442.7743	47970.086
1443.1851	48033.582
1443.5959	48108.266
1444.0067	48174.922
1444.4176	48205.57
1444.8284	48176.324
1445.2393	48091.555
1445.65	47996.047
1446.0609	47952.871
1446.4717	47998.555
1446.8826	48114.535
1447.2933	48243.125
1447.7042	48333.586
1448.115	48375.98
1448.5259	48394.152
1448.9366	48410.52
1449.3475	48419.922
1449.7583	48398.285
1450.1692	48335.238
1450.58	48256.301
1450.9908	48210.223
1451.4016	48231.809
1451.8125	48314.801
1452.2233	48420.078
1452.6342	48509.195
1453.0449	48570.293
1453.4558	48614.176
1453.8666	48651.609
1454.2775	48679.301
1454.6882	48688.344
1455.0991	48681.512
1455.5099	48677.5
1455.9208	48696.395
1456.3315	48742.176
1456.7424	48799.988
1457.1532	48850.203
1457.5641	48884.777
1457.9749	48910.977
1458.3857	48940.711
1458.7965	48977.258
1459.2074	49011.578
1459.6182	49031.426
1460.0291	49034.621
1460.4398	49034.527
1460.8507	49051.723
1461.2615	49097.707
1461.6724	49163.828
1462.0831	49226.367
1462.494	49264.988
1462.9048	49279.301
1463.3156	49288.039
1463.7264	49311.266
1464.1372	49352.176
1464.5481	49395.992
1464.9589	49425.461
1465.3698	49436.34
1465.7805	49438.184
1466.1914	49443.258
1466.6022	49457.563
1467.0131	49481.73
1467.4238	49515.691
1467.8347	49558.129
1468.2455	49601.398
1468.6564	49630.977
1469.0671	49633.824
1469.478	49609.301
1469.8888	49571.984
1470.2997	49543.195
1470.7104	49537.801
1471.1213	49556.461
1471.5321	49588.156
1471.943	49619.953
1472.3538	49646.078
1472.7646	49669.914
1473.1754	49698.555
1473.5863	49735.629
1473.9971	49778.195
1474.408	49818.945
1474.8187	49850.488
1475.2296	49868.406
1475.6404	49872.082
1476.0513	49863.813
1476.462	49847.445
1476.8729	49827.984
1477.2837	49812.816
1477.6946	49811.758
1478.1053	49832.313
1478.5162	49871.938
1478.927	49915.656
1479.3379	49944.746
1479.7487	49950.672
1480.1595	49940.691
1480.5703	49929.801
1480.9812	49928.129
1481.392	49936.93
1481.8029	49954.355
1482.2136	49981.047
1482.6245	50017.664
1483.0353	50059.027
1483.4462	50094.234
1483.8569	50114.645
1484.2678	50121.063
1484.6786	50122.246
1485.0894	50126.07
1485.5002	50132.641
1485.911	50135.902
1486.3219	50131.66
1486.7327	50123.641
1487.1436	50121.988
1487.5543	50135.227
1487.9652	50163.055
1488.376	50195.965
1488.7869	50222.145
1489.1976	50235.359
1489.6085	50237.547
1490.0193	50234.543
1490.4302	50230.516
1490.8409	50226.566
1491.2518	50223.832
1491.6626	50225.602
1492.0735	50234.934
1492.4843	50250.105
1492.8951	50264.32
1493.3059	50270.785
1493.7168	50268.457
1494.1276	50262.113
1494.5385	50257.234
1494.9492	50255.156
1495.3601	50253.305
1495.7709	50248.676
1496.1818	50240.672
1496.5925	50230.723
1497.0034	50220.598
1497.4142	50211.184
1497.8251	50202.641
1498.2358	50194.801
1498.6467	50187.988
1499.0575	50183.227
1499.4684	50181.461
1499.8792	50181.809
1500.29	50181.168
1500.7008	50175.887
1501.1117	50164.438
1501.5225	50147.691
1501.9333	50127.113
1502.3441	50103.551
1502.755	50078.559
1503.1658	50055.66
1503.5767	50039.039
1503.9874	50029.859
1504.3983	50024.977
1504.8091	50019.605
1505.22	50011.559
1505.6307	50002.363
1506.0416	49994.867
1506.4524	49989.891
1506.8632	49985.574
1507.274	49979.141
1507.6848	49969.512
1508.0957	49958.426
1508.5065	49949.785
1508.9174	49947.207
1509.3281	49951.52
1509.739	49959.656
1510.1498	49966.305
1510.5607	49967.008
1510.9714	49960.766
1511.3823	49950.172
1511.7931	49939.672
1512.204	49932.961
1512.6147	49931.273
1513.0256	49932.711
1513.4364	49933.434
1513.8473	49930.063
1514.2581	49922.391
1514.6689	49914.043
1515.0797	49910.219
1515.4906	49913.504
1515.9014	49921.559
1516.3123	49928.742
1516.723	49930.781
1517.1339	49927.977
1517.5447	49924.16
1517.9556	49922.52
1518.3663	49922.895
1518.7772	49922.875
1519.188	49921.309
1519.5989	49919.934
1520.0096	49921.668
1520.4205	49927.137
1520.8313	49933.309
1521.2422	49935.613
1521.653	49931.898
1522.0638	49924.344
1522.4746	49917.398
1522.8855	49913.523
1523.2963	49911.035
1523.7072	49906.086
1524.1179	49896.84
1524.5288	49885.387
1524.9396	49875.836
1525.3505	49870.582
1525.7612	49868.426
1526.1721	49865.887
1526.5829	49860.008
1526.9938	49850.145
1527.4045	49837.375
1527.8154	49822.352
1528.2262	49803.801
1528.637	49779.559
1529.0479	49749.484
1529.4586	49717.66
1529.8695	49690.898
1530.2803	49674.012
1530.6912	49665.516
1531.1019	49657.867
1531.5128	49642.289
1531.9236	49614.422
1532.3345	49576.316
1532.7452	49534.156
1533.1561	49494.234
1533.5669	49460.105
1533.9778	49431.523
1534.3885	49404.895
1534.7994	49375.109
1535.2102	49338.852
1535.6211	49297.332
1536.0319	49255.965
1536.4427	49220.285
1536.8535	49191.637
1537.2644	49166.418
1537.6752	49139.785
1538.0861	49109.789
1538.4968	49078.156
1538.9077	49047.215
1539.3185	49016.773
1539.7294	48984.156
1540.1401	48947.508
1540.551	48908.652
1540.9618	48872.434
1541.3727	48842.648
1541.7834	48818.449
1542.1943	48794.621
1542.6051	48765.988
1543.016	48731.547
1543.4268	48694.809
1543.8376	48660.102
1544.2484	48629.027
1544.6593	48600.348
1545.0701	48572.945
1545.481	48547.863
1545.8917	48527.426
1546.3026	48512.336
1546.7134	48500.23
1547.1243	48487.035
1547.535	48470.02
1547.9459	48449.563
1548.3567	48428.688
1548.7676	48410.91
1549.1783	48398.234
1549.5892	48390.426
1550	48385.504
