272.34930963847734
269.3466676840115
266.3676872049177
263.4123768286223
260.48074001768094
257.5727751908454
254.68847584261124
251.82783066123932
248.99082364525603
246.17743421843025
243.3876373432303
240.62140363276237
237.8786994611918
235.159487072652
232.46372468864138
229.79136661391618
227.14236334087872
224.51666165246928
221.91420472356486
219.33493222089032
216.77878040144827
214.24568220947316
211.73556737191677
209.2483624924711
206.78399114413688
204.34237396034385
201.9234287246328
199.5270704589043
197.15321151024645
194.8017616363466
192.47262808903085
190.16571569874102
187.88092695297345
185.61816207797372
183.37731911675976
181.15829400624602
178.96098065302337
176.78527100827097
174.63105513899225
172.49822130265377
170.38665601579518
168.29624412371504
166.2268688684043
164.178411955212
162.1507536182539
160.14377268457966
158.1573466371055
156.19135167632976
154.24566278084
152.32015376662574
150.4146973452091
148.52916518060562
146.66342794512863
144.817355374049
142.99081631912424
141.18367880100857
139.39581006055798
137.62707660904312
135.87734427728205
134.14647826370742
132.43434318137975
130.7408031039612
129.06572161066234
127.40896183017405
125.77038648359988
124.14985792640086
122.54723818936438
120.96238901861372
119.39517191466769
117.8454481705665
116.31307890907387