1.229503155158988
1.2388788958628585
1.2482559102535509
1.2576341760279517
1.2670136713695639
1.2763943749354425
1.2857762658435523
1.2951593236605272
1.3045435283898181
1.3139288604602137
1.3233153007147211
1.3327028303997932
1.3420914311548866
1.3514810850023444
1.3608717743375869
1.3702634819195971
1.3796561908617009
1.3890498846226151
1.3984445469977724
1.4078401621108947
1.4172367144058233
1.426634188638583
1.436032569869681
1.4454318434566287
1.4548319950466784
1.4642330105697698
1.4736348762316767
1.483037578507349
1.4924411041344425
1.5018454401070302
1.511250573669426
1.5206564923104915
1.530063183757485
1.5394706359706871
1.5488788371378723
1.5582877756689921
1.567697440190999
1.5771078195428814
1.586518902770486
1.5959306791221632
1.605343138043845
1.6147562691745942
1.6241700623421993
1.6335845075588886
1.6429995950171499
1.6524153150856629
1.6618316583053323
1.6712486153854256
1.680666177199805
1.6900843347832581
1.6995030793279187
1.7089224021797764
1.718342294835276
1.7277627489379985
1.7371837562754215
1.7466053087757671
1.7560273985049184
1.765450017663411
1.7748731585835025
1.78429681372631
1.793720975679013
1.8031456371521242
1.8125707909768274
1.8219964301023734
1.8314225475935408
1.8408491366281516
1.850276190494649
1.859703702589725
1.8691316664160096
1.8785600755798033
1.8879889237888694