1.1795981211799336
1.1888709652644038
1.1981452802770847
1.2074210404918435
1.2166982207426489
1.2259767964085746
1.235256743399285
1.24453803814098
1.2538206575627877
1.2631045790835802
1.272389780599203
1.281676240470101
1.2909639375093258
1.3002528509709101
1.3095429605385964
1.3188342463149085
1.3281266888105514
1.3374202689341284
1.3467149679821653
1.356010767629427
1.3653076499195262
1.3746055972557978
1.3839045923924451
1.3932046184259423
1.4025056587866798
1.4118076972308538
1.4211107178325841
1.4304147049762548
1.439719643349072
1.4490255179338292
1.458332314001801
1.4676400171061952
1.4769486130750704
1.486258088005154
1.4955684282554798
1.5048796204412682
1.5141916514279687
1.5235045083255454
1.5328181784825134
1.5421326494809295
1.5514479091307234
1.5607639454645728
1.5700807467328317
1.5793983013985944
1.5887165981328804
1.5980356258099508
1.6073553735027404
1.616675830478405
1.625996986193985
1.635318830292176
1.644641352597205
1.6539645431108105
1.6632883920083235
1.672612889634841
1.681938026501497
1.691263793281826
1.7005901808082096
1.7099171800684123
1.7192447822022008
1.728572978498043
1.737901760389888
1.7472311194540155
1.756561047405969
1.7658915360975525
1.7752225775139023
1.784554163770624
1.7938862871109968
1.8032189399032397
1.8125521146378443
1.821885803924962
1.8312200004918555