950	1370.9799
950.4115	1372.5164
950.82306	1368.4288
951.23456	1368.8378
951.64612	1361.9893
952.05762	1363.1184
952.46912	1364.181
952.88068	1358.204
953.29218	1355.1689
953.70367	1362.0563
954.11523	1361.6818
954.52673	1358.0272
954.93829	1354.9557
955.34979	1351.8369
955.76129	1346.9626
956.17285	1346.0165
956.58435	1341.9005
956.99591	1340.3551
957.40741	1335.2128
957.81891	1337.2511
958.23047	1340.2732
958.64197	1336.6667
959.05353	1330.449
959.46503	1328.4496
959.87653	1323.9976
960.28809	1321.5336
960.69958	1320.2372
961.11108	1315.4467
961.52264	1306.6066
961.93414	1304.4218
962.3457	1297.2574
962.7572	1292.2875
963.1687	1288.1161
963.58026	1283.5464
963.99176	1273.4993
964.40332	1272.6842
964.81482	1267.5389
965.22632	1261.2781
965.63788	1250.2549
966.04938	1241.468
966.46088	1233.6909
966.87244	1228.9829
967.28394	1222.4398
967.6955	1217.7422
968.10699	1209.5314
968.51849	1209.1215
968.93005	1202.2737
969.34155	1204.1228
969.75311	1200.3704
970.16461	1193.1761
970.57611	1190.1057
970.98767	1188.5952
971.39917	1179.0369
971.81073	1177.1514
972.22223	1173.4363
972.63373	1168.8877
973.04529	1166.5459
973.45679	1162.6259
973.86829	1155.3652
974.27985	1146.3531
974.69135	1141.5339
975.10291	1133.2946
975.5144	1128.4911
975.9259	1124.3967
976.33746	1116.4797
976.74896	1104.8605
977.16052	1097.1237
977.57202	1092.6205
977.98352	1082.3146
978.39508	1075.0948
978.80658	1060.2891
979.21808	1054.5735
979.62964	1048.3483
980.04114	1037.4116
980.4527	1030.7175
980.8642	1024.912
981.2757	1013.9188
981.68726	1002.8419
982.09875	996.41986
982.51031	988.92316
982.92181	984.00281
983.33331	974.69409
983.74487	965.22009
984.15637	963.01593
984.56787	953.88898
984.97943	948.08746
985.39093	938.84625
985.80249	933.8902
986.21399	927.24524
986.62549	923.1015
987.03705	915.65894
987.44855	911.73645
987.86011	906.00311
988.27161	903.03119
988.68311	897.5462
989.09467	890.47266
989.50616	885.44861
989.91772	880.57574
990.32922	875.3299
990.74072	868.28802
991.15228	861.6748
991.56378	860.77448
991.97528	856.67505
992.38684	852.11609
992.79834	846.4295
993.2099	843.53058
993.6214	836.40887
994.0329	835.14038
994.44446	831.58881
994.85596	822.26746
995.26752	813.60541
995.67902	815.93079
996.09052	812.69196
996.50208	811.22394
996.91357	805.80042
997.32507	802.60651
997.73663	797.05389
998.14813	795.97333
998.55969	790.97516
998.97119	783.76257
999.38269	781.71838
999.79425	780.23474
1000.2057	774.72083
1000.6173	769.76483
1001.0288	765.07373
1001.4403	763.88177
1001.8519	761.99829
1002.2634	758.19165
1002.6749	752.9364
1003.0864	752.13513
1003.4979	753.95294
1003.9095	750.85852
1004.321	743.8125
1004.7325	741.00415
1005.144	737.62433
1005.5555	736.8866
1005.9671	734.31274
1006.3786	733.63416
1006.7901	728.32751
1007.2017	725.46826
1007.6132	720.61597
1008.0247	715.54089
1008.4362	712.74146
1008.8477	712.80481
1009.2593	709.76251
1009.6708	708.93335
1010.0823	704.26587
1010.4938	702.19019
1010.9053	700.68671
1011.3169	696.93915
1011.7284	692.96368
1012.1399	692.52997
1012.5515	690.63763
1012.963	685.92908
1013.3745	680.86243
1013.786	679.87079
1014.1975	682.28888
1014.6091	678.38916
1015.0206	674.26678
1015.4321	671.1886
1015.8436	669.75439
1016.2551	670.11053
1016.6667	668.91119
1017.0782	664.54279
1017.4897	664.39996
1017.9012	659.64624
1018.3127	656.99945
1018.7243	653.80737
1019.1358	653.15985
1019.5473	655.14075
1019.9589	654.46326
1020.3704	651.49237
1020.7819	646.32123
1021.1934	646.29401
1021.6049	644.73212
1022.0165	640.50732
1022.428	638.75128
1022.8395	638.2724
1023.251	635.9007
1023.6625	634.3219
1024.0741	629.94269
1024.4856	629.9834
1024.8971	627.96613
1025.3086	625.41736
1025.7202	625.29138
1026.1317	624.68866
1026.5432	619.65369
1026.9547	613.90302
1027.3662	611.48737
1027.7778	611.13702
1028.1893	609.05206
1028.6008	608.6842
1029.0123	606.87109
1029.4238	604.25732
1029.8354	604.58282
1030.2469	602.65845
1030.6584	599.66205
1031.0699	598.6792
1031.4814	603.00452
1031.8929	598.35107
1032.3046	592.77423
1032.7161	588.01666
1033.1276	589.724
1033.5391	593.59973
1033.9506	590.13904
1034.3622	590.25342
1034.7737	589.68073
1035.1852	590.00977
1035.5967	589.88477
1036.0082	589.4339
1036.4198	586.21136
1036.8313	582.8244
1037.2428	583.29529
1037.6543	585.1275
1038.0658	582.46582
1038.4774	581.5907
1038.8889	578.61816
1039.3004	576.45117
1039.7119	573.4541
1040.1234	573.68744
1040.535	570.34613
1040.9465	568.50922
1041.358	568.3985
1041.7695	564.08893
1042.181	559.40948
1042.5927	557.96149
1043.0042	559.46368
1043.4156	553.05414
1043.8271	550.5979
1044.2386	551.94489
1044.6501	548.01215
1045.0618	545.48669
1045.4733	545.79858
1045.8848	543.72296
1046.2963	540.05133
1046.7078	538.7829
1047.1194	533.70502
1047.5309	532.79431
1047.9424	531.75134
1048.3539	531.42041
1048.7654	530.30383
1049.177	528.28552
1049.5885	525.45978
1050	526.97931
1050.4115	526.0882
1050.823	524.4483
1051.2346	523.23987
1051.6461	521.31116
1052.0576	519.23883
1052.4691	519.51276
1052.8806	520.2193
1053.2922	520.94354
1053.7037	518.17688
1054.1152	515.76434
1054.5267	513.19666
1054.9382	511.37485
1055.3499	509.40732
1055.7614	512.73926
1056.1729	509.0575
1056.5844	506.1174
1056.9958	507.99371
1057.4073	504.97833
1057.819	503.31894
1058.2305	502.59958
1058.642	498.10168
1059.0535	496.09793
1059.465	490.58289
1059.8766	488.54108
1060.2881	487.23846
1060.6996	485.57626
1061.1111	483.41751
1061.5226	481.81604
1061.9342	477.92538
1062.3457	477.32117
1062.7572	475.68481
1063.1687	471.97592
1063.5802	472.55237
1063.9918	468.33203
1064.4033	461.81436
1064.8148	460.18732
1065.2263	455.98376
1065.6378	452.18933
1066.0494	452.40903
1066.4609	453.31927
1066.8724	446.71115
1067.2839	443.84448
1067.6954	448.12628
1068.1071	445.68115
1068.5186	439.95508
1068.9301	436.73026
1069.3416	438.67746
1069.7531	436.45816
1070.1646	435.66147
1070.5762	433.79504
1070.9877	432.90735
1071.3992	433.32062
1071.8107	428.57388
1072.2222	427.07724
1072.6338	424.30219
1073.0453	424.11829
1073.4568	422.04166
1073.8683	422.15939
1074.2798	418.38702
1074.6914	417.79773
1075.1029	414.62317
1075.5144	412.4256
1075.9259	407.90402
1076.3374	410.22385
1076.749	411.72586
1077.1605	403.1434
1077.572	402.35825
1077.9835	401.11172
1078.395	401.66592
1078.8066	398.55685
1079.2181	398.89249
1079.6296	395.21634
1080.0411	391.75479
1080.4526	385.27429
1080.8643	382.79248
1081.2758	383.64276
1081.6873	381.96817
1082.0988	377.41797
1082.5103	373.93689
1082.9218	373.08545
1083.3334	367.80084
1083.7449	365.06372
1084.1564	363.34625
1084.5679	360.83118
1084.9794	359.76221
1085.391	358.7941
1085.8025	355.94849
1086.214	351.96167
1086.6255	349.96661
1087.037	351.13373
1087.4486	349.4921
1087.8601	346.76978
1088.2716	343.53171
1088.6831	342.40359
1089.0946	339.0788
1089.5062	336.44623
1089.9177	330.78625
1090.3292	331.1058
1090.7407	329.75916
1091.1522	329.00949
1091.5638	324.06714
1091.9753	323.49951
1092.3868	320.97867
1092.7983	319.0174
1093.2098	316.3313
1093.6215	316.88382
1094.033	313.45813
1094.4445	308.95044
1094.856	306.06073
1095.2675	303.8175
1095.679	300.36603
1096.0906	299.54797
1096.5021	298.83981
1096.9136	297.06638
1097.3251	294.15109
1097.7366	294.74118
1098.1482	292.95761
1098.5597	288.01852
1098.9712	286.0878
1099.3827	282.92783
1099.7942	281.34479
1100.2058	279.83566
1100.6173	277.94293
1101.0288	277.23413
1101.4403	278.61859
1101.8518	275.54449
1102.2634	270.16577
1102.6749	270.15854
1103.0864	267.08585
1103.4979	265.87567
1103.9094	267.18076
1104.321	265.98087
1104.7325	262.85657
1105.144	259.6203
1105.5555	257.70718
1105.967	257.68967
1106.3785	256.72232
1106.7902	253.49548
1107.2017	250.85658
1107.6132	250.78766
1108.0247	246.88795
1108.4362	245.99374
1108.8478	245.35236
1109.2593	241.92941
1109.6708	240.94052
1110.0823	239.09634
1110.4938	237.46852
1110.9054	235.8887
1111.3169	232.62141
1111.7284	231.32713
1112.1399	229.23964
1112.5514	226.43825
1112.963	225.65051
1113.3745	223.23528
1113.786	221.33546
1114.1975	220.40302
1114.609	218.20427
1115.0206	216.58646
1115.4321	215.0808
1115.8436	211.43935
1116.2551	209.16745
1116.6666	207.01981
1117.0782	205.54668
1117.4897	204.85571
1117.9012	202.52371
1118.3127	201.2571
1118.7242	201.16144
1119.1357	199.08995
1119.5474	196.10423
1119.9589	194.39688
1120.3704	192.67789
1120.7819	191.20078
1121.1934	189.46121
1121.605	187.49261
1122.0165	185.91119
1122.428	184.40497
1122.8395	185.84848
1123.251	183.59314
1123.6626	181.76102
1124.0741	180.93359
1124.4856	179.11278
1124.8971	176.81317
1125.3086	173.26048
1125.7202	172.3942
1126.1317	173.16298
1126.5432	170.88069
1126.9547	169.60124
1127.3662	168.27209
1127.7778	168.70267
1128.1893	167.84419
1128.6008	164.50011
1129.0123	163.81651
1129.4238	162.52293
1129.8354	159.25729
1130.2469	157.63037
1130.6584	157.30499
1131.0699	156.73166
1131.4814	156.9455
1131.8929	154.64365
1132.3046	152.80374
1132.7161	152.75165
1133.1276	149.88995
1133.5391	146.22552
1133.9506	146.05055
1134.3622	146.55078
1134.7737	145.85161
1135.1852	141.13945
1135.5967	139.0193
1136.0082	138.71933
1136.4198	138.53131
1136.8313	134.69211
1137.2428	133.54846
1137.6543	132.34348
1138.0658	130.23753
1138.4774	130.8187
1138.8889	127.98673
1139.3004	128.82196
1139.7119	128.26369
1140.1234	125.70274
1140.535	125.92714
1140.9465	125.28419
1141.358	124.67319
1141.7695	124.55895
1142.181	122.47047
1142.5927	119.53026
1143.0042	119.93547
1143.4156	118.48618
1143.8271	115.21976
1144.2386	114.31333
1144.6501	115.23431
1145.0618	117.16489
1145.4733	115.59306
1145.8848	113.21513
1146.2963	110.34312
1146.7078	111.2153
1147.1194	112.35592
1147.5309	108.46203
1147.9424	108.13295
1148.3539	108.51025
1148.7654	106.43403
1149.177	106.46316
1149.5885	105.75282
1150	105.24919
1150.4115	104.28354
1150.823	104.66509
1151.2346	103.65733
1151.6461	102.6757
1152.0576	101.7566
1152.4691	99.769203
1152.8806	98.818138
1153.2922	98.471115
1153.7037	97.416153
1154.1152	94.991859
1154.5267	97.027847
1154.9382	96.180901
1155.3499	95.020073
1155.7614	94.552826
1156.1729	93.027634
1156.5844	92.73983
1156.9958	92.803383
1157.4073	90.929726
1157.819	88.438782
1158.2305	88.494804
1158.642	90.146179
1159.0535	87.958061
1159.465	87.198158
1159.8766	88.517586
1160.2881	87.082359
1160.6996	85.86673
1161.1111	86.689789
1161.5226	86.354973
1161.9342	87.442093
1162.3457	84.475868
1162.7572	81.95311
1163.1687	82.377434
1163.5802	82.555
1163.9918	80.474632
1164.4033	82.379204
1164.8148	81.810425
1165.2263	79.664818
1165.6378	80.647476
1166.0494	80.055344
1166.4609	77.702896
1166.8724	77.446205
1167.2839	77.45282
1167.6954	78.061066
1168.1071	77.477921
1168.5186	75.539085
1168.9301	76.116585
1169.3416	74.679726
1169.7531	72.939377
1170.1646	72.392723
1170.5762	72.391876
1170.9877	69.741699
1171.3992	70.569481
1171.8107	73.495651
1172.2222	71.536301
1172.6338	69.134109
1173.0453	67.793999
1173.4568	69.523476
1173.8683	68.703362
1174.2798	67.68116
1174.6914	66.786087
1175.1029	65.06002
1175.5144	65.642494
1175.9259	63.731712
1176.3374	59.768139
1176.749	61.317131
1177.1605	64.386742
1177.572	63.343296
1177.9835	62.455097
1178.395	63.616882
1178.8066	62.201286
1179.2181	59.532936
1179.6296	57.039268
1180.0411	57.768513
1180.4526	59.916477
1180.8643	59.658554
1181.2758	58.487617
1181.6873	57.056133
1182.0988	56.97625
1182.5103	58.739952
1182.9218	56.039974
1183.3334	55.499348
1183.7449	55.861523
1184.1564	57.549004
1184.5679	58.586105
1184.9794	57.541611
1185.391	56.21722
1185.8025	55.816166
1186.214	54.307377
1186.6255	54.618607
1187.037	54.913052
1187.4486	54.123463
1187.8601	53.510075
1188.2716	52.384899
1188.6831	52.053883
1189.0946	53.292629
1189.5062	50.016033
1189.9177	49.683945
1190.3292	50.75771
1190.7407	50.023678
1191.1522	49.377224
1191.5638	48.073326
1191.9753	50.448101
1192.3868	50.98698
1192.7983	49.225822
1193.2098	45.750206
1193.6215	44.570408
1194.033	44.195015
1194.4445	45.942348
1194.856	47.607494
1195.2675	48.695202
1195.679	47.370792
1196.0906	46.643272
1196.5021	47.15382
1196.9136	46.319424
1197.3251	43.351185
1197.7366	45.40432
1198.1482	47.115585
1198.5597	43.989914
1198.9712	43.260036
1199.3827	44.395119
1199.7942	44.204933
1200.2058	42.491138
1200.6173	42.694557
1201.0288	42.129581
1201.4403	41.046288
1201.8518	40.590446
1202.2634	41.015312
1202.6749	41.307316
1203.0864	40.794743
1203.4979	39.04398
1203.9094	38.49754
1204.321	39.894733
1204.7325	40.534435
1205.144	41.465523
1205.5555	38.998806
1205.967	38.225285
1206.3785	38.369602
1206.7902	37.060963
1207.2017	37.097393
1207.6132	37.430611
1208.0247	36.564762
1208.4362	36.70562
1208.8478	38.199009
1209.2593	37.362484
1209.6708	36.101879
1210.0823	37.526814
1210.4938	38.34795
1210.9054	36.382099
1211.3169	35.26162
1211.7284	34.561661
1212.1399	33.641308
1212.5514	33.402458
1212.963	33.315422
1213.3745	32.059689
1213.786	33.385616
1214.1975	36.705837
1214.609	36.775677
1215.0206	33.853813
1215.4321	31.176365
1215.8436	31.03755
1216.2551	31.551241
1216.6666	32.042908
1217.0782	32.457687
1217.4897	32.120083
1217.9012	31.379543
1218.3127	32.279907
1218.7242	32.349987
1219.1357	30.125319
1219.5474	29.346201
1219.9589	30.183094
1220.3704	28.45735
1220.7819	26.196207
1221.1934	26.557991
1221.605	26.697046
1222.0165	25.425816
1222.428	24.63826
1222.8395	24.661512
1223.251	25.194506
1223.6626	27.133579
1224.0741	28.846928
1224.4856	28.632139
1224.8971	28.084597
1225.3086	26.890326
1225.7202	26.679989
1226.1317	25.738892
1226.5432	25.516861
1226.9547	27.455339
1227.3662	26.759827
1227.7778	25.04175
1228.1893	24.292578
1228.6008	22.366634
1229.0123	22.193672
1229.4238	25.680796
1229.8354	26.469046
1230.2469	24.55583
1230.6584	23.406576
1231.0699	22.262823
1231.4814	23.704367
1231.8929	26.535469
1232.3046	26.37796
1232.7161	23.777397
1233.1276	23.573713
1233.5391	24.699106
1233.9506	22.926908
1234.3622	22.42008
1234.7737	23.563824
1235.1852	25.275808
1235.5967	26.030594
1236.0082	25.386351
1236.4198	25.611563
1236.8313	24.622257
1237.2428	22.344015
1237.6543	21.18741
1238.0658	22.468134
1238.4774	20.766167
1238.8889	20.868294
1239.3004	19.943977
1239.7119	17.390102
1240.1234	18.57218
1240.535	19.508345
1240.9465	20.522635
1241.358	20.062431
1241.7695	18.817945
1242.181	18.122873
1242.5927	19.462893
1243.0042	20.117544
1243.4156	20.849447
1243.8271	19.382763
1244.2386	17.038481
1244.6501	15.762196
1245.0618	16.915483
1245.4733	17.824427
1245.8848	18.791508
1246.2963	20.216036
1246.7078	20.704153
1247.1194	22.550854
1247.5309	21.895878
1247.9424	18.391527
1248.3539	19.483746
1248.7654	20.91497
1249.177	21.402796
1249.5885	21.960772
1250	20.477131
