950	137.17343
950.4115	136.49324
950.82306	134.16994
951.23456	135.85634
951.64612	137.09366
952.05762	138.93831
952.46912	136.59276
952.88068	135.43672
953.29218	135.27454
953.70367	135.9882
954.11523	136.826
954.52673	135.38647
954.93829	135.6765
955.34979	135.26852
955.76129	134.26451
956.17285	136.82376
956.58435	137.243
956.99591	133.38722
957.40741	131.16502
957.81891	132.70654
958.23047	136.37233
958.64197	137.40767
959.05353	133.07262
959.46503	133.02286
959.87653	136.88313
960.28809	135.97078
960.69958	132.22849
961.11108	135.41179
961.52264	134.33336
961.93414	136.43033
962.3457	134.54066
962.7572	131.35344
963.1687	132.05949
963.58026	133.76428
963.99176	133.08107
964.40332	130.89897
964.81482	129.70364
965.22632	129.20818
965.63788	129.3119
966.04938	131.79489
966.46088	129.26123
966.87244	128.54803
967.28394	130.12466
967.6955	128.87657
968.10699	126.89845
968.51849	128.15044
968.93005	125.0436
969.34155	127.73428
969.75311	128.28903
970.16461	129.38348
970.57611	127.75758
970.98767	129.0909
971.39917	128.35533
971.81073	130.96979
972.22223	128.03964
972.63373	132.42513
973.04529	127.91529
973.45679	127.39056
973.86829	129.70819
974.27985	126.99294
974.69135	126.13183
975.10291	126.59481
975.5144	125.65828
975.9259	126.59219
976.33746	126.54265
976.74896	126.64346
977.16052	125.6012
977.57202	123.3613
977.98352	123.84779
978.39508	124.55148
978.80658	120.38841
979.21808	124.30238
979.62964	124.31762
980.04114	120.12675
980.4527	121.1624
980.8642	120.56898
981.2757	119.68845
981.68726	118.70303
982.09875	118.18655
982.51031	117.88503
982.92181	116.74271
983.33331	117.06451
983.74487	118.03942
984.15637	117.44347
984.56787	116.46998
984.97943	117.363
985.39093	118.46492
985.80249	115.24836
986.21399	115.14124
986.62549	114.68672
987.03705	113.82075
987.44855	114.14815
987.86011	114.55656
988.27161	111.59753
988.68311	111.67986
989.09467	111.80155
989.50616	114.33643
989.91772	114.15253
990.32922	115.62511
990.74072	115.83601
991.15228	114.64202
991.56378	114.37433
991.97528	111.21013
992.38684	111.90605
992.79834	110.13094
993.2099	111.20035
993.6214	108.24633
994.0329	110.04918
994.44446	111.42393
994.85596	109.21835
995.26752	106.45119
995.67902	109.66413
996.09052	111.52491
996.50208	112.86354
996.91357	108.91756
997.32507	107.66074
997.73663	110.62885
998.14813	110.07119
998.55969	110.00801
998.97119	107.90253
999.38269	108.09286
999.79425	108.8686
1000.2057	109.58518
1000.6173	109.55973
1001.0288	107.08473
1001.4403	108.51816
1001.8519	109.59341
1002.2634	107.67209
1002.6749	105.02444
1003.0864	105.4438
1003.4979	105.05518
1003.9095	104.8382
1004.321	103.27684
1004.7325	102.95575
1005.144	105.50284
1005.5555	105.20828
1005.9671	106.16765
1006.3786	104.99663
1006.7901	103.9704
1007.2017	103.3438
1007.6132	106.57795
1008.0247	105.63315
1008.4362	100.419
1008.8477	101.1993
1009.2593	104.33583
1009.6708	105.55204
1010.0823	102.65105
1010.4938	99.905891
1010.9053	99.305168
1011.3169	99.368248
1011.7284	100.9303
1012.1399	98.552017
1012.5515	98.485062
1012.963	99.147606
1013.3745	98.585457
1013.786	98.075729
1014.1975	96.858635
1014.6091	97.019089
1015.0206	98.960678
1015.4321	98.347908
1015.8436	97.728783
1016.2551	99.495483
1016.6667	99.055588
1017.0782	98.727036
1017.4897	96.894478
1017.9012	96.716431
1018.3127	97.359734
1018.7243	96.708595
1019.1358	99.815422
1019.5473	98.428627
1019.9589	98.07856
1020.3704	94.804886
1020.7819	94.839905
1021.1934	94.795273
1021.6049	93.61586
1022.0165	93.412636
1022.428	94.318871
1022.8395	95.055542
1023.251	93.406128
1023.6625	92.421753
1024.0741	93.163139
1024.4856	93.073975
1024.8971	91.430641
1025.3086	93.814003
1025.7202	93.264664
1026.1317	93.916565
1026.5432	91.365623
1026.9547	93.650993
1027.3662	93.28038
1027.7778	93.406731
1028.1893	92.888351
1028.6008	90.660316
1029.0123	90.360115
1029.4238	89.086319
1029.8354	87.694496
1030.2469	87.304108
1030.6584	88.105118
1031.0699	86.646294
1031.4814	86.320961
1031.8929	88.590424
1032.3046	90.005516
1032.7161	87.667313
1033.1276	85.157486
1033.5391	86.406693
1033.9506	86.920479
1034.3622	87.329315
1034.7737	89.931549
1035.1852	89.815697
1035.5967	88.143791
1036.0082	88.273262
1036.4198	88.215942
1036.8313	86.93383
1037.2428	86.733215
1037.6543	87.191879
1038.0658	89.718925
1038.4774	89.400307
1038.8889	87.33934
1039.3004	86.433342
1039.7119	84.906082
1040.1234	82.394485
1040.535	84.955292
1040.9465	83.821602
1041.358	84.817345
1041.7695	84.551636
1042.181	85.359474
1042.5927	83.406609
1043.0042	83.616058
1043.4156	83.193031
1043.8271	81.129028
1044.2386	79.306519
1044.6501	82.423058
1045.0618	78.704346
1045.4733	78.213127
1045.8848	78.393021
1046.2963	79.716805
1046.7078	82.892982
1047.1194	83.784698
1047.5309	80.676399
1047.9424	79.891579
1048.3539	81.071945
1048.7654	79.674812
1049.177	75.933212
1049.5885	75.87252
1050	78.233887
1050.4115	79.152138
1050.823	78.086647
1051.2346	76.894531
1051.6461	79.927887
1052.0576	80.231674
1052.4691	79.681953
1052.8806	80.502502
1053.2922	80.563744
1053.7037	79.345871
1054.1152	77.958885
1054.5267	79.213371
1054.9382	78.068253
1055.3499	77.344078
1055.7614	75.514214
1056.1729	75.329643
1056.5844	77.233543
1056.9958	77.246841
1057.4073	75.441765
1057.819	75.740524
1058.2305	75.958801
1058.642	77.122902
1059.0535	79.862549
1059.465	78.175644
1059.8766	73.790382
1060.2881	73.70739
1060.6996	73.239899
1061.1111	77.94001
1061.5226	75.153168
1061.9342	73.986191
1062.3457	73.279488
1062.7572	72.683922
1063.1687	70.738106
1063.5802	72.908142
1063.9918	72.892708
1064.4033	73.77211
1064.8148	74.001465
1065.2263	72.166443
1065.6378	73.488808
1066.0494	72.166992
1066.4609	69.406075
1066.8724	68.959183
1067.2839	71.799858
1067.6954	71.671722
1068.1071	71.480164
1068.5186	71.583588
1068.9301	69.525841
1069.3416	70.390099
1069.7531	71.398636
1070.1646	71.123367
1070.5762	71.029701
1070.9877	72.227364
1071.3992	72.742531
1071.8107	71.760353
1072.2222	70.070824
1072.6338	71.268814
1073.0453	70.38224
1073.4568	69.789543
1073.8683	71.69606
1074.2798	70.304138
1074.6914	69.417923
1075.1029	69.919014
1075.5144	69.043381
1075.9259	70.425545
1076.3374	68.631454
1076.749	66.867485
1077.1605	67.609879
1077.572	70.694603
1077.9835	71.84269
1078.395	69.340111
1078.8066	66.544624
1079.2181	68.576614
1079.6296	67.024574
1080.0411	67.223572
1080.4526	67.07972
1080.8643	68.594887
1081.2758	66.872589
1081.6873	67.447449
1082.0988	66.925392
1082.5103	65.594765
1082.9218	65.900665
1083.3334	63.702114
1083.7449	66.242188
1084.1564	64.715469
1084.5679	64.816635
1084.9794	66.864761
1085.391	67.399231
1085.8025	64.486176
1086.214	63.218025
1086.6255	62.594704
1087.037	64.90918
1087.4486	65.394363
1087.8601	63.864426
1088.2716	63.359936
1088.6831	62.761021
1089.0946	63.584042
1089.5062	64.523155
1089.9177	64.490486
1090.3292	65.453506
1090.7407	64.743866
1091.1522	64.492455
1091.5638	63.732456
1091.9753	61.655029
1092.3868	58.523933
1092.7983	61.592857
1093.2098	61.86829
1093.6215	60.039482
1094.033	61.2159
1094.4445	60.308064
1094.856	62.977669
1095.2675	61.832092
1095.679	59.653931
1096.0906	59.756004
1096.5021	59.976246
1096.9136	59.65765
1097.3251	60.606926
1097.7366	60.447899
1098.1482	59.718151
1098.5597	59.63419
1098.9712	57.580563
1099.3827	57.039341
1099.7942	58.747292
1100.2058	57.745621
1100.6173	57.833759
1101.0288	56.791111
1101.4403	58.311241
1101.8518	59.512505
1102.2634	59.62291
1102.6749	57.423248
1103.0864	57.357609
1103.4979	57.642021
1103.9094	56.96817
1104.321	57.099644
1104.7325	58.652073
1105.144	58.618057
1105.5555	58.778088
1105.967	57.415756
1106.3785	55.835159
1106.7902	56.463326
1107.2017	57.581493
1107.6132	56.664783
1108.0247	57.354259
1108.4362	56.794201
1108.8478	54.319427
1109.2593	55.715714
1109.6708	56.821899
1110.0823	57.578007
1110.4938	57.210716
1110.9054	56.762821
1111.3169	57.18362
1111.7284	58.128857
1112.1399	57.047565
1112.5514	57.353413
1112.963	55.650616
1113.3745	53.901402
1113.786	54.080597
1114.1975	52.801525
1114.609	53.724079
1115.0206	54.238258
1115.4321	54.026775
1115.8436	54.643871
1116.2551	52.176025
1116.6666	52.563499
1117.0782	55.290989
1117.4897	56.275745
1117.9012	54.359291
1118.3127	52.07695
1118.7242	52.074993
1119.1357	51.917862
1119.5474	51.438583
1119.9589	51.081799
1120.3704	49.795612
1120.7819	50.653732
1121.1934	53.296513
1121.605	54.301933
1122.0165	53.025547
1122.428	51.161583
1122.8395	52.117153
1123.251	50.457722
1123.6626	49.665417
1124.0741	49.275341
1124.4856	47.449852
1124.8971	47.473763
1125.3086	47.969784
1125.7202	49.619354
1126.1317	47.853218
1126.5432	48.355549
1126.9547	49.514225
1127.3662	49.258671
1127.7778	46.809574
1128.1893	47.233635
1128.6008	45.270966
1129.0123	46.563038
1129.4238	47.094341
1129.8354	48.648281
1130.2469	48.86179
1130.6584	48.153847
1131.0699	49.134308
1131.4814	48.101021
1131.8929	46.563244
1132.3046	46.540268
1132.7161	46.122749
1133.1276	42.890503
1133.5391	43.985649
1133.9506	45.159798
1134.3622	44.540344
1134.7737	44.643982
1135.1852	44.87986
1135.5967	44.481201
1136.0082	44.670811
1136.4198	43.926945
1136.8313	42.306602
1137.2428	42.06311
1137.6543	41.441063
1138.0658	42.550396
1138.4774	43.41428
1138.8889	42.58202
1139.3004	42.615437
1139.7119	43.594753
1140.1234	43.018909
1140.535	43.430454
1140.9465	42.8806
1141.358	42.910923
1141.7695	40.552788
1142.181	38.408901
1142.5927	40.57922
1143.0042	40.180225
1143.4156	40.889912
1143.8271	39.762417
1144.2386	39.516766
1144.6501	41.850704
1145.0618	40.524471
1145.4733	38.899773
1145.8848	38.517159
1146.2963	37.722797
1146.7078	40.040154
1147.1194	40.061344
1147.5309	39.417305
1147.9424	40.36235
1148.3539	39.148842
1148.7654	39.087265
1149.177	38.669594
1149.5885	39.678406
1150	40.289146
1150.4115	39.439831
1150.823	39.781769
1151.2346	38.27692
1151.6461	39.038464
1152.0576	40.992992
1152.4691	39.950871
1152.8806	38.926105
1153.2922	38.878326
1153.7037	37.519238
1154.1152	36.811039
1154.5267	38.239758
1154.9382	37.314327
1155.3499	38.18932
1155.7614	38.583248
1156.1729	40.04213
1156.5844	39.235405
1156.9958	35.718826
1157.4073	35.655205
1157.819	35.894348
1158.2305	38.433937
1158.642	41.110561
1159.0535	39.379036
1159.465	35.623032
1159.8766	36.363712
1160.2881	38.011684
1160.6996	39.717136
1161.1111	39.689896
1161.5226	35.585617
1161.9342	34.060406
1162.3457	34.538403
1162.7572	34.736515
1163.1687	35.839546
1163.5802	35.765018
1163.9918	35.830276
1164.4033	35.384472
1164.8148	34.537262
1165.2263	34.895096
1165.6378	33.085819
1166.0494	33.908527
1166.4609	33.83736
1166.8724	33.431664
1167.2839	35.915985
1167.6954	34.000717
1168.1071	33.738548
1168.5186	34.217472
1168.9301	32.055225
1169.3416	30.756706
1169.7531	33.534191
1170.1646	32.347481
1170.5762	32.477779
1170.9877	36.185154
1171.3992	37.427956
1171.8107	32.629894
1172.2222	32.729996
1172.6338	33.400352
1173.0453	33.390762
1173.4568	31.257254
1173.8683	32.333424
1174.2798	31.311209
1174.6914	30.594324
1175.1029	32.634163
1175.5144	33.798946
1175.9259	32.328362
1176.3374	30.94104
1176.749	32.008667
1177.1605	31.135887
1177.572	29.970541
1177.9835	29.428827
1178.395	29.00144
1178.8066	30.261642
1179.2181	30.788651
1179.6296	31.381416
1180.0411	31.204674
1180.4526	28.358381
1180.8643	28.08437
1181.2758	28.039482
1181.6873	28.817188
1182.0988	30.17881
1182.5103	30.104773
1182.9218	27.790773
1183.3334	29.395779
1183.7449	28.601629
1184.1564	28.168966
1184.5679	28.087009
1184.9794	29.441643
1185.391	28.187243
1185.8025	26.100653
1186.214	26.875259
1186.6255	25.549976
1187.037	23.599363
1187.4486	22.128149
1187.8601	24.897917
1188.2716	28.776661
1188.6831	27.952097
1189.0946	24.95981
1189.5062	24.558052
1189.9177	25.879099
1190.3292	25.862503
1190.7407	24.815233
1191.1522	27.408846
1191.5638	28.29405
1191.9753	26.654684
1192.3868	26.22703
1192.7983	24.997971
1193.2098	25.316872
1193.6215	25.51193
1194.033	24.895329
1194.4445	26.345985
1194.856	24.567287
1195.2675	23.511824
1195.679	24.588667
1196.0906	24.005985
1196.5021	22.264393
1196.9136	22.963182
1197.3251	24.054964
1197.7366	23.568117
1198.1482	22.242327
1198.5597	24.026609
1198.9712	26.110836
1199.3827	24.927996
1199.7942	22.874464
1200.2058	24.073624
1200.6173	24.576662
1201.0288	22.316425
1201.4403	24.205664
1201.8518	23.957672
1202.2634	21.142485
1202.6749	20.978024
1203.0864	22.692448
1203.4979	24.165085
1203.9094	24.135361
1204.321	23.67684
1204.7325	23.423428
1205.144	25.15276
1205.5555	27.170959
1205.967	23.367689
1206.3785	20.863564
1206.7902	22.09454
1207.2017	22.234425
1207.6132	21.298687
1208.0247	20.094755
1208.4362	19.243216
1208.8478	19.967363
1209.2593	19.226704
1209.6708	19.663933
1210.0823	20.01475
1210.4938	19.888741
1210.9054	20.57942
1211.3169	19.443628
1211.7284	20.292229
1212.1399	21.295887
1212.5514	21.417681
1212.963	21.640524
1213.3745	21.844631
1213.786	18.84079
1214.1975	18.937691
1214.609	19.217672
1215.0206	19.480522
1215.4321	18.232754
1215.8436	17.848932
1216.2551	19.132156
1216.6666	19.296055
1217.0782	17.416365
1217.4897	16.209745
1217.9012	16.788786
1218.3127	16.955564
1218.7242	18.508844
1219.1357	18.958122
1219.5474	16.782265
1219.9589	15.515544
1220.3704	16.344822
1220.7819	16.803299
1221.1934	17.265125
1221.605	16.496656
1222.0165	16.328581
1222.428	17.196201
1222.8395	15.999371
1223.251	14.965364
1223.6626	15.377212
1224.0741	15.939145
1224.4856	14.06579
1224.8971	12.674006
1225.3086	13.414513
1225.7202	15.788156
1226.1317	17.028053
1226.5432	16.168131
1226.9547	15.829313
1227.3662	16.299475
1227.7778	16.589422
1228.1893	16.41757
1228.6008	14.533397
1229.0123	13.651767
1229.4238	14.31299
1229.8354	13.713018
1230.2469	13.962748
1230.6584	15.204058
1231.0699	16.781626
1231.4814	16.885134
1231.8929	15.453389
1232.3046	15.337948
1232.7161	17.145813
1233.1276	17.340118
1233.5391	13.803423
1233.9506	11.595173
1234.3622	13.04278
1234.7737	17.021505
1235.1852	16.50141
1235.5967	13.758573
1236.0082	12.351846
1236.4198	11.038954
1236.8313	13.502431
1237.2428	14.436544
1237.6543	15.311664
1238.0658	16.09079
1238.4774	14.232458
1238.8889	12.978877
1239.3004	14.114305
1239.7119	14.158399
1240.1234	15.753986
1240.535	15.525823
1240.9465	13.281381
1241.358	10.985132
1241.7695	12.099553
1242.181	13.329353
1242.5927	14.080582
1243.0042	13.907251
1243.4156	11.825838
1243.8271	15.751286
1244.2386	17.153561
1244.6501	13.427395
1245.0618	11.782466
1245.4733	12.558731
1245.8848	12.963886
1246.2963	13.960929
1246.7078	13.41433
1247.1194	11.31878
1247.5309	11.327835
1247.9424	12.671096
1248.3539	13.27122
1248.7654	17.264746
1249.177	15.448304
1249.5885	12.3158
1250	10.504774
