950	113.57602
950.4115	110.95979
950.82306	112.3288
951.23456	112.91444
951.64612	110.7072
952.05762	112.99506
952.46912	114.67947
952.88068	112.93458
953.29218	109.69045
953.70367	110.66517
954.11523	110.62145
954.52673	112.15665
954.93829	114.4986
955.34979	110.85145
955.76129	112.64009
956.17285	113.6569
956.58435	115.07474
956.99591	116.95555
957.40741	117.40393
957.81891	114.48473
958.23047	115.70722
958.64197	117.89819
959.05353	118.88781
959.46503	118.32223
959.87653	120.03402
960.28809	122.20269
960.69958	119.44257
961.11108	120.83715
961.52264	119.55405
961.93414	119.76467
962.3457	120.47482
962.7572	122.88151
963.1687	121.09542
963.58026	122.49786
963.99176	122.31265
964.40332	123.81323
964.81482	125.12243
965.22632	123.45482
965.63788	124.34235
966.04938	123.17331
966.46088	122.77504
966.87244	125.44477
967.28394	122.92702
967.6955	124.37609
968.10699	125.19586
968.51849	125.02256
968.93005	124.04787
969.34155	124.62631
969.75311	127.09473
970.16461	125.69197
970.57611	124.78914
970.98767	131.11542
971.39917	130.11847
971.81073	128.735
972.22223	131.52458
972.63373	133.26639
973.04529	130.51442
973.45679	131.40436
973.86829	129.41429
974.27985	133.70393
974.69135	134.73384
975.10291	132.65359
975.5144	134.12563
975.9259	132.07771
976.33746	132.77304
976.74896	131.66185
977.16052	132.96625
977.57202	134.08722
977.98352	133.56886
978.39508	136.13431
978.80658	134.82993
979.21808	134.5815
979.62964	132.96147
980.04114	132.03474
980.4527	131.33563
980.8642	135.01828
981.2757	133.03712
981.68726	129.70525
982.09875	131.81506
982.51031	132.51842
982.92181	132.9384
983.33331	134.76541
983.74487	133.36874
984.15637	134.51569
984.56787	132.33682
984.97943	132.02042
985.39093	133.14758
985.80249	134.63835
986.21399	133.3291
986.62549	130.05666
987.03705	133.51462
987.44855	135.64101
987.86011	136.90042
988.27161	132.59039
988.68311	129.39893
989.09467	132.47522
989.50616	131.59613
989.91772	132.45819
990.32922	130.76498
990.74072	133.43854
991.15228	135.70187
991.56378	136.32953
991.97528	136.74603
992.38684	134.18466
992.79834	134.55052
993.2099	135.43808
993.6214	132.73393
994.0329	135.48567
994.44446	138.41611
994.85596	138.91998
995.26752	138.30553
995.67902	135.76866
996.09052	136.86398
996.50208	135.69038
996.91357	137.15828
997.32507	135.55078
997.73663	137.52838
998.14813	137.72057
998.55969	139.56952
998.97119	141.11885
999.38269	140.79047
999.79425	139.47414
1000.2057	139.82816
1000.6173	139.78731
1001.0288	137.86345
1001.4403	139.71437
1001.8519	140.45781
1002.2634	140.70111
1002.6749	139.72127
1003.0864	137.25957
1003.4979	138.32712
1003.9095	139.55354
1004.321	142.04163
1004.7325	142.36778
1005.144	140.46936
1005.5555	140.56969
1005.9671	140.24088
1006.3786	141.2184
1006.7901	142.14545
1007.2017	140.41264
1007.6132	139.33391
1008.0247	138.07076
1008.4362	140.51294
1008.8477	142.50298
1009.2593	140.77336
1009.6708	141.50281
1010.0823	144.14882
1010.4938	142.95859
1010.9053	140.55054
1011.3169	139.96893
1011.7284	140.30547
1012.1399	140.7151
1012.5515	140.8524
1012.963	142.23303
1013.3745	140.11186
1013.786	139.16475
1014.1975	137.64879
1014.6091	138.32687
1015.0206	139.23653
1015.4321	139.23911
1015.8436	140.41864
1016.2551	141.18413
1016.6667	142.52859
1017.0782	141.94341
1017.4897	143.41982
1017.9012	142.31892
1018.3127	140.11285
1018.7243	140.63297
1019.1358	140.53619
1019.5473	141.52452
1019.9589	141.36504
1020.3704	139.44295
1020.7819	139.52846
1021.1934	139.02222
1021.6049	138.70395
1022.0165	138.14163
1022.428	139.99988
1022.8395	140.74936
1023.251	140.72426
1023.6625	141.99454
1024.0741	137.87111
1024.4856	137.44418
1024.8971	139.35968
1025.3086	139.47292
1025.7202	140.38103
1026.1317	138.75807
1026.5432	137.77568
1026.9547	138.97435
1027.3662	136.47791
1027.7778	137.31265
1028.1893	138.24985
1028.6008	137.34152
1029.0123	133.34154
1029.4238	132.23344
1029.8354	134.5367
1030.2469	133.68857
1030.6584	136.41245
1031.0699	139.52328
1031.4814	138.98988
1031.8929	138.37271
1032.3046	134.59216
1032.7161	136.1539
1033.1276	136.71368
1033.5391	136.4848
1033.9506	137.38118
1034.3622	134.73831
1034.7737	133.75668
1035.1852	136.34886
1035.5967	136.88164
1036.0082	136.55103
1036.4198	137.8082
1036.8313	136.92897
1037.2428	131.89813
1037.6543	132.28099
1038.0658	133.55823
1038.4774	132.94135
1038.8889	136.00745
1039.3004	136.93805
1039.7119	132.22429
1040.1234	131.81445
1040.535	134.03294
1040.9465	135.15491
1041.358	134.23021
1041.7695	134.15343
1042.181	130.47269
1042.5927	129.89594
1043.0042	130.5294
1043.4156	130.59241
1043.8271	127.54988
1044.2386	127.40445
1044.6501	129.27409
1045.0618	129.24602
1045.4733	131.00343
1045.8848	128.17979
1046.2963	127.49604
1046.7078	129.51588
1047.1194	127.91228
1047.5309	127.3243
1047.9424	126.36758
1048.3539	125.28339
1048.7654	128.01909
1049.177	128.88281
1049.5885	129.40604
1050	130.00983
1050.4115	129.7771
1050.823	127.23665
1051.2346	126.7961
1051.6461	127.06901
1052.0576	127.19104
1052.4691	127.95932
1052.8806	125.94498
1053.2922	129.5965
1053.7037	128.3264
1054.1152	125.88462
1054.5267	125.85004
1054.9382	127.3794
1055.3499	124.15944
1055.7614	128.34666
1056.1729	127.93003
1056.5844	126.95408
1056.9958	127.00907
1057.4073	126.9285
1057.819	126.93345
1058.2305	128.4695
1058.642	126.83363
1059.0535	124.6592
1059.465	124.85955
1059.8766	125.36132
1060.2881	126.25525
1060.6996	124.0925
1061.1111	124.0114
1061.5226	120.45916
1061.9342	119.1745
1062.3457	120.87744
1062.7572	121.53006
1063.1687	124.26797
1063.5802	124.75719
1063.9918	121.87089
1064.4033	119.16814
1064.8148	120.16837
1065.2263	121.08482
1065.6378	120.63131
1066.0494	120.43316
1066.4609	121.80592
1066.8724	118.61945
1067.2839	119.63506
1067.6954	120.05962
1068.1071	123.02314
1068.5186	119.25201
1068.9301	118.80261
1069.3416	121.07423
1069.7531	121.80714
1070.1646	123.70458
1070.5762	121.06225
1070.9877	118.7645
1071.3992	120.34362
1071.8107	118.87311
1072.2222	117.08228
1072.6338	118.67978
1073.0453	117.49582
1073.4568	117.90372
1073.8683	119.31594
1074.2798	120.90807
1074.6914	116.03758
1075.1029	117.03094
1075.5144	115.07395
1075.9259	117.9828
1076.3374	120.24147
1076.749	117.38168
1077.1605	117.39006
1077.572	117.23304
1077.9835	112.88559
1078.395	117.16325
1078.8066	114.10432
1079.2181	112.90713
1079.6296	115.87486
1080.0411	112.81208
1080.4526	114.89856
1080.8643	115.8997
1081.2758	113.27563
1081.6873	116.00652
1082.0988	113.19502
1082.5103	112.94109
1082.9218	116.26128
1083.3334	114.37192
1083.7449	110.32402
1084.1564	112.22038
1084.5679	113.60075
1084.9794	112.10816
1085.391	110.64835
1085.8025	109.83199
1086.214	108.77957
1086.6255	111.99965
1087.037	111.56088
1087.4486	108.71236
1087.8601	108.45005
1088.2716	110.16057
1088.6831	110.29548
1089.0946	110.99259
1089.5062	113.87592
1089.9177	110.03321
1090.3292	108.94357
1090.7407	107.45581
1091.1522	109.05229
1091.5638	108.24318
1091.9753	109.6217
1092.3868	109.3895
1092.7983	107.82246
1093.2098	107.47663
1093.6215	105.70821
1094.033	104.5817
1094.4445	104.43934
1094.856	105.18806
1095.2675	104.67331
1095.679	102.40173
1096.0906	104.12862
1096.5021	105.9073
1096.9136	104.08586
1097.3251	103.72216
1097.7366	102.55624
1098.1482	103.37156
1098.5597	105.90099
1098.9712	105.10522
1099.3827	103.43324
1099.7942	101.16992
1100.2058	101.97249
1100.6173	103.3503
1101.0288	104.27323
1101.4403	101.37742
1101.8518	100.12988
1102.2634	100.93764
1102.6749	99.806099
1103.0864	98.954346
1103.4979	98.224564
1103.9094	102.07547
1104.321	99.596642
1104.7325	98.480629
1105.144	97.22831
1105.5555	98.662956
1105.967	101.14825
1106.3785	102.4668
1106.7902	101.21223
1107.2017	99.958321
1107.6132	99.946327
1108.0247	100.63538
1108.4362	101.46166
1108.8478	100.92999
1109.2593	99.104408
1109.6708	97.504112
1110.0823	96.821152
1110.4938	96.169609
1110.9054	98.805458
1111.3169	97.871689
1111.7284	95.046356
1112.1399	94.373543
1112.5514	94.865288
1112.963	95.481506
1113.3745	94.155151
1113.786	93.566353
1114.1975	94.226639
1114.609	93.501053
1115.0206	92.287003
1115.4321	91.968132
1115.8436	92.976982
1116.2551	92.79377
1116.6666	93.517838
1117.0782	91.754776
1117.4897	90.832428
1117.9012	89.156784
1118.3127	89.465973
1118.7242	90.301041
1119.1357	90.476868
1119.5474	91.078201
1119.9589	90.177406
1120.3704	89.529892
1120.7819	88.233269
1121.1934	89.470718
1121.605	87.672234
1122.0165	85.9058
1122.428	86.810043
1122.8395	86.533836
1123.251	85.740189
1123.6626	85.618698
1124.0741	86.471031
1124.4856	85.936104
1124.8971	85.667961
1125.3086	85.901909
1125.7202	86.489616
1126.1317	85.030548
1126.5432	85.337097
1126.9547	83.75528
1127.3662	84.174812
1127.7778	83.054886
1128.1893	83.575119
1128.6008	83.087425
1129.0123	82.931068
1129.4238	82.221878
1129.8354	81.564201
1130.2469	83.251923
1130.6584	83.518303
1131.0699	81.593285
1131.4814	80.904602
1131.8929	79.449425
1132.3046	79.834999
1132.7161	79.437012
1133.1276	79.594337
1133.5391	78.49144
1133.9506	78.112923
1134.3622	78.541435
1134.7737	79.339531
1135.1852	76.909714
1135.5967	74.846954
1136.0082	74.807236
1136.4198	76.363358
1136.8313	73.992828
1137.2428	75.064705
1137.6543	75.203217
1138.0658	73.723915
1138.4774	73.062302
1138.8889	74.846237
1139.3004	75.227463
1139.7119	75.000854
1140.1234	74.689339
1140.535	73.52832
1140.9465	73.74646
1141.358	72.993484
1141.7695	72.151421
1142.181	74.155266
1142.5927	73.622559
1143.0042	73.454788
1143.4156	70.699387
1143.8271	71.487915
1144.2386	72.907188
1144.6501	70.927658
1145.0618	68.065063
1145.4733	70.080681
1145.8848	71.421288
1146.2963	68.81205
1146.7078	67.185265
1147.1194	68.429039
1147.5309	69.390594
1147.9424	69.299049
1148.3539	69.596031
1148.7654	70.837982
1149.177	69.251961
1149.5885	68.045975
1150	68.53933
1150.4115	67.151413
1150.823	69.663536
1151.2346	68.253601
1151.6461	66.312431
1152.0576	68.469505
1152.4691	70.392464
1152.8806	68.163254
1153.2922	67.101158
1153.7037	69.320328
1154.1152	67.654892
1154.5267	64.562767
1154.9382	63.198467
1155.3499	66.988335
1155.7614	66.925407
1156.1729	61.899818
1156.5844	62.399471
1156.9958	64.086609
1157.4073	64.551491
1157.819	61.671562
1158.2305	64.847374
1158.642	66.063744
1159.0535	64.216789
1159.465	62.940762
1159.8766	64.638771
1160.2881	63.923058
1160.6996	62.40794
1161.1111	61.755642
1161.5226	59.300423
1161.9342	59.826626
1162.3457	60.371746
1162.7572	59.33543
1163.1687	62.159885
1163.5802	62.666809
1163.9918	60.981617
1164.4033	59.495209
1164.8148	59.168049
1165.2263	59.683846
1165.6378	61.883701
1166.0494	61.042892
1166.4609	59.8596
1166.8724	59.740246
1167.2839	60.011673
1167.6954	58.100716
1168.1071	55.626793
1168.5186	56.495018
1168.9301	56.249146
1169.3416	56.301689
1169.7531	56.156567
1170.1646	57.70285
1170.5762	58.073978
1170.9877	58.860836
1171.3992	59.358402
1171.8107	58.734081
1172.2222	56.045849
1172.6338	55.244099
1173.0453	56.848244
1173.4568	53.703526
1173.8683	53.80407
1174.2798	55.822014
1174.6914	54.829342
1175.1029	54.057114
1175.5144	54.672535
1175.9259	56.143059
1176.3374	58.551212
1176.749	57.862476
1177.1605	55.312183
1177.572	52.171185
1177.9835	52.933689
1178.395	53.012211
1178.8066	51.456818
1179.2181	52.329556
1179.6296	51.812836
1180.0411	51.116558
1180.4526	53.563702
1180.8643	51.447304
1181.2758	51.478481
1181.6873	52.462151
1182.0988	50.534348
1182.5103	52.848217
1182.9218	51.968403
1183.3334	51.683372
1183.7449	51.085369
1184.1564	52.590042
1184.5679	48.47583
1184.9794	46.893288
1185.391	48.600983
1185.8025	48.221371
1186.214	48.395638
1186.6255	48.226116
1187.037	49.940487
1187.4486	50.203732
1187.8601	46.507652
1188.2716	46.503284
1188.6831	46.320221
1189.0946	47.088917
1189.5062	47.826397
1189.9177	45.898136
1190.3292	45.328163
1190.7407	47.122818
1191.1522	47.938004
1191.5638	47.320576
1191.9753	45.403187
1192.3868	44.720314
1192.7983	44.504921
1193.2098	43.152576
1193.6215	43.749809
1194.033	42.623589
1194.4445	43.614323
1194.856	46.091167
1195.2675	44.224808
1195.679	45.717926
1196.0906	44.824913
1196.5021	44.046257
1196.9136	44.3634
1197.3251	45.921055
1197.7366	45.128407
1198.1482	43.96648
1198.5597	44.357178
1198.9712	43.430599
1199.3827	41.980843
1199.7942	40.808716
1200.2058	39.921169
1200.6173	41.192474
1201.0288	42.29612
1201.4403	41.983276
1201.8518	41.999527
1202.2634	42.438503
1202.6749	38.941181
1203.0864	36.882992
1203.4979	39.600262
1203.9094	41.844654
1204.321	42.73254
1204.7325	40.334713
1205.144	37.044491
1205.5555	37.490364
1205.967	37.470596
1206.3785	38.266911
1206.7902	38.204453
1207.2017	37.678692
1207.6132	38.827114
1208.0247	39.875607
1208.4362	38.118092
1208.8478	36.276386
1209.2593	35.758312
1209.6708	37.99408
1210.0823	37.058365
1210.4938	36.263653
1210.9054	37.472515
1211.3169	36.920021
1211.7284	37.025063
1212.1399	35.905457
1212.5514	35.585884
1212.963	35.564659
1213.3745	35.292576
1213.786	36.022064
1214.1975	36.043594
1214.609	36.673275
1215.0206	35.567001
1215.4321	36.065186
1215.8436	37.014172
1216.2551	35.969166
1216.6666	34.552658
1217.0782	34.941227
1217.4897	35.385338
1217.9012	32.688629
1218.3127	31.12734
1218.7242	32.074596
1219.1357	32.673813
1219.5474	32.494385
1219.9589	32.247936
1220.3704	31.669287
1220.7819	30.542984
1221.1934	31.12372
1221.605	29.36331
1222.0165	28.878202
1222.428	28.805782
1222.8395	29.671648
1223.251	31.718628
1223.6626	32.091778
1224.0741	32.023972
1224.4856	31.501974
1224.8971	30.412664
1225.3086	27.951031
1225.7202	27.631926
1226.1317	28.382509
1226.5432	27.654535
1226.9547	28.568808
1227.3662	28.292925
1227.7778	27.576685
1228.1893	27.761398
1228.6008	28.159822
1229.0123	28.769308
1229.4238	27.511572
1229.8354	26.760914
1230.2469	26.871767
1230.6584	26.219242
1231.0699	25.921902
1231.4814	26.366375
1231.8929	24.387465
1232.3046	25.799835
1232.7161	26.590868
1233.1276	26.956642
1233.5391	27.461397
1233.9506	25.079906
1234.3622	24.174347
1234.7737	25.481655
1235.1852	25.91637
1235.5967	25.311718
1236.0082	24.896318
1236.4198	25.530262
1236.8313	25.239065
1237.2428	25.237444
1237.6543	26.108644
1238.0658	24.907223
1238.4774	25.45793
1238.8889	22.691227
1239.3004	22.029932
1239.7119	23.278687
1240.1234	23.013723
1240.535	21.916288
1240.9465	20.993481
1241.358	21.503708
1241.7695	23.170891
1242.181	23.073174
1242.5927	24.316814
1243.0042	23.227629
1243.4156	20.443228
1243.8271	19.179445
1244.2386	21.814291
1244.6501	22.92655
1245.0618	22.936272
1245.4733	21.99585
1245.8848	22.5382
1246.2963	22.199492
1246.7078	21.528479
1247.1194	18.988111
1247.5309	20.30444
1247.9424	24.568182
1248.3539	25.256315
1248.7654	24.356363
1249.177	22.97525
1249.5885	21.711103
1250	20.905867
