950	741.83026
950.4115	747.00494
950.82306	751.6452
951.23456	752.93408
951.64612	758.42163
952.05762	765.52612
952.46912	764.91669
952.88068	771.76697
953.29218	779.71008
953.70367	785.59857
954.11523	787.68799
954.52673	792.25366
954.93829	798.71265
955.34979	806.93939
955.76129	811.89404
956.17285	814.48969
956.58435	820.73285
956.99591	828.43262
957.40741	830.48242
957.81891	834.45691
958.23047	842.12366
958.64197	846.95605
959.05353	853.22766
959.46503	856.15259
959.87653	859.96777
960.28809	863.8595
960.69958	864.79706
961.11108	868.82111
961.52264	874.7226
961.93414	877.8374
962.3457	880.55341
962.7572	883.46936
963.1687	887.08411
963.58026	891.29749
963.99176	892.12628
964.40332	894.13831
964.81482	894.16907
965.22632	900.33856
965.63788	897.53558
966.04938	898.41864
966.46088	901.21442
966.87244	903.14258
967.28394	907.3269
967.6955	906.61932
968.10699	905.64319
968.51849	909.77118
968.93005	909.96399
969.34155	917.72534
969.75311	920.6452
970.16461	924.43878
970.57611	924.83746
970.98767	930.81213
971.39917	934.97711
971.81073	932.86609
972.22223	935.83557
972.63373	939.92224
973.04529	939.19
973.45679	943.54034
973.86829	948.05493
974.27985	945.70923
974.69135	945.35181
975.10291	946.22882
975.5144	943.77667
975.9259	943.70038
976.33746	944.48901
976.74896	942.52374
977.16052	942.07581
977.57202	942.46234
977.98352	937.71338
978.39508	935.03259
978.80658	931.88177
979.21808	929.56329
979.62964	926.80829
980.04114	922.69751
980.4527	916.33307
980.8642	913.0899
981.2757	911.43701
981.68726	912.04004
982.09875	912.00079
982.51031	907.75421
982.92181	899.49475
983.33331	897.07001
983.74487	893.38629
984.15637	891.77893
984.56787	887.66071
984.97943	886.67993
985.39093	881.38391
985.80249	879.19257
986.21399	878.6228
986.62549	880.39526
987.03705	874.62396
987.44855	870.12903
987.86011	867.34338
988.27161	867.47131
988.68311	862.18268
989.09467	859.40173
989.50616	860.6496
989.91772	860.67615
990.32922	856.68237
990.74072	857.33997
991.15228	855.10236
991.56378	849.83441
991.97528	846.30902
992.38684	845.80902
992.79834	845.15771
993.2099	846.88849
993.6214	841.30237
994.0329	834.66327
994.44446	830.66998
994.85596	832.16229
995.26752	829.64557
995.67902	827.78265
996.09052	821.38855
996.50208	818.76306
996.91357	813.16571
997.32507	814.6582
997.73663	812.63373
998.14813	811.08289
998.55969	807.30432
998.97119	802.95789
999.38269	799.31482
999.79425	797.3891
1000.2057	796.89435
1000.6173	792.01984
1001.0288	786.28326
1001.4403	782.97992
1001.8519	780.90833
1002.2634	780.75983
1002.6749	779.224
1003.0864	775.16644
1003.4979	771.07068
1003.9095	769.73328
1004.321	766.46124
1004.7325	762.89093
1005.144	757.48602
1005.5555	755.83112
1005.9671	748.62317
1006.3786	747.86548
1006.7901	745.78009
1007.2017	744.04706
1007.6132	738.72424
1008.0247	735.50378
1008.4362	733.98059
1008.8477	725.86633
1009.2593	722.91119
1009.6708	720.71332
1010.0823	714.16956
1010.4938	711.28107
1010.9053	709.34625
1011.3169	705.74005
1011.7284	699.05389
1012.1399	698.25049
1012.5515	696.61737
1012.963	695.47296
1013.3745	689.03735
1013.786	685.32495
1014.1975	679.677
1014.6091	679.87598
1015.0206	675.52472
1015.4321	670.28198
1015.8436	665.90912
1016.2551	665.71027
1016.6667	663.20947
1017.0782	656.43982
1017.4897	652.07074
1017.9012	651.52631
1018.3127	646.99426
1018.7243	642.1051
1019.1358	638.67505
1019.5473	633.672
1019.9589	629.12665
1020.3704	629.17902
1020.7819	625.89081
1021.1934	622.573
1021.6049	618.11365
1022.0165	613.17041
1022.428	611.9079
1022.8395	610.4834
1023.251	606.37274
1023.6625	599.36176
1024.0741	593.62305
1024.4856	591.30762
1024.8971	585.24341
1025.3086	580.57776
1025.7202	578.72931
1026.1317	574.69702
1026.5432	571.14276
1026.9547	568.66052
1027.3662	567.18842
1027.7778	562.89954
1028.1893	557.77356
1028.6008	552.04596
1029.0123	549.8114
1029.4238	546.20215
1029.8354	543.33044
1030.2469	543.27997
1030.6584	538.76587
1031.0699	533.51062
1031.4814	531.69043
1031.8929	530.57416
1032.3046	527.4884
1032.7161	523.29517
1033.1276	519.37817
1033.5391	518.14282
1033.9506	515.33643
1034.3622	511.16782
1034.7737	510.08334
1035.1852	508.66272
1035.5967	506.35876
1036.0082	502.87964
1036.4198	500.39639
1036.8313	497.00702
1037.2428	493.80029
1037.6543	491.99387
1038.0658	490.40421
1038.4774	490.56686
1038.8889	484.18307
1039.3004	479.4968
1039.7119	478.23126
1040.1234	475.68713
1040.535	470.15213
1040.9465	465.56525
1041.358	463.3866
1041.7695	460.75964
1042.181	458.26215
1042.5927	454.5799
1043.0042	451.44385
1043.4156	444.38785
1043.8271	442.45996
1044.2386	442.82983
1044.6501	439.55228
1045.0618	435.04276
1045.4733	431.38699
1045.8848	431.51712
1046.2963	425.43317
1046.7078	423.40448
1047.1194	421.16479
1047.5309	419.34854
1047.9424	414.95694
1048.3539	414.01093
1048.7654	412.77017
1049.177	413.17032
1049.5885	407.4263
1050	403.48627
1050.4115	403.91779
1050.823	401.07578
1051.2346	398.181
1051.6461	398.39688
1052.0576	394.8689
1052.4691	393.62589
1052.8806	389.81384
1053.2922	391.01382
1053.7037	389.04395
1054.1152	386.76709
1054.5267	385.42999
1054.9382	385.18945
1055.3499	381.88284
1055.7614	379.6319
1056.1729	375.17142
1056.5844	372.39203
1056.9958	371.99176
1057.4073	374.28165
1057.819	370.31857
1058.2305	366.70193
1058.642	367.51096
1059.0535	361.55188
1059.465	361.29517
1059.8766	358.1524
1060.2881	354.96484
1060.6996	353.12531
1061.1111	352.59308
1061.5226	349.12784
1061.9342	346.12228
1062.3457	343.91016
1062.7572	340.66434
1063.1687	339.79858
1063.5802	337.95212
1063.9918	336.84509
1064.4033	334.59842
1064.8148	330.85709
1065.2263	327.1694
1065.6378	330.50128
1066.0494	328.75601
1066.4609	326.67789
1066.8724	322.14923
1067.2839	321.2854
1067.6954	316.58093
1068.1071	315.82098
1068.5186	313.95984
1068.9301	313.15991
1069.3416	313.66049
1069.7531	309.83658
1070.1646	311.78448
1070.5762	309.74728
1070.9877	307.46542
1071.3992	308.45874
1071.8107	308.48553
1072.2222	306.81253
1072.6338	304.93015
1073.0453	304.24561
1073.4568	299.06424
1073.8683	297.58347
1074.2798	297.30884
1074.6914	299.00797
1075.1029	295.74881
1075.5144	296.71884
1075.9259	290.86707
1076.3374	289.16418
1076.749	285.66382
1077.1605	289.12503
1077.572	287.97311
1077.9835	288.72809
1078.395	285.65408
1078.8066	283.19199
1079.2181	281.80948
1079.6296	280.37265
1080.0411	276.80905
1080.4526	277.96161
1080.8643	276.49078
1081.2758	272.17703
1081.6873	273.534
1082.0988	275.77756
1082.5103	272.68628
1082.9218	266.74677
1083.3334	262.38275
1083.7449	263.6329
1084.1564	265.45898
1084.5679	264.93262
1084.9794	261.35141
1085.391	259.87363
1085.8025	256.52649
1086.214	253.99248
1086.6255	252.57338
1087.037	253.93689
1087.4486	252.57664
1087.8601	251.58279
1088.2716	250.51506
1088.6831	251.14862
1089.0946	250.19055
1089.5062	245.56148
1089.9177	245.13422
1090.3292	244.55399
1090.7407	241.70784
1091.1522	242.97359
1091.5638	241.33153
1091.9753	242.04066
1092.3868	239.38644
1092.7983	235.82275
1093.2098	234.77954
1093.6215	234.86023
1094.033	232.53839
1094.4445	230.41153
1094.856	228.74619
1095.2675	227.94504
1095.679	230.42474
1096.0906	229.65862
1096.5021	228.35075
1096.9136	224.43307
1097.3251	221.82416
1097.7366	225.14455
1098.1482	224.45045
1098.5597	223.18788
1098.9712	221.99548
1099.3827	220.88214
1099.7942	219.72559
1100.2058	219.75696
1100.6173	219.51869
1101.0288	218.53159
1101.4403	214.37814
1101.8518	213.92055
1102.2634	215.48088
1102.6749	214.34412
1103.0864	212.04626
1103.4979	210.60838
1103.9094	208.58928
1104.321	211.14104
1104.7325	210.77174
1105.144	208.09341
1105.5555	206.36273
1105.967	204.35909
1106.3785	205.59343
1106.7902	205.67996
1107.2017	203.8998
1107.6132	204.92355
1108.0247	203.5817
1108.4362	201.60345
1108.8478	200.09734
1109.2593	198.57202
1109.6708	195.7435
1110.0823	196.22981
1110.4938	196.08147
1110.9054	195.35612
1111.3169	193.61728
1111.7284	195.38107
1112.1399	196.28218
1112.5514	193.05479
1112.963	191.14299
1113.3745	188.73164
1113.786	187.29521
1114.1975	185.79819
1114.609	184.67883
1115.0206	185.27887
1115.4321	183.41148
1115.8436	182.588
1116.2551	180.69066
1116.6666	179.3831
1117.0782	179.16911
1117.4897	176.58223
1117.9012	173.63904
1118.3127	174.91316
1118.7242	175.44456
1119.1357	173.69563
1119.5474	171.84753
1119.9589	172.51759
1120.3704	173.05515
1120.7819	171.12335
1121.1934	170.61012
1121.605	169.26581
1122.0165	167.92946
1122.428	167.55724
1122.8395	167.15958
1123.251	164.3007
1123.6626	162.46796
1124.0741	161.1962
1124.4856	161.55107
1124.8971	162.49194
1125.3086	161.30371
1125.7202	160.33368
1126.1317	159.21074
1126.5432	158.57808
1126.9547	158.50723
1127.3662	159.2554
1127.7778	157.03656
1128.1893	151.7292
1128.6008	152.25462
1129.0123	152.66876
1129.4238	153.90913
1129.8354	154.26656
1130.2469	154.16087
1130.6584	152.18204
1131.0699	152.61714
1131.4814	149.11777
1131.8929	148.58386
1132.3046	147.52365
1132.7161	147.41383
1133.1276	146.61792
1133.5391	144.37955
1133.9506	144.79915
1134.3622	144.23427
1134.7737	143.14452
1135.1852	139.95483
1135.5967	138.4192
1136.0082	139.53665
1136.4198	137.9144
1136.8313	133.70589
1137.2428	134.72562
1137.6543	132.87233
1138.0658	132.63571
1138.4774	131.57466
1138.8889	131.59711
1139.3004	134.20271
1139.7119	134.46539
1140.1234	131.9205
1140.535	129.87553
1140.9465	129.36523
1141.358	129.32477
1141.7695	131.07855
1142.181	128.9787
1142.5927	126.31878
1143.0042	126.11963
1143.4156	127.25068
1143.8271	125.1082
1144.2386	121.82718
1144.6501	123.84921
1145.0618	122.43127
1145.4733	120.87608
1145.8848	120.02518
1146.2963	119.87452
1146.7078	119.49069
1147.1194	120.58915
1147.5309	121.12815
1147.9424	120.16696
1148.3539	117.37885
1148.7654	114.11038
1149.177	116.98964
1149.5885	117.90054
1150	116.06115
1150.4115	116.309
1150.823	117.62318
1151.2346	116.87836
1151.6461	116.98959
1152.0576	116.50034
1152.4691	113.34703
1152.8806	112.82973
1153.2922	113.59055
1153.7037	111.79426
1154.1152	107.61274
1154.5267	108.21529
1154.9382	108.50114
1155.3499	108.07939
1155.7614	109.21079
1156.1729	106.13464
1156.5844	107.46766
1156.9958	105.70394
1157.4073	103.99181
1157.819	101.45598
1158.2305	104.24468
1158.642	103.37227
1159.0535	104.54163
1159.465	104.05605
1159.8766	101.07397
1160.2881	100.3728
1160.6996	101.23799
1161.1111	100.09898
1161.5226	99.607529
1161.9342	100.14357
1162.3457	99.488464
1162.7572	97.134979
1163.1687	98.200394
1163.5802	95.552162
1163.9918	95.750816
1164.4033	98.591011
1164.8148	98.191109
1165.2263	94.649734
1165.6378	91.820625
1166.0494	91.507774
1166.4609	91.808075
1166.8724	92.00946
1167.2839	92.743698
1167.6954	92.27562
1168.1071	94.814102
1168.5186	93.286339
1168.9301	91.627159
1169.3416	91.815887
1169.7531	92.373123
1170.1646	91.870255
1170.5762	92.181282
1170.9877	88.953842
1171.3992	87.020241
1171.8107	86.189217
1172.2222	85.968887
1172.6338	87.465225
1173.0453	88.747452
1173.4568	88.943687
1173.8683	84.861191
1174.2798	86.014641
1174.6914	85.380028
1175.1029	86.743317
1175.5144	84.227005
1175.9259	81.631073
1176.3374	79.530182
1176.749	78.252548
1177.1605	81.292633
1177.572	81.018295
1177.9835	79.931412
1178.395	80.067001
1178.8066	80.597694
1179.2181	78.446358
1179.6296	80.407631
1180.0411	83.177635
1180.4526	78.397774
1180.8643	76.967751
1181.2758	75.637527
1181.6873	74.303719
1182.0988	75.355286
1182.5103	74.506363
1182.9218	74.593803
1183.3334	75.765472
1183.7449	75.023468
1184.1564	74.383453
1184.5679	74.123848
1184.9794	70.633057
1185.391	69.931709
1185.8025	70.247566
1186.214	68.140442
1186.6255	68.22541
1187.037	68.237137
1187.4486	66.885864
1187.8601	65.819527
1188.2716	68.71891
1188.6831	71.075745
1189.0946	72.939224
1189.5062	70.439346
1189.9177	67.849365
1190.3292	67.748825
1190.7407	69.350632
1191.1522	69.75489
1191.5638	66.865921
1191.9753	63.194366
1192.3868	64.830566
1192.7983	66.791298
1193.2098	66.062851
1193.6215	65.700249
1194.033	61.85025
1194.4445	60.793793
1194.856	61.559444
1195.2675	59.02589
1195.679	56.491501
1196.0906	59.301552
1196.5021	61.316669
1196.9136	59.993092
1197.3251	60.250027
1197.7366	60.039749
1198.1482	57.279968
1198.5597	58.313141
1198.9712	59.754375
1199.3827	57.053696
1199.7942	57.704796
1200.2058	59.331059
1200.6173	56.668453
1201.0288	54.631805
1201.4403	53.573292
1201.8518	53.577293
1202.2634	53.879807
1202.6749	54.186768
1203.0864	56.241661
1203.4979	54.492836
1203.9094	53.784622
1204.321	54.011127
1204.7325	54.876312
1205.144	55.287014
1205.5555	54.640392
1205.967	54.195583
1206.3785	52.260849
1206.7902	50.448006
1207.2017	48.353653
1207.6132	47.064632
1208.0247	48.302158
1208.4362	52.295353
1208.8478	53.130024
1209.2593	51.117249
1209.6708	50.420712
1210.0823	49.557724
1210.4938	47.628143
1210.9054	46.101234
1211.3169	46.260864
1211.7284	47.738579
1212.1399	47.26495
1212.5514	45.69698
1212.963	45.04866
1213.3745	45.787361
1213.786	46.282433
1214.1975	45.794407
1214.609	44.165596
1215.0206	43.301231
1215.4321	42.605492
1215.8436	43.752388
1216.2551	46.130268
1216.6666	44.967487
1217.0782	43.672153
1217.4897	43.259583
1217.9012	42.041248
1218.3127	39.994865
1218.7242	40.342514
1219.1357	40.689156
1219.5474	40.23064
1219.9589	39.583687
1220.3704	40.501617
1220.7819	42.386246
1221.1934	41.437065
1221.605	38.855488
1222.0165	37.595802
1222.428	38.366577
1222.8395	37.682198
1223.251	36.406116
1223.6626	36.428963
1224.0741	35.210773
1224.4856	34.587303
1224.8971	34.612217
1225.3086	32.634315
1225.7202	31.113447
1226.1317	31.051352
1226.5432	32.93618
1226.9547	32.699253
1227.3662	31.802891
1227.7778	33.749886
1228.1893	35.827114
1228.6008	34.83672
1229.0123	30.39789
1229.4238	28.453577
1229.8354	30.47049
1230.2469	30.881969
1230.6584	30.722139
1231.0699	31.602991
1231.4814	31.41515
1231.8929	30.018513
1232.3046	29.695024
1232.7161	31.988781
1233.1276	33.198158
1233.5391	32.795448
1233.9506	31.70364
1234.3622	30.0944
1234.7737	28.777496
1235.1852	28.127867
1235.5967	27.370079
1236.0082	27.898539
1236.4198	29.13369
1236.8313	27.127388
1237.2428	26.482254
1237.6543	26.764982
1238.0658	24.107767
1238.4774	25.225784
1238.8889	28.071882
1239.3004	29.138805
1239.7119	29.091976
1240.1234	28.204382
1240.535	24.850689
1240.9465	24.747259
1241.358	25.5084
1241.7695	26.972233
1242.181	26.498325
1242.5927	27.778755
1243.0042	27.071241
1243.4156	26.469301
1243.8271	26.631487
1244.2386	25.058781
1244.6501	23.489826
1245.0618	24.527901
1245.4733	26.456133
1245.8848	27.64896
1246.2963	26.05689
1246.7078	25.575251
1247.1194	25.046799
1247.5309	24.187458
1247.9424	22.089581
1248.3539	22.115183
1248.7654	22.861694
1249.177	23.044149
1249.5885	24.384254
1250	25.799374
