5.800E-2	1.300E+0	6.709E-4	-8.722E-4
3.740E-1	1.294E+0	5.735E-4	-7.418E-4
4.560E-1	1.287E+0	4.889E-4	-6.292E-4
5.390E-1	1.281E+0	4.137E-4	-5.297E-4
6.370E-1	1.274E+0	3.441E-4	-4.384E-4
7.200E-1	1.268E+0	2.807E-4	-3.558E-4
8.030E-1	1.261E+0	2.224E-4	-2.804E-4
8.850E-1	1.255E+0	1.690E-4	-2.120E-4
9.690E-1	1.248E+0	1.200E-4	-1.497E-4
1.051E+0	1.242E+0	7.743E-5	-9.613E-5
1.195E+0	1.235E+0	3.296E-5	-4.071E-5
1.278E+0	1.229E+0	-1.835E-7	2.255E-7
1.498E+0	1.222E+0	-3.768E-5	4.604E-5
1.704E+0	1.216E+0	-7.197E-5	8.748E-5
1.787E+0	1.209E+0	-1.017E-4	1.229E-4
1.869E+0	1.203E+0	-1.290E-4	1.551E-4
2.067E+0	1.196E+0	-1.532E-4	1.833E-4
2.151E+0	1.190E+0	-1.763E-4	2.097E-4
2.234E+0	1.183E+0	-1.969E-4	2.330E-4
2.316E+0	1.177E+0	-2.159E-4	2.540E-4
2.399E+0	1.170E+0	-2.325E-4	2.720E-4
2.489E+0	1.164E+0	-2.485E-4	2.892E-4
2.584E+0	1.157E+0	-2.618E-4	3.029E-4
2.667E+0	1.151E+0	-2.747E-4	3.161E-4
2.750E+0	1.144E+0	-2.862E-4	3.274E-4
2.833E+0	1.138E+0	-2.968E-4	3.376E-4
2.916E+0	1.131E+0	-3.062E-4	3.463E-4
2.998E+0	1.125E+0	-3.147E-4	3.539E-4
3.081E+0	1.118E+0	-3.219E-4	3.599E-4
3.171E+0	1.112E+0	-3.291E-4	3.658E-4
3.267E+0	1.105E+0	-3.354E-4	3.706E-4
3.349E+0	1.099E+0	-3.411E-4	3.747E-4
3.432E+0	1.092E+0	-3.460E-4	3.778E-4
3.514E+0	1.086E+0	-3.508E-4	3.807E-4
3.598E+0	1.079E+0	-3.552E-4	3.833E-4
3.680E+0	1.073E+0	-3.590E-4	3.851E-4
3.763E+0	1.066E+0	-3.624E-4	3.863E-4
3.853E+0	1.060E+0	-3.657E-4	3.875E-4
3.949E+0	1.053E+0	-3.687E-4	3.882E-4
4.033E+0	1.047E+0	-3.715E-4	3.887E-4
4.115E+0	1.040E+0	-3.740E-4	3.890E-4
4.198E+0	1.034E+0	-3.764E-4	3.891E-4
4.281E+0	1.027E+0	-3.788E-4	3.890E-4
4.365E+0	1.021E+0	-3.806E-4	3.884E-4
4.447E+0	1.014E+0	-3.823E-4	3.876E-4
4.544E+0	1.008E+0	-3.840E-4	3.869E-4
4.627E+0	1.001E+0	-3.857E-4	3.861E-4
4.710E+0	9.945E-1	-3.873E-4	3.852E-4
4.793E+0	9.880E-1	-3.887E-4	3.841E-4
4.876E+0	9.815E-1	-3.901E-4	3.829E-4
4.959E+0	9.750E-1	-3.917E-4	3.819E-4
5.041E+0	9.685E-1	-3.928E-4	3.804E-4
5.125E+0	9.620E-1	-3.938E-4	3.788E-4
5.215E+0	9.555E-1	-3.948E-4	3.773E-4
5.310E+0	9.490E-1	-3.958E-4	3.756E-4
5.393E+0	9.425E-1	-3.968E-4	3.740E-4
5.477E+0	9.360E-1	-3.977E-4	3.723E-4
5.560E+0	9.295E-1	-3.987E-4	3.706E-4
5.642E+0	9.230E-1	-3.998E-4	3.690E-4
5.725E+0	9.165E-1	-4.006E-4	3.672E-4
5.808E+0	9.100E-1	-4.013E-4	3.652E-4
5.899E+0	9.035E-1	-4.020E-4	3.632E-4
5.994E+0	8.970E-1	-4.027E-4	3.612E-4
6.077E+0	8.905E-1	-4.035E-4	3.593E-4
6.159E+0	8.840E-1	-4.041E-4	3.572E-4
6.243E+0	8.775E-1	-4.048E-4	3.552E-4
6.326E+0	8.710E-1	-4.055E-4	3.532E-4
6.408E+0	8.645E-1	-4.063E-4	3.512E-4
6.491E+0	8.580E-1	-4.067E-4	3.489E-4
6.581E+0	8.515E-1	-4.073E-4	3.468E-4
6.677E+0	8.450E-1	-4.078E-4	3.446E-4
6.760E+0	8.385E-1	-4.084E-4	3.424E-4
6.843E+0	8.320E-1	-4.089E-4	3.402E-4
6.925E+0	8.255E-1	-4.095E-4	3.380E-4
7.009E+0	8.190E-1	-4.100E-4	3.358E-4
7.092E+0	8.125E-1	-4.106E-4	3.336E-4
7.174E+0	8.060E-1	-4.110E-4	3.313E-4
7.264E+0	7.995E-1	-4.115E-4	3.290E-4
7.361E+0	7.930E-1	-4.119E-4	3.266E-4
7.443E+0	7.865E-1	-4.123E-4	3.243E-4
7.526E+0	7.800E-1	-4.128E-4	3.220E-4
7.609E+0	7.735E-1	-4.132E-4	3.196E-4
7.691E+0	7.670E-1	-4.136E-4	3.173E-4
7.775E+0	7.605E-1	-4.141E-4	3.149E-4
7.858E+0	7.540E-1	-4.144E-4	3.124E-4
7.955E+0	7.475E-1	-4.147E-4	3.100E-4
8.038E+0	7.410E-1	-4.151E-4	3.076E-4
8.122E+0	7.345E-1	-4.155E-4	3.052E-4
8.205E+0	7.280E-1	-4.159E-4	3.028E-4
8.288E+0	7.215E-1	-4.163E-4	3.003E-4
8.370E+0	7.150E-1	-4.166E-4	2.979E-4
8.453E+0	7.085E-1	-4.172E-4	2.956E-4
8.536E+0	7.020E-1	-4.174E-4	2.930E-4
8.626E+0	6.955E-1	-4.177E-4	2.905E-4
8.724E+0	6.890E-1	-4.180E-4	2.880E-4
8.807E+0	6.825E-1	-4.184E-4	2.855E-4
8.890E+0	6.760E-1	-4.186E-4	2.830E-4
8.973E+0	6.695E-1	-4.190E-4	2.805E-4
9.056E+0	6.630E-1	-4.193E-4	2.780E-4
9.139E+0	6.565E-1	-4.198E-4	2.756E-4
9.222E+0	6.500E-1	-4.200E-4	2.730E-4
9.312E+0	6.435E-1	-4.203E-4	2.704E-4
9.407E+0	6.370E-1	-4.205E-4	2.678E-4
9.490E+0	6.305E-1	-4.208E-4	2.653E-4
9.573E+0	6.240E-1	-4.211E-4	2.628E-4
9.657E+0	6.175E-1	-4.214E-4	2.602E-4
9.740E+0	6.110E-1	-4.217E-4	2.576E-4
9.822E+0	6.045E-1	-4.220E-4	2.551E-4
9.905E+0	5.980E-1	-4.223E-4	2.525E-4
9.997E+0	5.915E-1	-4.225E-4	2.499E-4
1.009E+1	5.850E-1	-4.226E-4	2.472E-4
1.017E+1	5.785E-1	-4.230E-4	2.447E-4
1.026E+1	5.720E-1	-4.233E-4	2.421E-4
1.034E+1	5.655E-1	-4.235E-4	2.395E-4
1.042E+1	5.590E-1	-4.239E-4	2.369E-4
1.051E+1	5.525E-1	-4.241E-4	2.343E-4
1.059E+1	5.460E-1	-4.245E-4	2.318E-4
1.069E+1	5.395E-1	-4.246E-4	2.291E-4
1.077E+1	5.330E-1	-4.248E-4	2.264E-4
1.085E+1	5.265E-1	-4.250E-4	2.238E-4
1.094E+1	5.200E-1	-4.253E-4	2.211E-4
1.102E+1	5.135E-1	-4.254E-4	2.185E-4
1.110E+1	5.070E-1	-4.257E-4	2.158E-4
1.119E+1	5.005E-1	-4.259E-4	2.132E-4
1.127E+1	4.940E-1	-4.263E-4	2.106E-4
1.135E+1	4.875E-1	-4.264E-4	2.079E-4
1.145E+1	4.810E-1	-4.266E-4	2.052E-4
1.153E+1	4.745E-1	-4.268E-4	2.025E-4
1.162E+1	4.680E-1	-4.270E-4	1.999E-4
1.170E+1	4.615E-1	-4.273E-4	1.972E-4
1.178E+1	4.550E-1	-4.275E-4	1.945E-4
1.186E+1	4.485E-1	-4.277E-4	1.918E-4
1.195E+1	4.420E-1	-4.281E-4	1.892E-4
1.203E+1	4.355E-1	-4.282E-4	1.865E-4
1.212E+1	4.290E-1	-4.285E-4	1.838E-4
1.221E+1	4.225E-1	-4.285E-4	1.810E-4
1.230E+1	4.160E-1	-4.288E-4	1.784E-4
1.238E+1	4.095E-1	-4.290E-4	1.757E-4
1.246E+1	4.030E-1	-4.292E-4	1.730E-4
1.255E+1	3.965E-1	-4.295E-4	1.703E-4
1.263E+1	3.900E-1	-4.297E-4	1.676E-4
1.271E+1	3.835E-1	-4.300E-4	1.649E-4
1.280E+1	3.770E-1	-4.301E-4	1.622E-4
1.290E+1	3.705E-1	-4.302E-4	1.594E-4
1.298E+1	3.640E-1	-4.305E-4	1.567E-4
1.306E+1	3.575E-1	-4.306E-4	1.539E-4
1.315E+1	3.510E-1	-4.308E-4	1.512E-4
1.323E+1	3.445E-1	-4.310E-4	1.485E-4
1.331E+1	3.380E-1	-4.311E-4	1.457E-4
1.340E+1	3.315E-1	-4.314E-4	1.430E-4
1.349E+1	3.250E-1	-4.316E-4	1.403E-4
1.358E+1	3.185E-1	-4.317E-4	1.375E-4
1.366E+1	3.120E-1	-4.318E-4	1.347E-4
1.374E+1	3.055E-1	-4.320E-4	1.320E-4
1.383E+1	2.990E-1	-4.322E-4	1.292E-4
1.391E+1	2.925E-1	-4.324E-4	1.265E-4
1.399E+1	2.860E-1	-4.326E-4	1.237E-4
1.407E+1	2.795E-1	-4.328E-4	1.210E-4
1.417E+1	2.730E-1	-4.330E-4	1.182E-4
1.426E+1	2.665E-1	-4.331E-4	1.154E-4
1.434E+1	2.600E-1	-4.333E-4	1.126E-4
1.443E+1	2.535E-1	-4.335E-4	1.099E-4
1.451E+1	2.470E-1	-4.337E-4	1.071E-4
1.459E+1	2.405E-1	-4.338E-4	1.043E-4
1.468E+1	2.340E-1	-4.339E-4	1.015E-4
1.476E+1	2.275E-1	-4.343E-4	9.880E-5
1.485E+1	2.210E-1	-4.344E-4	9.600E-5
1.494E+1	2.145E-1	-4.345E-4	9.320E-5
1.503E+1	2.080E-1	-4.346E-4	9.041E-5
1.511E+1	2.015E-1	-4.349E-4	8.762E-5
1.519E+1	1.950E-1	-4.349E-4	8.481E-5
1.528E+1	1.885E-1	-4.351E-4	8.202E-5
1.536E+1	1.820E-1	-4.352E-4	7.921E-5
1.544E+1	1.755E-1	-4.356E-4	7.644E-5
1.553E+1	1.690E-1	-4.356E-4	7.362E-5
1.563E+1	1.625E-1	-4.358E-4	7.082E-5
1.571E+1	1.560E-1	-4.359E-4	6.800E-5
1.580E+1	1.495E-1	-4.361E-4	6.519E-5
1.588E+1	1.430E-1	-4.362E-4	6.238E-5
1.596E+1	1.365E-1	-4.364E-4	5.957E-5
1.605E+1	1.300E-1	-4.366E-4	5.675E-5
1.613E+1	1.235E-1	-4.369E-4	5.395E-5
1.621E+1	1.170E-1	-4.369E-4	5.111E-5
1.630E+1	1.105E-1	-4.370E-4	4.829E-5
1.640E+1	1.040E-1	-4.371E-4	4.546E-5
1.648E+1	9.750E-2	-4.372E-4	4.263E-5
1.657E+1	9.100E-2	-4.374E-4	3.980E-5
1.665E+1	8.450E-2	-4.375E-4	3.697E-5
1.673E+1	7.800E-2	-4.377E-4	3.414E-5
1.681E+1	7.150E-2	-4.378E-4	3.130E-5
1.690E+1	6.500E-2	-4.381E-4	2.847E-5
1.699E+1	5.850E-2	-4.381E-4	2.563E-5
1.708E+1	5.200E-2	-4.383E-4	2.279E-5
1.717E+1	4.550E-2	-4.383E-4	1.994E-5
1.725E+1	3.900E-2	-4.385E-4	1.710E-5
1.733E+1	3.250E-2	-4.387E-4	1.426E-5
1.741E+1	2.600E-2	-4.388E-4	1.141E-5
1.750E+1	1.950E-2	-4.390E-4	8.560E-6
1.758E+1	1.300E-2	-4.392E-4	5.710E-6
1.768E+1	6.500E-3	-4.394E-4	2.856E-6
1.776E+1	5.782E-15	-4.394E-4	2.541E-18
