1.130E-1	1.211E+0	0.000E+0	0.000E+0
3.130E-1	1.216E+0	0.000E+0	0.000E+0
4.130E-1	1.221E+0	0.000E+0	0.000E+0
5.130E-1	1.224E+0	0.000E+0	0.000E+0
6.130E-1	1.226E+0	0.000E+0	0.000E+0
7.130E-1	1.227E+0	0.000E+0	0.000E+0
8.130E-1	1.228E+0	0.000E+0	0.000E+0
9.130E-1	1.229E+0	0.000E+0	0.000E+0
1.013E+0	1.230E+0	0.000E+0	0.000E+0
1.113E+0	1.230E+0	0.000E+0	0.000E+0
1.213E+0	1.230E+0	0.000E+0	0.000E+0
1.313E+0	1.231E+0	0.000E+0	0.000E+0
1.413E+0	1.231E+0	0.000E+0	0.000E+0
1.513E+0	1.231E+0	0.000E+0	0.000E+0
1.613E+0	1.231E+0	0.000E+0	0.000E+0
1.713E+0	1.231E+0	0.000E+0	0.000E+0
1.813E+0	1.231E+0	0.000E+0	0.000E+0
1.913E+0	1.231E+0	0.000E+0	0.000E+0
2.013E+0	1.232E+0	0.000E+0	0.000E+0
2.113E+0	1.232E+0	0.000E+0	0.000E+0
2.213E+0	1.232E+0	0.000E+0	0.000E+0
2.313E+0	1.232E+0	0.000E+0	0.000E+0
2.413E+0	1.232E+0	0.000E+0	0.000E+0
2.513E+0	1.232E+0	0.000E+0	0.000E+0
2.613E+0	1.232E+0	0.000E+0	0.000E+0
2.713E+0	1.232E+0	0.000E+0	0.000E+0
2.813E+0	1.232E+0	0.000E+0	0.000E+0
2.913E+0	1.232E+0	0.000E+0	0.000E+0
3.013E+0	1.232E+0	0.000E+0	0.000E+0
3.113E+0	1.232E+0	0.000E+0	0.000E+0
3.213E+0	1.232E+0	0.000E+0	0.000E+0
3.313E+0	1.232E+0	0.000E+0	0.000E+0
3.413E+0	1.232E+0	0.000E+0	0.000E+0
3.513E+0	1.232E+0	0.000E+0	0.000E+0
3.613E+0	1.232E+0	0.000E+0	0.000E+0
3.713E+0	1.232E+0	0.000E+0	0.000E+0
3.813E+0	1.232E+0	0.000E+0	0.000E+0
3.913E+0	1.232E+0	0.000E+0	0.000E+0
4.013E+0	1.232E+0	0.000E+0	0.000E+0
4.113E+0	1.232E+0	0.000E+0	0.000E+0
4.213E+0	1.232E+0	0.000E+0	0.000E+0
4.313E+0	1.232E+0	0.000E+0	0.000E+0
4.413E+0	1.232E+0	0.000E+0	0.000E+0
4.513E+0	1.232E+0	0.000E+0	0.000E+0
4.613E+0	1.232E+0	0.000E+0	0.000E+0
4.713E+0	1.232E+0	0.000E+0	0.000E+0
4.813E+0	1.232E+0	0.000E+0	0.000E+0
4.913E+0	1.232E+0	0.000E+0	0.000E+0
5.013E+0	1.232E+0	0.000E+0	0.000E+0
5.113E+0	1.232E+0	0.000E+0	0.000E+0
5.213E+0	1.232E+0	0.000E+0	0.000E+0
5.313E+0	1.232E+0	0.000E+0	0.000E+0
5.413E+0	1.232E+0	0.000E+0	0.000E+0
5.513E+0	1.232E+0	0.000E+0	0.000E+0
5.613E+0	1.232E+0	0.000E+0	0.000E+0
5.713E+0	1.232E+0	0.000E+0	0.000E+0
5.813E+0	1.232E+0	0.000E+0	0.000E+0
5.913E+0	1.232E+0	0.000E+0	0.000E+0
6.013E+0	1.232E+0	0.000E+0	0.000E+0
6.113E+0	1.232E+0	0.000E+0	0.000E+0
6.213E+0	1.232E+0	0.000E+0	0.000E+0
6.313E+0	1.232E+0	0.000E+0	0.000E+0
6.413E+0	1.232E+0	0.000E+0	0.000E+0
6.513E+0	1.232E+0	0.000E+0	0.000E+0
6.613E+0	1.232E+0	0.000E+0	0.000E+0
6.713E+0	1.232E+0	0.000E+0	0.000E+0
6.813E+0	1.232E+0	0.000E+0	0.000E+0
6.913E+0	1.232E+0	0.000E+0	0.000E+0
7.013E+0	1.232E+0	0.000E+0	0.000E+0
7.113E+0	1.232E+0	0.000E+0	0.000E+0
7.213E+0	1.232E+0	0.000E+0	0.000E+0
7.313E+0	1.232E+0	0.000E+0	0.000E+0
7.413E+0	1.232E+0	0.000E+0	0.000E+0
7.513E+0	1.232E+0	0.000E+0	0.000E+0
7.613E+0	1.232E+0	0.000E+0	0.000E+0
7.713E+0	1.232E+0	0.000E+0	0.000E+0
7.813E+0	1.232E+0	0.000E+0	0.000E+0
7.913E+0	1.232E+0	0.000E+0	0.000E+0
8.013E+0	1.232E+0	0.000E+0	0.000E+0
8.113E+0	1.232E+0	0.000E+0	0.000E+0
8.213E+0	1.232E+0	0.000E+0	0.000E+0
8.313E+0	1.232E+0	0.000E+0	0.000E+0
8.413E+0	1.232E+0	0.000E+0	0.000E+0
8.513E+0	1.232E+0	0.000E+0	0.000E+0
8.613E+0	1.232E+0	0.000E+0	0.000E+0
8.713E+0	1.232E+0	0.000E+0	0.000E+0
8.813E+0	1.232E+0	0.000E+0	0.000E+0
8.913E+0	1.232E+0	0.000E+0	0.000E+0
9.013E+0	1.232E+0	0.000E+0	0.000E+0
9.113E+0	1.232E+0	0.000E+0	0.000E+0
9.213E+0	1.232E+0	0.000E+0	0.000E+0
9.313E+0	1.232E+0	0.000E+0	0.000E+0
9.413E+0	1.232E+0	0.000E+0	0.000E+0
9.513E+0	1.232E+0	0.000E+0	0.000E+0
9.613E+0	1.232E+0	0.000E+0	0.000E+0
9.713E+0	1.232E+0	0.000E+0	0.000E+0
9.813E+0	1.232E+0	0.000E+0	0.000E+0
9.913E+0	1.232E+0	0.000E+0	0.000E+0
1.001E+1	1.232E+0	0.000E+0	0.000E+0
1.011E+1	1.232E+0	0.000E+0	0.000E+0
1.021E+1	1.232E+0	0.000E+0	0.000E+0
1.031E+1	1.231E+0	0.000E+0	0.000E+0
1.041E+1	1.231E+0	0.000E+0	0.000E+0
1.051E+1	1.231E+0	0.000E+0	0.000E+0
1.061E+1	1.231E+0	0.000E+0	0.000E+0
1.071E+1	1.231E+0	0.000E+0	0.000E+0
1.081E+1	1.231E+0	0.000E+0	0.000E+0
1.091E+1	1.231E+0	0.000E+0	0.000E+0
1.101E+1	1.231E+0	0.000E+0	0.000E+0
1.111E+1	1.231E+0	0.000E+0	0.000E+0
1.121E+1	1.231E+0	0.000E+0	0.000E+0
1.131E+1	1.231E+0	0.000E+0	0.000E+0
1.141E+1	1.231E+0	0.000E+0	0.000E+0
1.151E+1	1.231E+0	0.000E+0	0.000E+0
1.161E+1	1.231E+0	0.000E+0	0.000E+0
1.171E+1	1.231E+0	0.000E+0	0.000E+0
1.181E+1	1.231E+0	0.000E+0	0.000E+0
1.191E+1	1.231E+0	0.000E+0	0.000E+0
1.201E+1	1.231E+0	0.000E+0	0.000E+0
1.211E+1	1.231E+0	0.000E+0	0.000E+0
1.221E+1	1.231E+0	0.000E+0	0.000E+0
1.231E+1	1.231E+0	0.000E+0	0.000E+0
1.241E+1	1.231E+0	0.000E+0	0.000E+0
1.251E+1	1.231E+0	0.000E+0	0.000E+0
1.261E+1	1.231E+0	0.000E+0	0.000E+0
1.271E+1	1.231E+0	0.000E+0	0.000E+0
1.281E+1	1.231E+0	0.000E+0	0.000E+0
1.291E+1	1.231E+0	0.000E+0	0.000E+0
1.301E+1	1.231E+0	0.000E+0	0.000E+0
1.311E+1	1.231E+0	0.000E+0	0.000E+0
1.321E+1	1.231E+0	0.000E+0	0.000E+0
1.331E+1	1.231E+0	0.000E+0	0.000E+0
1.341E+1	1.231E+0	0.000E+0	0.000E+0
1.351E+1	1.231E+0	0.000E+0	0.000E+0
1.361E+1	1.231E+0	0.000E+0	0.000E+0
1.371E+1	1.231E+0	0.000E+0	0.000E+0
1.381E+1	1.231E+0	0.000E+0	0.000E+0
1.391E+1	1.231E+0	0.000E+0	0.000E+0
1.401E+1	1.231E+0	0.000E+0	0.000E+0
1.411E+1	1.231E+0	0.000E+0	0.000E+0
1.421E+1	1.231E+0	0.000E+0	0.000E+0
1.431E+1	1.231E+0	0.000E+0	0.000E+0
1.441E+1	1.231E+0	0.000E+0	0.000E+0
1.451E+1	1.231E+0	0.000E+0	0.000E+0
1.461E+1	1.231E+0	0.000E+0	0.000E+0
1.471E+1	1.231E+0	0.000E+0	0.000E+0
1.481E+1	1.231E+0	0.000E+0	0.000E+0
1.491E+1	1.231E+0	0.000E+0	0.000E+0
1.501E+1	1.231E+0	0.000E+0	0.000E+0
1.511E+1	1.231E+0	0.000E+0	0.000E+0
1.521E+1	1.231E+0	0.000E+0	0.000E+0
1.531E+1	1.231E+0	0.000E+0	0.000E+0
1.541E+1	1.231E+0	0.000E+0	0.000E+0
1.551E+1	1.231E+0	0.000E+0	0.000E+0
1.561E+1	1.231E+0	0.000E+0	0.000E+0
1.571E+1	1.231E+0	0.000E+0	0.000E+0
1.581E+1	1.231E+0	0.000E+0	0.000E+0
1.591E+1	1.231E+0	0.000E+0	0.000E+0
1.601E+1	1.231E+0	0.000E+0	0.000E+0
1.611E+1	1.231E+0	0.000E+0	0.000E+0
1.621E+1	1.231E+0	0.000E+0	0.000E+0
1.631E+1	1.231E+0	0.000E+0	0.000E+0
1.641E+1	1.231E+0	0.000E+0	0.000E+0
1.651E+1	1.231E+0	0.000E+0	0.000E+0
1.661E+1	1.231E+0	0.000E+0	0.000E+0
1.671E+1	1.231E+0	0.000E+0	0.000E+0
1.681E+1	1.231E+0	0.000E+0	0.000E+0
1.691E+1	1.231E+0	0.000E+0	0.000E+0
1.701E+1	1.231E+0	0.000E+0	0.000E+0
1.711E+1	1.230E+0	0.000E+0	0.000E+0
1.721E+1	1.230E+0	0.000E+0	0.000E+0
1.731E+1	1.230E+0	0.000E+0	0.000E+0
1.741E+1	1.230E+0	0.000E+0	0.000E+0
1.751E+1	1.230E+0	0.000E+0	0.000E+0
1.761E+1	1.230E+0	0.000E+0	0.000E+0
1.771E+1	1.230E+0	0.000E+0	0.000E+0
1.781E+1	1.230E+0	0.000E+0	0.000E+0
1.791E+1	1.230E+0	0.000E+0	0.000E+0
1.801E+1	1.230E+0	0.000E+0	0.000E+0
1.811E+1	1.230E+0	0.000E+0	0.000E+0
1.821E+1	1.230E+0	0.000E+0	0.000E+0
1.831E+1	1.230E+0	0.000E+0	0.000E+0
1.841E+1	1.230E+0	0.000E+0	0.000E+0
1.851E+1	1.230E+0	0.000E+0	0.000E+0
1.861E+1	1.230E+0	0.000E+0	0.000E+0
1.871E+1	1.230E+0	0.000E+0	0.000E+0
1.881E+1	1.230E+0	0.000E+0	0.000E+0
1.891E+1	1.230E+0	0.000E+0	0.000E+0
1.901E+1	1.230E+0	0.000E+0	0.000E+0
1.911E+1	1.230E+0	0.000E+0	0.000E+0
1.921E+1	1.230E+0	0.000E+0	0.000E+0
1.931E+1	1.230E+0	0.000E+0	0.000E+0
1.941E+1	1.230E+0	0.000E+0	0.000E+0
1.951E+1	1.230E+0	0.000E+0	0.000E+0
1.961E+1	1.230E+0	0.000E+0	0.000E+0
1.971E+1	1.230E+0	0.000E+0	0.000E+0
1.981E+1	1.230E+0	0.000E+0	0.000E+0
1.991E+1	1.230E+0	0.000E+0	0.000E+0
2.001E+1	1.230E+0	0.000E+0	0.000E+0
2.011E+1	1.230E+0	0.000E+0	0.000E+0
2.021E+1	1.230E+0	0.000E+0	0.000E+0
2.031E+1	1.230E+0	0.000E+0	0.000E+0
2.041E+1	1.230E+0	0.000E+0	0.000E+0
2.051E+1	1.230E+0	0.000E+0	0.000E+0
2.061E+1	1.230E+0	0.000E+0	0.000E+0
2.071E+1	1.230E+0	0.000E+0	0.000E+0
2.081E+1	1.230E+0	0.000E+0	0.000E+0
2.091E+1	1.230E+0	0.000E+0	0.000E+0
2.101E+1	1.230E+0	0.000E+0	0.000E+0
2.111E+1	1.230E+0	0.000E+0	0.000E+0
2.121E+1	1.230E+0	0.000E+0	0.000E+0
2.131E+1	1.230E+0	0.000E+0	0.000E+0
2.141E+1	1.230E+0	0.000E+0	0.000E+0
2.151E+1	1.230E+0	0.000E+0	0.000E+0
2.161E+1	1.230E+0	0.000E+0	0.000E+0
2.171E+1	1.230E+0	0.000E+0	0.000E+0
2.181E+1	1.230E+0	0.000E+0	0.000E+0
2.191E+1	1.230E+0	0.000E+0	0.000E+0
2.201E+1	1.230E+0	0.000E+0	0.000E+0
2.211E+1	1.230E+0	0.000E+0	0.000E+0
2.221E+1	1.230E+0	0.000E+0	0.000E+0
2.231E+1	1.230E+0	0.000E+0	0.000E+0
2.241E+1	1.230E+0	0.000E+0	0.000E+0
2.251E+1	1.230E+0	0.000E+0	0.000E+0
2.261E+1	1.230E+0	0.000E+0	0.000E+0
2.271E+1	1.230E+0	0.000E+0	0.000E+0
2.281E+1	1.230E+0	0.000E+0	0.000E+0
2.291E+1	1.230E+0	0.000E+0	0.000E+0
2.301E+1	1.230E+0	0.000E+0	0.000E+0
2.311E+1	1.230E+0	0.000E+0	0.000E+0
2.321E+1	1.230E+0	0.000E+0	0.000E+0
2.331E+1	1.230E+0	0.000E+0	0.000E+0
2.341E+1	1.229E+0	0.000E+0	0.000E+0
2.351E+1	1.229E+0	0.000E+0	0.000E+0
2.361E+1	1.229E+0	0.000E+0	0.000E+0
2.371E+1	1.229E+0	0.000E+0	0.000E+0
2.381E+1	1.229E+0	0.000E+0	0.000E+0
2.391E+1	1.229E+0	0.000E+0	0.000E+0
2.401E+1	1.229E+0	0.000E+0	0.000E+0
2.411E+1	1.229E+0	0.000E+0	0.000E+0
2.421E+1	1.229E+0	0.000E+0	0.000E+0
2.431E+1	1.229E+0	0.000E+0	0.000E+0
2.441E+1	1.229E+0	0.000E+0	0.000E+0
2.451E+1	1.229E+0	0.000E+0	0.000E+0
2.461E+1	1.229E+0	0.000E+0	0.000E+0
2.471E+1	1.229E+0	0.000E+0	0.000E+0
2.481E+1	1.229E+0	0.000E+0	0.000E+0
2.491E+1	1.229E+0	0.000E+0	0.000E+0
2.501E+1	1.229E+0	0.000E+0	0.000E+0
2.511E+1	1.229E+0	0.000E+0	0.000E+0
2.521E+1	1.229E+0	0.000E+0	0.000E+0
2.531E+1	1.229E+0	0.000E+0	0.000E+0
2.541E+1	1.229E+0	0.000E+0	0.000E+0
2.551E+1	1.229E+0	0.000E+0	0.000E+0
2.561E+1	1.229E+0	0.000E+0	0.000E+0
2.571E+1	1.229E+0	0.000E+0	0.000E+0
2.581E+1	1.229E+0	0.000E+0	0.000E+0
2.591E+1	1.229E+0	0.000E+0	0.000E+0
2.601E+1	1.229E+0	0.000E+0	0.000E+0
2.611E+1	1.229E+0	0.000E+0	0.000E+0
2.621E+1	1.229E+0	0.000E+0	0.000E+0
2.631E+1	1.229E+0	0.000E+0	0.000E+0
2.641E+1	1.229E+0	0.000E+0	0.000E+0
2.651E+1	1.229E+0	0.000E+0	0.000E+0
2.661E+1	1.229E+0	0.000E+0	0.000E+0
2.671E+1	1.229E+0	0.000E+0	0.000E+0
2.681E+1	1.229E+0	0.000E+0	0.000E+0
2.691E+1	1.229E+0	0.000E+0	0.000E+0
2.701E+1	1.229E+0	0.000E+0	0.000E+0
2.711E+1	1.229E+0	0.000E+0	0.000E+0
2.721E+1	1.229E+0	0.000E+0	0.000E+0
2.731E+1	1.229E+0	0.000E+0	0.000E+0
2.741E+1	1.229E+0	0.000E+0	0.000E+0
2.751E+1	1.229E+0	0.000E+0	0.000E+0
2.761E+1	1.229E+0	0.000E+0	0.000E+0
2.771E+1	1.229E+0	0.000E+0	0.000E+0
2.781E+1	1.229E+0	0.000E+0	0.000E+0
2.791E+1	1.229E+0	0.000E+0	0.000E+0
2.801E+1	1.229E+0	0.000E+0	0.000E+0
2.811E+1	1.229E+0	0.000E+0	0.000E+0
2.821E+1	1.229E+0	0.000E+0	0.000E+0
2.831E+1	1.229E+0	0.000E+0	0.000E+0
2.841E+1	1.229E+0	0.000E+0	0.000E+0
2.851E+1	1.229E+0	0.000E+0	0.000E+0
2.861E+1	1.229E+0	0.000E+0	0.000E+0
2.871E+1	1.229E+0	0.000E+0	0.000E+0
2.881E+1	1.229E+0	0.000E+0	0.000E+0
2.891E+1	1.229E+0	0.000E+0	0.000E+0
2.901E+1	1.229E+0	0.000E+0	0.000E+0
2.911E+1	1.229E+0	0.000E+0	0.000E+0
2.921E+1	1.229E+0	0.000E+0	0.000E+0
2.931E+1	1.229E+0	0.000E+0	0.000E+0
2.941E+1	1.229E+0	0.000E+0	0.000E+0
2.951E+1	1.229E+0	0.000E+0	0.000E+0
2.961E+1	1.229E+0	0.000E+0	0.000E+0
2.971E+1	1.229E+0	0.000E+0	0.000E+0
2.981E+1	1.229E+0	0.000E+0	0.000E+0
2.991E+1	1.229E+0	0.000E+0	0.000E+0
3.001E+1	1.229E+0	0.000E+0	0.000E+0
3.011E+1	1.229E+0	0.000E+0	0.000E+0
3.021E+1	1.229E+0	0.000E+0	0.000E+0
3.031E+1	1.228E+0	0.000E+0	0.000E+0
3.041E+1	1.228E+0	0.000E+0	0.000E+0
3.051E+1	1.228E+0	0.000E+0	0.000E+0
3.061E+1	1.228E+0	0.000E+0	0.000E+0
3.071E+1	1.228E+0	0.000E+0	0.000E+0
3.081E+1	1.228E+0	0.000E+0	0.000E+0
3.091E+1	1.228E+0	0.000E+0	0.000E+0
3.101E+1	1.228E+0	0.000E+0	0.000E+0
3.111E+1	1.228E+0	0.000E+0	0.000E+0
3.121E+1	1.228E+0	0.000E+0	0.000E+0
3.131E+1	1.228E+0	0.000E+0	0.000E+0
3.141E+1	1.228E+0	0.000E+0	0.000E+0
3.151E+1	1.228E+0	0.000E+0	0.000E+0
3.161E+1	1.228E+0	0.000E+0	0.000E+0
3.171E+1	1.228E+0	0.000E+0	0.000E+0
3.181E+1	1.228E+0	0.000E+0	0.000E+0
3.191E+1	1.228E+0	0.000E+0	0.000E+0
3.201E+1	1.228E+0	0.000E+0	0.000E+0
3.211E+1	1.228E+0	0.000E+0	0.000E+0
3.221E+1	1.228E+0	0.000E+0	0.000E+0
3.231E+1	1.228E+0	0.000E+0	0.000E+0
3.241E+1	1.228E+0	0.000E+0	0.000E+0
3.251E+1	1.228E+0	0.000E+0	0.000E+0
3.261E+1	1.228E+0	0.000E+0	0.000E+0
3.271E+1	1.228E+0	0.000E+0	0.000E+0
3.281E+1	1.228E+0	0.000E+0	0.000E+0
3.291E+1	1.228E+0	0.000E+0	0.000E+0
3.301E+1	1.228E+0	0.000E+0	0.000E+0
3.311E+1	1.228E+0	0.000E+0	0.000E+0
3.321E+1	1.228E+0	0.000E+0	0.000E+0
3.331E+1	1.228E+0	0.000E+0	0.000E+0
3.341E+1	1.228E+0	0.000E+0	0.000E+0
3.351E+1	1.228E+0	0.000E+0	0.000E+0
3.361E+1	1.228E+0	0.000E+0	0.000E+0
3.371E+1	1.228E+0	0.000E+0	0.000E+0
3.381E+1	1.228E+0	0.000E+0	0.000E+0
3.391E+1	1.228E+0	0.000E+0	0.000E+0
3.401E+1	1.228E+0	0.000E+0	0.000E+0
3.411E+1	1.228E+0	0.000E+0	0.000E+0
3.421E+1	1.228E+0	0.000E+0	0.000E+0
3.431E+1	1.228E+0	0.000E+0	0.000E+0
3.441E+1	1.228E+0	0.000E+0	0.000E+0
3.451E+1	1.228E+0	0.000E+0	0.000E+0
3.461E+1	1.228E+0	0.000E+0	0.000E+0
3.471E+1	1.228E+0	0.000E+0	0.000E+0
3.481E+1	1.228E+0	0.000E+0	0.000E+0
3.491E+1	1.228E+0	0.000E+0	0.000E+0
3.501E+1	1.228E+0	0.000E+0	0.000E+0
3.511E+1	1.228E+0	0.000E+0	0.000E+0
3.521E+1	1.228E+0	0.000E+0	0.000E+0
3.531E+1	1.228E+0	0.000E+0	0.000E+0
3.541E+1	1.228E+0	0.000E+0	0.000E+0
3.551E+1	1.228E+0	0.000E+0	0.000E+0
3.561E+1	1.228E+0	0.000E+0	0.000E+0
3.571E+1	1.228E+0	0.000E+0	0.000E+0
3.581E+1	1.228E+0	0.000E+0	0.000E+0
3.591E+1	1.228E+0	0.000E+0	0.000E+0
3.601E+1	1.228E+0	0.000E+0	0.000E+0
3.611E+1	1.228E+0	0.000E+0	0.000E+0
3.621E+1	1.228E+0	0.000E+0	0.000E+0
3.631E+1	1.228E+0	0.000E+0	0.000E+0
3.641E+1	1.228E+0	0.000E+0	0.000E+0
3.651E+1	1.228E+0	0.000E+0	0.000E+0
3.661E+1	1.228E+0	0.000E+0	0.000E+0
3.671E+1	1.228E+0	0.000E+0	0.000E+0
3.681E+1	1.228E+0	0.000E+0	0.000E+0
3.691E+1	1.228E+0	0.000E+0	0.000E+0
3.701E+1	1.228E+0	0.000E+0	0.000E+0
3.711E+1	1.228E+0	0.000E+0	0.000E+0
3.721E+1	1.228E+0	0.000E+0	0.000E+0
3.731E+1	1.228E+0	0.000E+0	0.000E+0
3.741E+1	1.227E+0	0.000E+0	0.000E+0
3.751E+1	1.227E+0	0.000E+0	0.000E+0
3.761E+1	1.227E+0	0.000E+0	0.000E+0
3.771E+1	1.227E+0	0.000E+0	0.000E+0
3.781E+1	1.227E+0	0.000E+0	0.000E+0
3.791E+1	1.227E+0	0.000E+0	0.000E+0
3.801E+1	1.227E+0	0.000E+0	0.000E+0
3.811E+1	1.227E+0	0.000E+0	0.000E+0
3.821E+1	1.227E+0	0.000E+0	0.000E+0
3.831E+1	1.227E+0	0.000E+0	0.000E+0
3.841E+1	1.227E+0	0.000E+0	0.000E+0
3.851E+1	1.227E+0	0.000E+0	0.000E+0
3.861E+1	1.227E+0	0.000E+0	0.000E+0
3.871E+1	1.227E+0	0.000E+0	0.000E+0
3.881E+1	1.227E+0	0.000E+0	0.000E+0
3.891E+1	1.227E+0	0.000E+0	0.000E+0
3.901E+1	1.227E+0	0.000E+0	0.000E+0
3.911E+1	1.227E+0	0.000E+0	0.000E+0
3.921E+1	1.227E+0	0.000E+0	0.000E+0
3.931E+1	1.227E+0	0.000E+0	0.000E+0
3.941E+1	1.227E+0	0.000E+0	0.000E+0
3.951E+1	1.227E+0	0.000E+0	0.000E+0
3.961E+1	1.227E+0	0.000E+0	0.000E+0
3.971E+1	1.227E+0	0.000E+0	0.000E+0
3.981E+1	1.227E+0	0.000E+0	0.000E+0
3.991E+1	1.227E+0	0.000E+0	0.000E+0
4.001E+1	1.227E+0	0.000E+0	0.000E+0
4.011E+1	1.227E+0	0.000E+0	0.000E+0
4.021E+1	1.227E+0	0.000E+0	0.000E+0
4.031E+1	1.227E+0	0.000E+0	0.000E+0
4.041E+1	1.227E+0	0.000E+0	0.000E+0
4.051E+1	1.227E+0	0.000E+0	0.000E+0
4.061E+1	1.227E+0	0.000E+0	0.000E+0
4.071E+1	1.227E+0	0.000E+0	0.000E+0
4.081E+1	1.227E+0	0.000E+0	0.000E+0
4.091E+1	1.227E+0	0.000E+0	0.000E+0
4.101E+1	1.227E+0	0.000E+0	0.000E+0
4.111E+1	1.227E+0	0.000E+0	0.000E+0
4.121E+1	1.227E+0	0.000E+0	0.000E+0
4.131E+1	1.227E+0	0.000E+0	0.000E+0
4.141E+1	1.227E+0	0.000E+0	0.000E+0
4.151E+1	1.227E+0	0.000E+0	0.000E+0
4.161E+1	1.227E+0	0.000E+0	0.000E+0
4.171E+1	1.227E+0	0.000E+0	0.000E+0
4.181E+1	1.227E+0	0.000E+0	0.000E+0
4.191E+1	1.227E+0	0.000E+0	0.000E+0
4.201E+1	1.227E+0	0.000E+0	0.000E+0
4.211E+1	1.227E+0	0.000E+0	0.000E+0
4.221E+1	1.227E+0	0.000E+0	0.000E+0
4.231E+1	1.227E+0	0.000E+0	0.000E+0
4.241E+1	1.227E+0	0.000E+0	0.000E+0
4.251E+1	1.227E+0	0.000E+0	0.000E+0
4.261E+1	1.227E+0	0.000E+0	0.000E+0
4.271E+1	1.227E+0	0.000E+0	0.000E+0
4.281E+1	1.227E+0	0.000E+0	0.000E+0
4.291E+1	1.227E+0	0.000E+0	0.000E+0
4.301E+1	1.227E+0	0.000E+0	0.000E+0
4.311E+1	1.227E+0	0.000E+0	0.000E+0
4.321E+1	1.227E+0	0.000E+0	0.000E+0
4.331E+1	1.227E+0	0.000E+0	0.000E+0
4.341E+1	1.227E+0	0.000E+0	0.000E+0
4.351E+1	1.227E+0	0.000E+0	0.000E+0
4.361E+1	1.227E+0	0.000E+0	0.000E+0
4.371E+1	1.227E+0	0.000E+0	0.000E+0
4.381E+1	1.227E+0	0.000E+0	0.000E+0
4.391E+1	1.227E+0	0.000E+0	0.000E+0
4.401E+1	1.227E+0	0.000E+0	0.000E+0
4.411E+1	1.227E+0	0.000E+0	0.000E+0
4.421E+1	1.227E+0	0.000E+0	0.000E+0
4.431E+1	1.227E+0	0.000E+0	0.000E+0
4.441E+1	1.227E+0	0.000E+0	0.000E+0
4.451E+1	1.227E+0	0.000E+0	0.000E+0
4.461E+1	1.227E+0	0.000E+0	0.000E+0
4.471E+1	1.227E+0	0.000E+0	0.000E+0
4.481E+1	1.227E+0	0.000E+0	0.000E+0
4.491E+1	1.226E+0	0.000E+0	0.000E+0
4.501E+1	1.226E+0	0.000E+0	0.000E+0
4.511E+1	1.226E+0	0.000E+0	0.000E+0
4.521E+1	1.226E+0	0.000E+0	0.000E+0
4.531E+1	1.226E+0	0.000E+0	0.000E+0
4.541E+1	1.226E+0	0.000E+0	0.000E+0
4.551E+1	1.226E+0	0.000E+0	0.000E+0
4.561E+1	1.226E+0	0.000E+0	0.000E+0
4.571E+1	1.226E+0	0.000E+0	0.000E+0
4.581E+1	1.226E+0	0.000E+0	0.000E+0
4.591E+1	1.226E+0	0.000E+0	0.000E+0
4.601E+1	1.226E+0	0.000E+0	0.000E+0
4.611E+1	1.226E+0	0.000E+0	0.000E+0
4.621E+1	1.226E+0	0.000E+0	0.000E+0
4.631E+1	1.226E+0	0.000E+0	0.000E+0
4.641E+1	1.226E+0	0.000E+0	0.000E+0
4.651E+1	1.226E+0	0.000E+0	0.000E+0
4.661E+1	1.226E+0	0.000E+0	0.000E+0
4.671E+1	1.226E+0	0.000E+0	0.000E+0
4.681E+1	1.226E+0	0.000E+0	0.000E+0
4.691E+1	1.226E+0	0.000E+0	0.000E+0
4.701E+1	1.226E+0	0.000E+0	0.000E+0
4.711E+1	1.226E+0	0.000E+0	0.000E+0
4.721E+1	1.226E+0	0.000E+0	0.000E+0
4.731E+1	1.226E+0	0.000E+0	0.000E+0
4.741E+1	1.226E+0	0.000E+0	0.000E+0
4.751E+1	1.226E+0	0.000E+0	0.000E+0
4.761E+1	1.226E+0	0.000E+0	0.000E+0
4.771E+1	1.226E+0	0.000E+0	0.000E+0
4.781E+1	1.226E+0	0.000E+0	0.000E+0
4.791E+1	1.226E+0	0.000E+0	0.000E+0
4.801E+1	1.226E+0	0.000E+0	0.000E+0
4.811E+1	1.226E+0	0.000E+0	0.000E+0
4.821E+1	1.226E+0	0.000E+0	0.000E+0
4.831E+1	1.226E+0	0.000E+0	0.000E+0
4.841E+1	1.226E+0	0.000E+0	0.000E+0
4.851E+1	1.226E+0	0.000E+0	0.000E+0
4.861E+1	1.226E+0	0.000E+0	0.000E+0
4.871E+1	1.226E+0	0.000E+0	0.000E+0
4.881E+1	1.226E+0	0.000E+0	0.000E+0
4.891E+1	1.226E+0	0.000E+0	0.000E+0
4.901E+1	1.226E+0	0.000E+0	0.000E+0
4.911E+1	1.226E+0	0.000E+0	0.000E+0
4.921E+1	1.226E+0	0.000E+0	0.000E+0
4.931E+1	1.226E+0	0.000E+0	0.000E+0
4.941E+1	1.226E+0	0.000E+0	0.000E+0
4.951E+1	1.226E+0	0.000E+0	0.000E+0
4.961E+1	1.226E+0	0.000E+0	0.000E+0
4.971E+1	1.226E+0	0.000E+0	0.000E+0
4.981E+1	1.226E+0	0.000E+0	0.000E+0
4.991E+1	1.226E+0	0.000E+0	0.000E+0
5.001E+1	1.226E+0	0.000E+0	0.000E+0
5.011E+1	1.226E+0	0.000E+0	0.000E+0
5.021E+1	1.226E+0	0.000E+0	0.000E+0
5.031E+1	1.226E+0	0.000E+0	0.000E+0
5.041E+1	1.226E+0	0.000E+0	0.000E+0
5.051E+1	1.226E+0	0.000E+0	0.000E+0
5.061E+1	1.226E+0	0.000E+0	0.000E+0
5.071E+1	1.226E+0	0.000E+0	0.000E+0
5.081E+1	1.226E+0	0.000E+0	0.000E+0
5.091E+1	1.226E+0	0.000E+0	0.000E+0
5.101E+1	1.226E+0	0.000E+0	0.000E+0
5.111E+1	1.226E+0	0.000E+0	0.000E+0
5.121E+1	1.226E+0	0.000E+0	0.000E+0
5.131E+1	1.226E+0	0.000E+0	0.000E+0
5.141E+1	1.226E+0	0.000E+0	0.000E+0
5.151E+1	1.226E+0	0.000E+0	0.000E+0
5.161E+1	1.226E+0	0.000E+0	0.000E+0
5.171E+1	1.226E+0	0.000E+0	0.000E+0
5.181E+1	1.226E+0	0.000E+0	0.000E+0
5.191E+1	1.226E+0	0.000E+0	0.000E+0
5.201E+1	1.226E+0	0.000E+0	0.000E+0
5.211E+1	1.226E+0	0.000E+0	0.000E+0
5.221E+1	1.226E+0	0.000E+0	0.000E+0
5.231E+1	1.226E+0	0.000E+0	0.000E+0
5.241E+1	1.226E+0	0.000E+0	0.000E+0
5.251E+1	1.226E+0	0.000E+0	0.000E+0
5.261E+1	1.226E+0	0.000E+0	0.000E+0
5.271E+1	1.226E+0	0.000E+0	0.000E+0
5.281E+1	1.226E+0	0.000E+0	0.000E+0
5.291E+1	1.226E+0	0.000E+0	0.000E+0
5.301E+1	1.226E+0	0.000E+0	0.000E+0
5.311E+1	1.225E+0	0.000E+0	0.000E+0
5.321E+1	1.225E+0	0.000E+0	0.000E+0
5.331E+1	1.225E+0	0.000E+0	0.000E+0
5.341E+1	1.225E+0	0.000E+0	0.000E+0
5.351E+1	1.225E+0	0.000E+0	0.000E+0
5.361E+1	1.225E+0	0.000E+0	0.000E+0
5.371E+1	1.225E+0	0.000E+0	0.000E+0
5.381E+1	1.225E+0	0.000E+0	0.000E+0
5.391E+1	1.225E+0	0.000E+0	0.000E+0
5.401E+1	1.225E+0	0.000E+0	0.000E+0
5.411E+1	1.225E+0	0.000E+0	0.000E+0
5.421E+1	1.225E+0	0.000E+0	0.000E+0
5.431E+1	1.225E+0	0.000E+0	0.000E+0
5.441E+1	1.225E+0	0.000E+0	0.000E+0
5.451E+1	1.225E+0	0.000E+0	0.000E+0
5.461E+1	1.225E+0	0.000E+0	0.000E+0
5.471E+1	1.225E+0	0.000E+0	0.000E+0
5.481E+1	1.225E+0	0.000E+0	0.000E+0
5.491E+1	1.225E+0	0.000E+0	0.000E+0
5.501E+1	1.225E+0	0.000E+0	0.000E+0
5.511E+1	1.225E+0	0.000E+0	0.000E+0
5.521E+1	1.225E+0	0.000E+0	0.000E+0
5.531E+1	1.225E+0	0.000E+0	0.000E+0
5.541E+1	1.225E+0	0.000E+0	0.000E+0
5.551E+1	1.225E+0	0.000E+0	0.000E+0
5.561E+1	1.225E+0	0.000E+0	0.000E+0
5.571E+1	1.225E+0	0.000E+0	0.000E+0
5.581E+1	1.225E+0	0.000E+0	0.000E+0
5.591E+1	1.225E+0	0.000E+0	0.000E+0
5.601E+1	1.225E+0	0.000E+0	0.000E+0
5.611E+1	1.225E+0	0.000E+0	0.000E+0
5.621E+1	1.225E+0	0.000E+0	0.000E+0
5.631E+1	1.225E+0	0.000E+0	0.000E+0
5.641E+1	1.225E+0	0.000E+0	0.000E+0
5.651E+1	1.225E+0	0.000E+0	0.000E+0
5.661E+1	1.225E+0	0.000E+0	0.000E+0
5.671E+1	1.225E+0	0.000E+0	0.000E+0
5.681E+1	1.225E+0	0.000E+0	0.000E+0
5.691E+1	1.225E+0	0.000E+0	0.000E+0
5.701E+1	1.225E+0	0.000E+0	0.000E+0
5.711E+1	1.225E+0	0.000E+0	0.000E+0
5.721E+1	1.225E+0	0.000E+0	0.000E+0
5.731E+1	1.225E+0	0.000E+0	0.000E+0
5.741E+1	1.225E+0	0.000E+0	0.000E+0
5.751E+1	1.225E+0	0.000E+0	0.000E+0
5.761E+1	1.225E+0	0.000E+0	0.000E+0
5.771E+1	1.225E+0	0.000E+0	0.000E+0
5.781E+1	1.225E+0	0.000E+0	0.000E+0
5.791E+1	1.225E+0	0.000E+0	0.000E+0
5.801E+1	1.225E+0	0.000E+0	0.000E+0
5.811E+1	1.225E+0	0.000E+0	0.000E+0
5.821E+1	1.225E+0	0.000E+0	0.000E+0
5.831E+1	1.225E+0	0.000E+0	0.000E+0
5.841E+1	1.225E+0	0.000E+0	0.000E+0
5.851E+1	1.225E+0	0.000E+0	0.000E+0
5.861E+1	1.225E+0	0.000E+0	0.000E+0
5.871E+1	1.225E+0	0.000E+0	0.000E+0
5.881E+1	1.225E+0	0.000E+0	0.000E+0
5.891E+1	1.225E+0	0.000E+0	0.000E+0
5.901E+1	1.225E+0	0.000E+0	0.000E+0
5.911E+1	1.225E+0	0.000E+0	0.000E+0
5.921E+1	1.225E+0	0.000E+0	0.000E+0
5.931E+1	1.225E+0	0.000E+0	0.000E+0
5.941E+1	1.225E+0	0.000E+0	0.000E+0
5.951E+1	1.225E+0	0.000E+0	0.000E+0
5.961E+1	1.225E+0	0.000E+0	0.000E+0
5.971E+1	1.225E+0	0.000E+0	0.000E+0
5.981E+1	1.225E+0	0.000E+0	0.000E+0
5.991E+1	1.225E+0	0.000E+0	0.000E+0
6.001E+1	1.225E+0	0.000E+0	0.000E+0
