5.300E-1	-3.759E-4	1.010E+0	3.797E-4
6.300E-1	-3.580E-4	1.011E+0	3.620E-4
7.300E-1	-3.502E-4	1.010E+0	3.537E-4
8.300E-1	-3.464E-4	1.011E+0	3.502E-4
9.300E-1	-3.455E-4	1.010E+0	3.490E-4
1.030E+0	-3.436E-4	1.011E+0	3.474E-4
1.130E+0	-3.433E-4	1.010E+0	3.467E-4
1.230E+0	-3.422E-4	1.011E+0	3.460E-4
1.330E+0	-3.425E-4	1.010E+0	3.459E-4
1.430E+0	-3.418E-4	1.011E+0	3.456E-4
1.530E+0	-3.422E-4	1.010E+0	3.457E-4
1.630E+0	-3.429E-4	1.009E+0	3.460E-4
1.730E+0	-3.432E-4	1.008E+0	3.459E-4
1.830E+0	-3.427E-4	1.009E+0	3.458E-4
1.930E+0	-3.432E-4	1.008E+0	3.459E-4
2.030E+0	-3.439E-4	1.007E+0	3.463E-4
2.130E+0	-3.444E-4	1.006E+0	3.465E-4
2.230E+0	-3.450E-4	1.005E+0	3.467E-4
2.330E+0	-3.454E-4	1.004E+0	3.468E-4
2.430E+0	-3.459E-4	1.003E+0	3.470E-4
2.530E+0	-3.464E-4	1.002E+0	3.471E-4
2.630E+0	-3.468E-4	1.001E+0	3.471E-4
2.730E+0	-3.473E-4	1.000E+0	3.473E-4
2.830E+0	-3.477E-4	9.990E-1	3.474E-4
2.930E+0	-3.482E-4	9.980E-1	3.475E-4
3.030E+0	-3.489E-4	9.970E-1	3.478E-4
3.130E+0	-3.493E-4	9.960E-1	3.479E-4
3.230E+0	-3.497E-4	9.950E-1	3.479E-4
3.330E+0	-3.501E-4	9.940E-1	3.480E-4
3.430E+0	-3.504E-4	9.930E-1	3.479E-4
3.531E+0	-3.501E-4	9.940E-1	3.480E-4
3.630E+0	-3.498E-4	9.950E-1	3.480E-4
3.730E+0	-3.498E-4	9.960E-1	3.484E-4
3.830E+0	-3.495E-4	9.970E-1	3.484E-4
3.930E+0	-3.493E-4	9.980E-1	3.486E-4
4.030E+0	-3.490E-4	9.990E-1	3.487E-4
4.130E+0	-3.488E-4	1.000E+0	3.488E-4
4.230E+0	-3.487E-4	1.001E+0	3.491E-4
4.330E+0	-3.486E-4	1.002E+0	3.493E-4
4.430E+0	-3.486E-4	1.003E+0	3.497E-4
4.530E+0	-3.484E-4	1.004E+0	3.498E-4
4.630E+0	-3.484E-4	1.005E+0	3.501E-4
4.730E+0	-3.481E-4	1.006E+0	3.501E-4
4.830E+0	-3.479E-4	1.007E+0	3.504E-4
4.930E+0	-3.478E-4	1.008E+0	3.506E-4
5.030E+0	-3.477E-4	1.009E+0	3.508E-4
5.130E+0	-3.478E-4	1.010E+0	3.513E-4
5.230E+0	-3.475E-4	1.011E+0	3.513E-4
5.330E+0	-3.473E-4	1.012E+0	3.515E-4
5.430E+0	-3.470E-4	1.013E+0	3.515E-4
5.530E+0	-3.468E-4	1.014E+0	3.517E-4
5.630E+0	-3.466E-4	1.015E+0	3.518E-4
5.730E+0	-3.467E-4	1.016E+0	3.523E-4
5.830E+0	-3.467E-4	1.017E+0	3.526E-4
5.930E+0	-3.464E-4	1.018E+0	3.527E-4
6.030E+0	-3.462E-4	1.019E+0	3.528E-4
6.130E+0	-3.459E-4	1.020E+0	3.528E-4
6.230E+0	-3.457E-4	1.021E+0	3.529E-4
6.330E+0	-3.455E-4	1.022E+0	3.531E-4
6.430E+0	-3.453E-4	1.023E+0	3.532E-4
6.530E+0	-3.453E-4	1.024E+0	3.535E-4
6.630E+0	-3.450E-4	1.025E+0	3.536E-4
6.730E+0	-3.447E-4	1.026E+0	3.537E-4
6.830E+0	-3.446E-4	1.027E+0	3.539E-4
6.930E+0	-3.443E-4	1.028E+0	3.540E-4
7.030E+0	-3.441E-4	1.029E+0	3.540E-4
7.130E+0	-3.438E-4	1.030E+0	3.541E-4
7.230E+0	-3.438E-4	1.031E+0	3.545E-4
7.330E+0	-3.434E-4	1.032E+0	3.544E-4
7.430E+0	-3.443E-4	1.031E+0	3.550E-4
7.530E+0	-3.449E-4	1.030E+0	3.552E-4
7.630E+0	-3.455E-4	1.029E+0	3.555E-4
7.730E+0	-3.461E-4	1.028E+0	3.558E-4
7.830E+0	-3.466E-4	1.027E+0	3.560E-4
7.930E+0	-3.472E-4	1.026E+0	3.562E-4
8.030E+0	-3.476E-4	1.025E+0	3.563E-4
8.130E+0	-3.481E-4	1.024E+0	3.564E-4
8.230E+0	-3.484E-4	1.023E+0	3.564E-4
8.330E+0	-3.489E-4	1.022E+0	3.566E-4
8.430E+0	-3.493E-4	1.021E+0	3.567E-4
8.530E+0	-3.498E-4	1.020E+0	3.568E-4
8.630E+0	-3.504E-4	1.019E+0	3.571E-4
8.730E+0	-3.507E-4	1.018E+0	3.571E-4
8.830E+0	-3.501E-4	1.019E+0	3.568E-4
8.930E+0	-3.506E-4	1.018E+0	3.570E-4
9.030E+0	-3.511E-4	1.017E+0	3.571E-4
9.130E+0	-3.516E-4	1.016E+0	3.572E-4
9.230E+0	-3.518E-4	1.015E+0	3.570E-4
9.330E+0	-3.516E-4	1.016E+0	3.572E-4
9.430E+0	-3.511E-4	1.017E+0	3.570E-4
9.530E+0	-3.517E-4	1.016E+0	3.573E-4
9.630E+0	-3.520E-4	1.015E+0	3.573E-4
9.730E+0	-3.516E-4	1.016E+0	3.572E-4
9.830E+0	-3.521E-4	1.015E+0	3.574E-4
9.930E+0	-3.526E-4	1.014E+0	3.575E-4
1.003E+1	-3.533E-4	1.013E+0	3.579E-4
1.013E+1	-3.535E-4	1.012E+0	3.578E-4
1.023E+1	-3.529E-4	1.013E+0	3.575E-4
1.033E+1	-3.534E-4	1.012E+0	3.576E-4
1.043E+1	-3.539E-4	1.011E+0	3.577E-4
1.053E+1	-3.543E-4	1.010E+0	3.578E-4
1.063E+1	-3.547E-4	1.009E+0	3.579E-4
1.073E+1	-3.552E-4	1.008E+0	3.581E-4
1.083E+1	-3.555E-4	1.007E+0	3.580E-4
1.093E+1	-3.549E-4	1.008E+0	3.578E-4
1.103E+1	-3.554E-4	1.007E+0	3.578E-4
1.113E+1	-3.558E-4	1.006E+0	3.579E-4
1.123E+1	-3.562E-4	1.005E+0	3.579E-4
1.133E+1	-3.564E-4	1.004E+0	3.578E-4
1.143E+1	-3.562E-4	1.005E+0	3.580E-4
1.153E+1	-3.557E-4	1.006E+0	3.578E-4
1.163E+1	-3.562E-4	1.005E+0	3.580E-4
1.173E+1	-3.564E-4	1.004E+0	3.579E-4
1.183E+1	-3.561E-4	1.005E+0	3.579E-4
1.193E+1	-3.557E-4	1.006E+0	3.579E-4
1.203E+1	-3.563E-4	1.005E+0	3.581E-4
1.213E+1	-3.568E-4	1.004E+0	3.582E-4
1.223E+1	-3.572E-4	1.003E+0	3.582E-4
1.233E+1	-3.566E-4	1.004E+0	3.581E-4
1.243E+1	-3.571E-4	1.003E+0	3.582E-4
1.253E+1	-3.575E-4	1.002E+0	3.582E-4
1.263E+1	-3.579E-4	1.001E+0	3.582E-4
1.273E+1	-3.583E-4	1.000E+0	3.583E-4
1.283E+1	-3.588E-4	9.990E-1	3.585E-4
1.293E+1	-3.590E-4	9.980E-1	3.583E-4
1.303E+1	-3.585E-4	9.990E-1	3.581E-4
1.313E+1	-3.589E-4	9.980E-1	3.581E-4
1.323E+1	-3.592E-4	9.970E-1	3.582E-4
1.333E+1	-3.596E-4	9.960E-1	3.581E-4
1.343E+1	-3.591E-4	9.970E-1	3.580E-4
1.353E+1	-3.597E-4	9.960E-1	3.583E-4
1.363E+1	-3.600E-4	9.950E-1	3.582E-4
1.373E+1	-3.595E-4	9.960E-1	3.581E-4
1.383E+1	-3.599E-4	9.950E-1	3.581E-4
1.393E+1	-3.603E-4	9.940E-1	3.581E-4
1.403E+1	-3.605E-4	9.930E-1	3.579E-4
1.413E+1	-3.601E-4	9.940E-1	3.580E-4
1.423E+1	-3.599E-4	9.950E-1	3.581E-4
1.433E+1	-3.595E-4	9.960E-1	3.581E-4
1.443E+1	-3.601E-4	9.950E-1	3.583E-4
1.453E+1	-3.604E-4	9.940E-1	3.583E-4
1.463E+1	-3.600E-4	9.950E-1	3.582E-4
1.473E+1	-3.605E-4	9.940E-1	3.583E-4
1.483E+1	-3.607E-4	9.930E-1	3.582E-4
1.493E+1	-3.606E-4	9.940E-1	3.584E-4
1.503E+1	-3.601E-4	9.950E-1	3.583E-4
1.513E+1	-3.606E-4	9.940E-1	3.585E-4
1.523E+1	-3.608E-4	9.930E-1	3.583E-4
1.533E+1	-3.605E-4	9.940E-1	3.584E-4
1.543E+1	-3.602E-4	9.950E-1	3.584E-4
1.553E+1	-3.599E-4	9.960E-1	3.585E-4
1.563E+1	-3.598E-4	9.970E-1	3.587E-4
1.573E+1	-3.594E-4	9.980E-1	3.587E-4
1.583E+1	-3.600E-4	9.970E-1	3.590E-4
1.593E+1	-3.604E-4	9.960E-1	3.590E-4
1.603E+1	-3.599E-4	9.970E-1	3.589E-4
1.613E+1	-3.605E-4	9.960E-1	3.590E-4
1.623E+1	-3.608E-4	9.950E-1	3.590E-4
1.633E+1	-3.614E-4	9.940E-1	3.593E-4
1.643E+1	-3.615E-4	9.930E-1	3.590E-4
1.653E+1	-3.613E-4	9.940E-1	3.591E-4
1.663E+1	-3.608E-4	9.950E-1	3.590E-4
1.673E+1	-3.614E-4	9.940E-1	3.592E-4
1.683E+1	-3.616E-4	9.930E-1	3.591E-4
1.693E+1	-3.613E-4	9.940E-1	3.591E-4
1.703E+1	-3.611E-4	9.950E-1	3.593E-4
1.713E+1	-3.607E-4	9.960E-1	3.593E-4
1.723E+1	-3.613E-4	9.950E-1	3.594E-4
1.733E+1	-3.616E-4	9.940E-1	3.594E-4
1.743E+1	-3.612E-4	9.950E-1	3.593E-4
1.753E+1	-3.617E-4	9.940E-1	3.595E-4
1.763E+1	-3.619E-4	9.930E-1	3.594E-4
1.773E+1	-3.618E-4	9.940E-1	3.597E-4
1.783E+1	-3.613E-4	9.950E-1	3.595E-4
1.793E+1	-3.619E-4	9.940E-1	3.597E-4
1.803E+1	-3.621E-4	9.930E-1	3.595E-4
1.813E+1	-3.617E-4	9.940E-1	3.596E-4
1.823E+1	-3.614E-4	9.950E-1	3.596E-4
1.833E+1	-3.619E-4	9.940E-1	3.597E-4
1.843E+1	-3.624E-4	9.930E-1	3.598E-4
1.853E+1	-3.627E-4	9.920E-1	3.598E-4
1.863E+1	-3.622E-4	9.930E-1	3.597E-4
1.873E+1	-3.626E-4	9.920E-1	3.597E-4
1.883E+1	-3.630E-4	9.910E-1	3.597E-4
1.893E+1	-3.633E-4	9.900E-1	3.597E-4
1.903E+1	-3.628E-4	9.910E-1	3.595E-4
1.913E+1	-3.635E-4	9.900E-1	3.598E-4
1.923E+1	-3.638E-4	9.890E-1	3.598E-4
1.933E+1	-3.633E-4	9.900E-1	3.597E-4
1.943E+1	-3.637E-4	9.890E-1	3.597E-4
1.953E+1	-3.640E-4	9.880E-1	3.597E-4
1.963E+1	-3.635E-4	9.890E-1	3.595E-4
1.973E+1	-3.640E-4	9.880E-1	3.596E-4
1.983E+1	-3.645E-4	9.870E-1	3.597E-4
1.993E+1	-3.647E-4	9.860E-1	3.596E-4
2.003E+1	-3.642E-4	9.870E-1	3.595E-4
2.013E+1	-3.646E-4	9.860E-1	3.594E-4
2.023E+1	-3.641E-4	9.870E-1	3.594E-4
2.033E+1	-3.646E-4	9.860E-1	3.595E-4
2.043E+1	-3.649E-4	9.850E-1	3.594E-4
2.053E+1	-3.646E-4	9.860E-1	3.595E-4
2.063E+1	-3.642E-4	9.870E-1	3.595E-4
2.073E+1	-3.647E-4	9.860E-1	3.596E-4
2.083E+1	-3.649E-4	9.850E-1	3.595E-4
2.093E+1	-3.645E-4	9.860E-1	3.594E-4
2.103E+1	-3.649E-4	9.850E-1	3.595E-4
2.113E+1	-3.653E-4	9.840E-1	3.594E-4
2.123E+1	-3.650E-4	9.850E-1	3.595E-4
2.133E+1	-3.646E-4	9.860E-1	3.595E-4
2.143E+1	-3.643E-4	9.870E-1	3.596E-4
2.153E+1	-3.640E-4	9.880E-1	3.596E-4
2.163E+1	-3.638E-4	9.890E-1	3.598E-4
2.173E+1	-3.635E-4	9.900E-1	3.599E-4
2.183E+1	-3.633E-4	9.910E-1	3.600E-4
2.193E+1	-3.632E-4	9.920E-1	3.603E-4
2.203E+1	-3.629E-4	9.930E-1	3.603E-4
2.213E+1	-3.627E-4	9.940E-1	3.606E-4
2.223E+1	-3.624E-4	9.950E-1	3.606E-4
2.233E+1	-3.622E-4	9.960E-1	3.607E-4
2.243E+1	-3.619E-4	9.970E-1	3.608E-4
2.253E+1	-3.617E-4	9.980E-1	3.609E-4
2.263E+1	-3.616E-4	9.990E-1	3.612E-4
2.273E+1	-3.613E-4	1.000E+0	3.613E-4
2.283E+1	-3.611E-4	1.001E+0	3.614E-4
2.293E+1	-3.608E-4	1.002E+0	3.615E-4
2.303E+1	-3.606E-4	1.003E+0	3.616E-4
2.313E+1	-3.604E-4	1.004E+0	3.618E-4
2.323E+1	-3.602E-4	1.005E+0	3.620E-4
2.333E+1	-3.601E-4	1.006E+0	3.623E-4
2.343E+1	-3.599E-4	1.007E+0	3.624E-4
2.353E+1	-3.596E-4	1.008E+0	3.624E-4
2.363E+1	-3.592E-4	1.009E+0	3.625E-4
2.373E+1	-3.590E-4	1.010E+0	3.626E-4
2.383E+1	-3.588E-4	1.011E+0	3.627E-4
2.393E+1	-3.585E-4	1.012E+0	3.628E-4
2.403E+1	-3.584E-4	1.013E+0	3.631E-4
2.413E+1	-3.581E-4	1.014E+0	3.631E-4
2.423E+1	-3.578E-4	1.015E+0	3.631E-4
2.433E+1	-3.576E-4	1.016E+0	3.633E-4
2.443E+1	-3.573E-4	1.017E+0	3.634E-4
2.453E+1	-3.570E-4	1.018E+0	3.635E-4
2.463E+1	-3.568E-4	1.019E+0	3.635E-4
2.473E+1	-3.567E-4	1.020E+0	3.638E-4
2.483E+1	-3.563E-4	1.021E+0	3.638E-4
2.493E+1	-3.570E-4	1.020E+0	3.642E-4
2.503E+1	-3.575E-4	1.019E+0	3.643E-4
2.513E+1	-3.580E-4	1.018E+0	3.644E-4
2.523E+1	-3.584E-4	1.017E+0	3.645E-4
2.533E+1	-3.588E-4	1.016E+0	3.645E-4
2.543E+1	-3.592E-4	1.015E+0	3.646E-4
2.553E+1	-3.596E-4	1.014E+0	3.646E-4
2.563E+1	-3.590E-4	1.015E+0	3.643E-4
2.573E+1	-3.594E-4	1.014E+0	3.644E-4
2.583E+1	-3.598E-4	1.013E+0	3.645E-4
2.593E+1	-3.602E-4	1.012E+0	3.645E-4
2.603E+1	-3.605E-4	1.011E+0	3.645E-4
2.613E+1	-3.611E-4	1.010E+0	3.647E-4
2.623E+1	-3.613E-4	1.009E+0	3.645E-4
2.633E+1	-3.607E-4	1.010E+0	3.643E-4
2.643E+1	-3.611E-4	1.009E+0	3.644E-4
2.653E+1	-3.615E-4	1.008E+0	3.644E-4
2.663E+1	-3.609E-4	1.009E+0	3.642E-4
2.673E+1	-3.614E-4	1.008E+0	3.643E-4
2.683E+1	-3.620E-4	1.007E+0	3.645E-4
2.693E+1	-3.622E-4	1.006E+0	3.644E-4
2.703E+1	-3.617E-4	1.007E+0	3.642E-4
2.713E+1	-3.621E-4	1.006E+0	3.642E-4
2.723E+1	-3.624E-4	1.005E+0	3.643E-4
2.733E+1	-3.626E-4	1.004E+0	3.641E-4
2.743E+1	-3.623E-4	1.005E+0	3.641E-4
2.753E+1	-3.628E-4	1.004E+0	3.642E-4
2.763E+1	-3.631E-4	1.003E+0	3.642E-4
2.773E+1	-3.625E-4	1.004E+0	3.640E-4
2.783E+1	-3.629E-4	1.003E+0	3.640E-4
2.793E+1	-3.633E-4	1.002E+0	3.640E-4
2.803E+1	-3.628E-4	1.003E+0	3.638E-4
2.813E+1	-3.632E-4	1.002E+0	3.640E-4
2.823E+1	-3.637E-4	1.001E+0	3.641E-4
2.833E+1	-3.640E-4	1.000E+0	3.640E-4
2.843E+1	-3.635E-4	1.001E+0	3.638E-4
2.853E+1	-3.639E-4	1.000E+0	3.639E-4
2.863E+1	-3.642E-4	9.990E-1	3.638E-4
2.873E+1	-3.637E-4	1.000E+0	3.637E-4
2.883E+1	-3.642E-4	9.990E-1	3.638E-4
2.893E+1	-3.648E-4	9.980E-1	3.640E-4
2.903E+1	-3.650E-4	9.970E-1	3.639E-4
2.913E+1	-3.644E-4	9.980E-1	3.637E-4
2.923E+1	-3.648E-4	9.970E-1	3.637E-4
2.933E+1	-3.652E-4	9.960E-1	3.637E-4
2.943E+1	-3.646E-4	9.970E-1	3.635E-4
2.953E+1	-3.651E-4	9.960E-1	3.637E-4
2.963E+1	-3.657E-4	9.950E-1	3.638E-4
2.973E+1	-3.659E-4	9.940E-1	3.637E-4
2.983E+1	-3.653E-4	9.950E-1	3.635E-4
2.993E+1	-3.657E-4	9.940E-1	3.635E-4
3.003E+1	-3.652E-4	9.950E-1	3.634E-4
3.013E+1	-3.657E-4	9.940E-1	3.635E-4
3.023E+1	-3.659E-4	9.930E-1	3.633E-4
3.033E+1	-3.657E-4	9.940E-1	3.635E-4
3.043E+1	-3.653E-4	9.950E-1	3.634E-4
3.053E+1	-3.657E-4	9.940E-1	3.635E-4
3.063E+1	-3.659E-4	9.930E-1	3.633E-4
3.073E+1	-3.655E-4	9.940E-1	3.633E-4
3.083E+1	-3.651E-4	9.950E-1	3.633E-4
3.093E+1	-3.656E-4	9.940E-1	3.634E-4
3.103E+1	-3.660E-4	9.930E-1	3.635E-4
3.113E+1	-3.663E-4	9.920E-1	3.634E-4
3.123E+1	-3.658E-4	9.930E-1	3.632E-4
3.133E+1	-3.662E-4	9.920E-1	3.633E-4
3.143E+1	-3.666E-4	9.910E-1	3.633E-4
3.153E+1	-3.661E-4	9.920E-1	3.632E-4
3.163E+1	-3.666E-4	9.910E-1	3.633E-4
3.173E+1	-3.671E-4	9.900E-1	3.634E-4
3.183E+1	-3.673E-4	9.890E-1	3.632E-4
3.193E+1	-3.667E-4	9.900E-1	3.631E-4
3.203E+1	-3.671E-4	9.890E-1	3.631E-4
3.213E+1	-3.675E-4	9.880E-1	3.631E-4
3.223E+1	-3.670E-4	9.890E-1	3.630E-4
3.233E+1	-3.675E-4	9.880E-1	3.631E-4
3.243E+1	-3.680E-4	9.870E-1	3.632E-4
3.253E+1	-3.682E-4	9.860E-1	3.631E-4
3.263E+1	-3.677E-4	9.870E-1	3.630E-4
3.273E+1	-3.680E-4	9.860E-1	3.629E-4
3.283E+1	-3.676E-4	9.870E-1	3.628E-4
3.293E+1	-3.680E-4	9.860E-1	3.628E-4
3.303E+1	-3.684E-4	9.850E-1	3.628E-4
3.313E+1	-3.680E-4	9.860E-1	3.629E-4
3.323E+1	-3.677E-4	9.870E-1	3.629E-4
3.333E+1	-3.673E-4	9.880E-1	3.629E-4
3.343E+1	-3.670E-4	9.890E-1	3.630E-4
3.353E+1	-3.667E-4	9.900E-1	3.630E-4
3.363E+1	-3.664E-4	9.910E-1	3.631E-4
3.373E+1	-3.662E-4	9.920E-1	3.633E-4
3.383E+1	-3.660E-4	9.930E-1	3.635E-4
3.393E+1	-3.660E-4	9.940E-1	3.638E-4
3.403E+1	-3.657E-4	9.950E-1	3.639E-4
3.413E+1	-3.654E-4	9.960E-1	3.639E-4
3.423E+1	-3.651E-4	9.970E-1	3.640E-4
3.433E+1	-3.649E-4	9.980E-1	3.642E-4
3.443E+1	-3.646E-4	9.990E-1	3.642E-4
3.453E+1	-3.645E-4	1.000E+0	3.645E-4
3.463E+1	-3.643E-4	1.001E+0	3.646E-4
3.473E+1	-3.640E-4	1.002E+0	3.647E-4
3.483E+1	-3.637E-4	1.003E+0	3.647E-4
3.493E+1	-3.634E-4	1.004E+0	3.649E-4
3.503E+1	-3.633E-4	1.005E+0	3.651E-4
3.513E+1	-3.631E-4	1.006E+0	3.653E-4
3.523E+1	-3.630E-4	1.007E+0	3.655E-4
3.533E+1	-3.626E-4	1.008E+0	3.655E-4
3.543E+1	-3.633E-4	1.007E+0	3.658E-4
3.553E+1	-3.636E-4	1.006E+0	3.658E-4
3.563E+1	-3.641E-4	1.005E+0	3.659E-4
3.573E+1	-3.643E-4	1.004E+0	3.657E-4
3.583E+1	-3.640E-4	1.005E+0	3.658E-4
3.593E+1	-3.636E-4	1.006E+0	3.658E-4
3.603E+1	-3.633E-4	1.007E+0	3.658E-4
3.613E+1	-3.638E-4	1.006E+0	3.660E-4
3.623E+1	-3.641E-4	1.005E+0	3.659E-4
3.633E+1	-3.635E-4	1.006E+0	3.657E-4
3.643E+1	-3.641E-4	1.005E+0	3.659E-4
3.653E+1	-3.644E-4	1.004E+0	3.658E-4
3.663E+1	-3.641E-4	1.005E+0	3.659E-4
3.673E+1	-3.638E-4	1.006E+0	3.659E-4
3.683E+1	-3.634E-4	1.007E+0	3.659E-4
3.693E+1	-3.639E-4	1.006E+0	3.661E-4
3.703E+1	-3.643E-4	1.005E+0	3.661E-4
3.713E+1	-3.646E-4	1.004E+0	3.660E-4
3.723E+1	-3.642E-4	1.005E+0	3.660E-4
3.733E+1	-3.647E-4	1.004E+0	3.662E-4
3.743E+1	-3.650E-4	1.003E+0	3.661E-4
3.753E+1	-3.645E-4	1.004E+0	3.659E-4
3.763E+1	-3.649E-4	1.003E+0	3.660E-4
3.773E+1	-3.653E-4	1.002E+0	3.660E-4
3.783E+1	-3.656E-4	1.001E+0	3.660E-4
3.793E+1	-3.651E-4	1.002E+0	3.658E-4
3.803E+1	-3.656E-4	1.001E+0	3.659E-4
3.813E+1	-3.659E-4	1.000E+0	3.659E-4
3.823E+1	-3.662E-4	9.990E-1	3.659E-4
3.833E+1	-3.656E-4	1.000E+0	3.656E-4
3.843E+1	-3.661E-4	9.990E-1	3.657E-4
3.853E+1	-3.665E-4	9.980E-1	3.657E-4
3.863E+1	-3.659E-4	9.990E-1	3.656E-4
3.873E+1	-3.666E-4	9.980E-1	3.659E-4
3.883E+1	-3.668E-4	9.970E-1	3.657E-4
3.893E+1	-3.663E-4	9.980E-1	3.656E-4
3.903E+1	-3.667E-4	9.970E-1	3.656E-4
3.913E+1	-3.670E-4	9.960E-1	3.655E-4
3.923E+1	-3.665E-4	9.970E-1	3.654E-4
3.933E+1	-3.669E-4	9.960E-1	3.655E-4
3.943E+1	-3.675E-4	9.950E-1	3.656E-4
3.953E+1	-3.677E-4	9.940E-1	3.655E-4
3.963E+1	-3.671E-4	9.950E-1	3.653E-4
3.973E+1	-3.675E-4	9.940E-1	3.652E-4
3.983E+1	-3.670E-4	9.950E-1	3.652E-4
3.993E+1	-3.675E-4	9.940E-1	3.653E-4
4.003E+1	-3.677E-4	9.930E-1	3.651E-4
4.013E+1	-3.675E-4	9.940E-1	3.653E-4
4.023E+1	-3.671E-4	9.950E-1	3.653E-4
4.033E+1	-3.676E-4	9.940E-1	3.654E-4
4.043E+1	-3.678E-4	9.930E-1	3.652E-4
4.053E+1	-3.674E-4	9.940E-1	3.652E-4
4.063E+1	-3.677E-4	9.930E-1	3.651E-4
4.073E+1	-3.674E-4	9.940E-1	3.652E-4
4.083E+1	-3.672E-4	9.950E-1	3.654E-4
4.093E+1	-3.668E-4	9.960E-1	3.654E-4
4.103E+1	-3.673E-4	9.950E-1	3.655E-4
4.113E+1	-3.676E-4	9.940E-1	3.654E-4
4.123E+1	-3.672E-4	9.950E-1	3.653E-4
4.133E+1	-3.676E-4	9.940E-1	3.654E-4
4.143E+1	-3.679E-4	9.930E-1	3.653E-4
4.153E+1	-3.676E-4	9.940E-1	3.654E-4
4.163E+1	-3.672E-4	9.950E-1	3.654E-4
4.173E+1	-3.678E-4	9.940E-1	3.656E-4
4.183E+1	-3.679E-4	9.930E-1	3.653E-4
4.193E+1	-3.676E-4	9.940E-1	3.654E-4
4.203E+1	-3.672E-4	9.950E-1	3.654E-4
4.213E+1	-3.669E-4	9.960E-1	3.654E-4
4.223E+1	-3.667E-4	9.970E-1	3.656E-4
4.233E+1	-3.664E-4	9.980E-1	3.657E-4
4.243E+1	-3.661E-4	9.990E-1	3.658E-4
4.253E+1	-3.658E-4	1.000E+0	3.658E-4
4.263E+1	-3.656E-4	1.001E+0	3.659E-4
4.273E+1	-3.653E-4	1.002E+0	3.660E-4
4.283E+1	-3.650E-4	1.003E+0	3.661E-4
4.293E+1	-3.650E-4	1.004E+0	3.665E-4
4.303E+1	-3.647E-4	1.005E+0	3.666E-4
4.313E+1	-3.645E-4	1.006E+0	3.666E-4
4.323E+1	-3.641E-4	1.007E+0	3.667E-4
4.333E+1	-3.638E-4	1.008E+0	3.667E-4
4.343E+1	-3.636E-4	1.009E+0	3.668E-4
4.353E+1	-3.633E-4	1.010E+0	3.669E-4
4.363E+1	-3.632E-4	1.011E+0	3.671E-4
4.373E+1	-3.629E-4	1.012E+0	3.672E-4
4.383E+1	-3.626E-4	1.013E+0	3.673E-4
4.393E+1	-3.622E-4	1.014E+0	3.673E-4
4.403E+1	-3.629E-4	1.013E+0	3.676E-4
4.413E+1	-3.634E-4	1.012E+0	3.677E-4
4.423E+1	-3.638E-4	1.011E+0	3.678E-4
4.433E+1	-3.643E-4	1.010E+0	3.679E-4
4.443E+1	-3.646E-4	1.009E+0	3.679E-4
4.453E+1	-3.640E-4	1.010E+0	3.676E-4
4.463E+1	-3.644E-4	1.009E+0	3.677E-4
4.473E+1	-3.648E-4	1.008E+0	3.677E-4
4.483E+1	-3.643E-4	1.009E+0	3.675E-4
4.493E+1	-3.648E-4	1.008E+0	3.677E-4
4.503E+1	-3.653E-4	1.007E+0	3.679E-4
4.513E+1	-3.656E-4	1.006E+0	3.678E-4
4.523E+1	-3.650E-4	1.007E+0	3.675E-4
4.533E+1	-3.654E-4	1.006E+0	3.676E-4
4.543E+1	-3.658E-4	1.005E+0	3.676E-4
4.553E+1	-3.660E-4	1.004E+0	3.674E-4
4.563E+1	-3.655E-4	1.005E+0	3.674E-4
4.573E+1	-3.660E-4	1.004E+0	3.675E-4
4.583E+1	-3.663E-4	1.003E+0	3.674E-4
4.593E+1	-3.658E-4	1.004E+0	3.673E-4
4.603E+1	-3.662E-4	1.003E+0	3.673E-4
4.613E+1	-3.665E-4	1.002E+0	3.673E-4
4.623E+1	-3.660E-4	1.003E+0	3.671E-4
4.633E+1	-3.665E-4	1.002E+0	3.672E-4
4.643E+1	-3.669E-4	1.001E+0	3.673E-4
4.653E+1	-3.672E-4	1.000E+0	3.672E-4
4.663E+1	-3.667E-4	1.001E+0	3.670E-4
4.673E+1	-3.670E-4	1.000E+0	3.670E-4
4.683E+1	-3.674E-4	9.990E-1	3.670E-4
4.693E+1	-3.668E-4	1.000E+0	3.668E-4
4.703E+1	-3.673E-4	9.990E-1	3.669E-4
4.713E+1	-3.678E-4	9.980E-1	3.670E-4
4.723E+1	-3.681E-4	9.970E-1	3.670E-4
4.733E+1	-3.675E-4	9.980E-1	3.667E-4
4.743E+1	-3.678E-4	9.970E-1	3.667E-4
4.753E+1	-3.682E-4	9.960E-1	3.667E-4
4.763E+1	-3.676E-4	9.970E-1	3.665E-4
4.773E+1	-3.680E-4	9.960E-1	3.666E-4
4.783E+1	-3.686E-4	9.950E-1	3.667E-4
4.793E+1	-3.688E-4	9.940E-1	3.666E-4
4.803E+1	-3.682E-4	9.950E-1	3.664E-4
4.813E+1	-3.686E-4	9.940E-1	3.664E-4
4.823E+1	-3.682E-4	9.950E-1	3.663E-4
4.833E+1	-3.686E-4	9.940E-1	3.664E-4
4.843E+1	-3.688E-4	9.930E-1	3.662E-4
4.853E+1	-3.686E-4	9.940E-1	3.664E-4
4.863E+1	-3.682E-4	9.950E-1	3.664E-4
4.873E+1	-3.687E-4	9.940E-1	3.665E-4
4.883E+1	-3.688E-4	9.930E-1	3.662E-4
4.893E+1	-3.685E-4	9.940E-1	3.663E-4
4.903E+1	-3.681E-4	9.950E-1	3.663E-4
4.913E+1	-3.678E-4	9.960E-1	3.664E-4
4.923E+1	-3.676E-4	9.970E-1	3.665E-4
4.933E+1	-3.674E-4	9.980E-1	3.666E-4
4.943E+1	-3.671E-4	9.990E-1	3.667E-4
4.953E+1	-3.667E-4	1.000E+0	3.667E-4
4.963E+1	-3.665E-4	1.001E+0	3.668E-4
4.973E+1	-3.662E-4	1.002E+0	3.669E-4
4.983E+1	-3.659E-4	1.003E+0	3.670E-4
4.993E+1	-3.658E-4	1.004E+0	3.673E-4
5.003E+1	-3.657E-4	1.005E+0	3.675E-4
5.013E+1	-3.653E-4	1.006E+0	3.675E-4
5.023E+1	-3.650E-4	1.007E+0	3.676E-4
5.033E+1	-3.647E-4	1.008E+0	3.676E-4
5.043E+1	-3.645E-4	1.009E+0	3.677E-4
5.053E+1	-3.642E-4	1.010E+0	3.678E-4
5.063E+1	-3.640E-4	1.011E+0	3.680E-4
5.073E+1	-3.637E-4	1.012E+0	3.681E-4
5.083E+1	-3.635E-4	1.013E+0	3.682E-4
5.093E+1	-3.631E-4	1.014E+0	3.682E-4
5.103E+1	-3.638E-4	1.013E+0	3.685E-4
5.113E+1	-3.642E-4	1.012E+0	3.686E-4
5.123E+1	-3.647E-4	1.011E+0	3.687E-4
5.133E+1	-3.653E-4	1.010E+0	3.689E-4
5.143E+1	-3.655E-4	1.009E+0	3.688E-4
5.153E+1	-3.649E-4	1.010E+0	3.686E-4
5.163E+1	-3.653E-4	1.009E+0	3.686E-4
5.173E+1	-3.657E-4	1.008E+0	3.686E-4
5.183E+1	-3.651E-4	1.009E+0	3.684E-4
5.193E+1	-3.656E-4	1.008E+0	3.686E-4
5.203E+1	-3.661E-4	1.007E+0	3.686E-4
5.213E+1	-3.665E-4	1.006E+0	3.687E-4
5.223E+1	-3.667E-4	1.005E+0	3.685E-4
5.233E+1	-3.661E-4	1.006E+0	3.683E-4
5.243E+1	-3.665E-4	1.005E+0	3.684E-4
5.253E+1	-3.668E-4	1.004E+0	3.682E-4
5.263E+1	-3.664E-4	1.005E+0	3.682E-4
5.273E+1	-3.668E-4	1.004E+0	3.683E-4
5.283E+1	-3.672E-4	1.003E+0	3.683E-4
5.293E+1	-3.675E-4	1.002E+0	3.682E-4
5.303E+1	-3.668E-4	1.003E+0	3.679E-4
5.313E+1	-3.673E-4	1.002E+0	3.680E-4
5.323E+1	-3.676E-4	1.001E+0	3.680E-4
5.333E+1	-3.671E-4	1.002E+0	3.678E-4
5.343E+1	-3.677E-4	1.001E+0	3.681E-4
5.353E+1	-3.680E-4	1.000E+0	3.680E-4
5.363E+1	-3.675E-4	1.001E+0	3.679E-4
5.373E+1	-3.678E-4	1.000E+0	3.678E-4
5.383E+1	-3.673E-4	1.001E+0	3.677E-4
5.393E+1	-3.678E-4	1.000E+0	3.678E-4
5.403E+1	-3.682E-4	9.990E-1	3.678E-4
5.413E+1	-3.678E-4	1.000E+0	3.678E-4
5.423E+1	-3.682E-4	9.990E-1	3.679E-4
5.433E+1	-3.686E-4	9.980E-1	3.678E-4
5.443E+1	-3.680E-4	9.990E-1	3.676E-4
5.453E+1	-3.685E-4	9.980E-1	3.677E-4
5.463E+1	-3.688E-4	9.970E-1	3.677E-4
5.473E+1	-3.683E-4	9.980E-1	3.676E-4
5.483E+1	-3.688E-4	9.970E-1	3.677E-4
5.493E+1	-3.692E-4	9.960E-1	3.677E-4
5.503E+1	-3.686E-4	9.970E-1	3.675E-4
5.513E+1	-3.690E-4	9.960E-1	3.675E-4
5.523E+1	-3.685E-4	9.970E-1	3.674E-4
5.533E+1	-3.690E-4	9.960E-1	3.675E-4
5.543E+1	-3.693E-4	9.950E-1	3.674E-4
5.553E+1	-3.689E-4	9.960E-1	3.674E-4
5.563E+1	-3.694E-4	9.950E-1	3.675E-4
5.573E+1	-3.697E-4	9.940E-1	3.674E-4
5.583E+1	-3.691E-4	9.950E-1	3.672E-4
5.593E+1	-3.695E-4	9.940E-1	3.673E-4
5.603E+1	-3.697E-4	9.930E-1	3.671E-4
5.613E+1	-3.694E-4	9.940E-1	3.672E-4
5.623E+1	-3.692E-4	9.950E-1	3.673E-4
5.633E+1	-3.689E-4	9.960E-1	3.674E-4
5.643E+1	-3.685E-4	9.970E-1	3.674E-4
5.653E+1	-3.682E-4	9.980E-1	3.674E-4
5.663E+1	-3.687E-4	9.970E-1	3.676E-4
5.673E+1	-3.691E-4	9.960E-1	3.676E-4
5.683E+1	-3.694E-4	9.950E-1	3.676E-4
5.693E+1	-3.691E-4	9.960E-1	3.676E-4
5.703E+1	-3.687E-4	9.970E-1	3.676E-4
5.713E+1	-3.692E-4	9.960E-1	3.677E-4
5.723E+1	-3.695E-4	9.950E-1	3.676E-4
5.733E+1	-3.690E-4	9.960E-1	3.675E-4
5.743E+1	-3.694E-4	9.950E-1	3.676E-4
5.753E+1	-3.697E-4	9.940E-1	3.675E-4
5.763E+1	-3.693E-4	9.950E-1	3.674E-4
5.773E+1	-3.698E-4	9.940E-1	3.676E-4
5.783E+1	-3.700E-4	9.930E-1	3.674E-4
5.793E+1	-3.696E-4	9.940E-1	3.674E-4
5.803E+1	-3.698E-4	9.930E-1	3.672E-4
5.813E+1	-3.696E-4	9.940E-1	3.673E-4
5.823E+1	-3.692E-4	9.950E-1	3.673E-4
5.833E+1	-3.698E-4	9.940E-1	3.676E-4
5.843E+1	-3.700E-4	9.930E-1	3.674E-4
5.853E+1	-3.696E-4	9.940E-1	3.674E-4
5.863E+1	-3.692E-4	9.950E-1	3.674E-4
5.873E+1	-3.697E-4	9.940E-1	3.675E-4
5.883E+1	-3.700E-4	9.930E-1	3.674E-4
5.893E+1	-3.696E-4	9.940E-1	3.674E-4
5.903E+1	-3.692E-4	9.950E-1	3.674E-4
5.913E+1	-3.690E-4	9.960E-1	3.676E-4
5.923E+1	-3.687E-4	9.970E-1	3.676E-4
5.933E+1	-3.683E-4	9.980E-1	3.676E-4
5.943E+1	-3.689E-4	9.970E-1	3.678E-4
5.953E+1	-3.693E-4	9.960E-1	3.678E-4
5.963E+1	-3.688E-4	9.970E-1	3.677E-4
5.973E+1	-3.694E-4	9.960E-1	3.679E-4
5.983E+1	-3.697E-4	9.950E-1	3.679E-4
5.993E+1	-3.692E-4	9.960E-1	3.678E-4
6.003E+1	-3.696E-4	9.950E-1	3.678E-4
0.000E+0	-3.691E-4	9.960E-1	3.677E-4
0.000E+0	-3.696E-4	9.950E-1	3.678E-4
