1.260E-1	1.010E+0	4.598E-6	0.000E+0
3.270E-1	1.010E+0	4.505E-6	0.000E+0
5.260E-1	1.010E+0	4.401E-6	0.000E+0
6.260E-1	1.010E+0	4.324E-6	0.000E+0
7.260E-1	1.010E+0	4.260E-6	0.000E+0
8.260E-1	1.010E+0	4.016E-6	0.000E+0
9.260E-1	1.010E+0	4.057E-6	0.000E+0
1.026E+0	1.010E+0	4.031E-6	0.000E+0
1.126E+0	1.010E+0	4.072E-6	0.000E+0
1.226E+0	1.010E+0	4.040E-6	0.000E+0
1.326E+0	1.010E+0	4.004E-6	0.000E+0
1.426E+0	1.010E+0	3.981E-6	0.000E+0
1.526E+0	1.010E+0	3.811E-6	0.000E+0
1.626E+0	1.010E+0	3.840E-6	0.000E+0
1.726E+0	1.010E+0	3.836E-6	0.000E+0
1.826E+0	1.010E+0	3.899E-6	0.000E+0
1.926E+0	1.010E+0	3.883E-6	0.000E+0
2.026E+0	1.010E+0	3.860E-6	0.000E+0
2.126E+0	1.010E+0	3.849E-6	0.000E+0
2.226E+0	1.010E+0	3.675E-6	0.000E+0
2.326E+0	1.010E+0	3.729E-6	0.000E+0
2.526E+0	1.010E+0	3.806E-6	0.000E+0
2.626E+0	1.010E+0	3.798E-6	0.000E+0
2.726E+0	1.010E+0	3.787E-6	0.000E+0
2.826E+0	1.010E+0	3.776E-6	0.000E+0
2.926E+0	1.010E+0	3.600E-6	0.000E+0
3.026E+0	1.010E+0	3.677E-6	0.000E+0
3.126E+0	1.010E+0	3.683E-6	0.000E+0
3.326E+0	1.010E+0	3.742E-6	0.000E+0
3.426E+0	1.010E+0	3.733E-6	0.000E+0
3.526E+0	1.010E+0	3.727E-6	0.000E+0
3.626E+0	1.010E+0	3.551E-6	0.000E+0
3.727E+0	1.010E+0	3.624E-6	0.000E+0
3.826E+0	1.010E+0	3.634E-6	0.000E+0
3.927E+0	1.010E+0	3.704E-6	0.000E+0
4.026E+0	1.010E+0	3.702E-6	0.000E+0
4.127E+0	1.010E+0	3.696E-6	0.000E+0
4.226E+0	1.010E+0	3.689E-6	0.000E+0
4.326E+0	1.010E+0	3.482E-6	0.000E+0
4.426E+0	1.010E+0	3.567E-6	0.000E+0
4.526E+0	1.010E+0	3.579E-6	0.000E+0
4.726E+0	1.010E+0	-3.930E-4	0.000E+0
4.926E+0	1.010E+0	-3.756E-4	0.000E+0
5.026E+0	1.010E+0	-3.692E-4	0.000E+0
5.126E+0	1.010E+0	-3.688E-4	0.000E+0
5.326E+0	1.010E+0	-3.661E-4	0.000E+0
5.426E+0	1.010E+0	-3.644E-4	0.000E+0
5.526E+0	1.010E+0	-3.651E-4	0.000E+0
5.626E+0	1.010E+0	-3.644E-4	0.000E+0
5.726E+0	1.010E+0	-3.650E-4	0.000E+0
5.826E+0	1.010E+0	-3.648E-4	0.000E+0
5.926E+0	1.010E+0	-3.652E-4	0.000E+0
6.026E+0	1.010E+0	-3.651E-4	0.000E+0
6.126E+0	1.010E+0	-3.655E-4	0.000E+0
6.227E+0	1.010E+0	-3.656E-4	0.000E+0
6.326E+0	1.010E+0	-3.660E-4	0.000E+0
6.426E+0	1.010E+0	-3.662E-4	0.000E+0
6.526E+0	1.010E+0	-3.666E-4	0.000E+0
6.626E+0	1.010E+0	-3.666E-4	0.000E+0
6.726E+0	1.010E+0	-3.670E-4	0.000E+0
6.826E+0	1.010E+0	-3.670E-4	0.000E+0
6.926E+0	1.010E+0	-3.674E-4	0.000E+0
7.026E+0	1.010E+0	-3.675E-4	0.000E+0
7.126E+0	1.010E+0	-3.681E-4	0.000E+0
7.226E+0	1.010E+0	-3.680E-4	0.000E+0
7.326E+0	1.010E+0	-3.684E-4	0.000E+0
7.426E+0	1.010E+0	-3.685E-4	0.000E+0
7.526E+0	1.010E+0	-3.688E-4	0.000E+0
7.626E+0	1.010E+0	-3.689E-4	0.000E+0
7.726E+0	1.010E+0	-3.691E-4	0.000E+0
7.826E+0	1.010E+0	-3.695E-4	0.000E+0
7.926E+0	1.010E+0	-3.696E-4	0.000E+0
8.026E+0	1.010E+0	-3.698E-4	0.000E+0
8.126E+0	1.010E+0	-3.698E-4	0.000E+0
8.226E+0	1.010E+0	-3.701E-4	0.000E+0
8.326E+0	1.010E+0	-3.702E-4	0.000E+0
8.426E+0	1.010E+0	-3.705E-4	0.000E+0
8.526E+0	1.010E+0	-3.707E-4	0.000E+0
8.626E+0	1.010E+0	-3.709E-4	0.000E+0
8.726E+0	1.010E+0	-3.710E-4	0.000E+0
8.826E+0	1.010E+0	-3.712E-4	0.000E+0
8.926E+0	1.010E+0	-3.714E-4	0.000E+0
9.026E+0	1.010E+0	-3.715E-4	0.000E+0
9.126E+0	1.010E+0	-3.716E-4	0.000E+0
9.226E+0	1.010E+0	-3.719E-4	0.000E+0
9.326E+0	1.010E+0	-3.720E-4	0.000E+0
9.426E+0	1.010E+0	-3.721E-4	0.000E+0
9.526E+0	1.010E+0	-3.722E-4	0.000E+0
9.626E+0	1.010E+0	-3.722E-4	0.000E+0
9.726E+0	1.010E+0	-3.724E-4	0.000E+0
9.826E+0	1.010E+0	-3.725E-4	0.000E+0
9.926E+0	1.010E+0	-3.729E-4	0.000E+0
1.003E+1	1.010E+0	-3.729E-4	0.000E+0
1.013E+1	1.010E+0	-3.730E-4	0.000E+0
1.023E+1	1.010E+0	-3.730E-4	0.000E+0
1.033E+1	1.010E+0	-3.731E-4	0.000E+0
1.043E+1	1.010E+0	-3.732E-4	0.000E+0
1.053E+1	1.010E+0	-3.733E-4	0.000E+0
1.063E+1	1.010E+0	-3.736E-4	0.000E+0
1.073E+1	1.010E+0	-3.736E-4	0.000E+0
1.083E+1	1.010E+0	-3.737E-4	0.000E+0
1.093E+1	1.010E+0	-3.738E-4	0.000E+0
1.103E+1	1.010E+0	-3.739E-4	0.000E+0
1.113E+1	1.010E+0	-3.740E-4	0.000E+0
1.123E+1	1.010E+0	-3.741E-4	0.000E+0
1.133E+1	1.010E+0	-3.743E-4	0.000E+0
1.153E+1	1.010E+0	-3.744E-4	0.000E+0
1.163E+1	1.010E+0	-3.744E-4	0.000E+0
1.173E+1	1.010E+0	-3.745E-4	0.000E+0
1.183E+1	1.010E+0	-3.746E-4	0.000E+0
1.193E+1	1.010E+0	-3.747E-4	0.000E+0
1.203E+1	1.010E+0	-3.749E-4	0.000E+0
1.213E+1	1.010E+0	-3.750E-4	0.000E+0
1.223E+1	1.010E+0	-3.750E-4	0.000E+0
1.233E+1	1.010E+0	-3.751E-4	0.000E+0
1.243E+1	1.010E+0	-3.751E-4	0.000E+0
1.253E+1	1.010E+0	-3.753E-4	0.000E+0
1.263E+1	1.010E+0	-3.752E-4	0.000E+0
1.273E+1	1.010E+0	-3.757E-4	0.000E+0
1.283E+1	1.010E+0	-3.755E-4	0.000E+0
1.293E+1	1.010E+0	-3.756E-4	0.000E+0
1.303E+1	1.010E+0	-3.756E-4	0.000E+0
1.313E+1	1.010E+0	-3.757E-4	0.000E+0
1.323E+1	1.010E+0	-3.758E-4	0.000E+0
1.333E+1	1.010E+0	-3.758E-4	0.000E+0
1.343E+1	1.010E+0	-3.761E-4	0.000E+0
1.353E+1	1.010E+0	-3.761E-4	0.000E+0
1.363E+1	1.010E+0	-3.761E-4	0.000E+0
1.373E+1	1.010E+0	-3.761E-4	0.000E+0
1.383E+1	1.010E+0	-3.762E-4	0.000E+0
1.393E+1	1.010E+0	-3.762E-4	0.000E+0
1.403E+1	1.010E+0	-3.764E-4	0.000E+0
1.413E+1	1.010E+0	-3.765E-4	0.000E+0
1.423E+1	1.010E+0	-3.766E-4	0.000E+0
1.433E+1	1.010E+0	-3.766E-4	0.000E+0
1.453E+1	1.010E+0	-3.766E-4	0.000E+0
1.463E+1	1.010E+0	-3.767E-4	0.000E+0
1.473E+1	1.010E+0	-3.768E-4	0.000E+0
1.483E+1	1.010E+0	-3.770E-4	0.000E+0
1.493E+1	1.010E+0	-3.771E-4	0.000E+0
1.503E+1	1.010E+0	-3.771E-4	0.000E+0
1.513E+1	1.010E+0	-3.771E-4	0.000E+0
1.523E+1	1.010E+0	-3.771E-4	0.000E+0
1.533E+1	1.010E+0	-3.771E-4	0.000E+0
1.543E+1	1.010E+0	-3.772E-4	0.000E+0
1.553E+1	1.010E+0	-3.774E-4	0.000E+0
1.563E+1	1.010E+0	-3.775E-4	0.000E+0
1.573E+1	1.010E+0	-3.774E-4	0.000E+0
1.583E+1	1.010E+0	-3.775E-4	0.000E+0
1.593E+1	1.010E+0	-3.775E-4	0.000E+0
1.603E+1	1.010E+0	-3.776E-4	0.000E+0
1.613E+1	1.010E+0	-3.776E-4	0.000E+0
1.623E+1	1.010E+0	-3.778E-4	0.000E+0
1.633E+1	1.010E+0	-3.778E-4	0.000E+0
1.643E+1	1.010E+0	-3.778E-4	0.000E+0
1.653E+1	1.010E+0	-3.778E-4	0.000E+0
1.663E+1	1.010E+0	-3.778E-4	0.000E+0
1.673E+1	1.010E+0	-3.779E-4	0.000E+0
1.683E+1	1.010E+0	-3.780E-4	0.000E+0
1.693E+1	1.010E+0	-3.782E-4	0.000E+0
1.703E+1	1.010E+0	-3.782E-4	0.000E+0
1.713E+1	1.010E+0	-3.782E-4	0.000E+0
1.723E+1	1.010E+0	-3.782E-4	0.000E+0
1.733E+1	1.010E+0	-3.782E-4	0.000E+0
1.743E+1	1.010E+0	-3.783E-4	0.000E+0
1.753E+1	1.010E+0	-3.783E-4	0.000E+0
1.763E+1	1.010E+0	-3.785E-4	0.000E+0
1.773E+1	1.010E+0	-3.785E-4	0.000E+0
1.783E+1	1.010E+0	-3.785E-4	0.000E+0
1.793E+1	1.010E+0	-3.785E-4	0.000E+0
1.803E+1	1.010E+0	-3.785E-4	0.000E+0
1.813E+1	1.010E+0	-3.785E-4	0.000E+0
1.823E+1	1.010E+0	-3.786E-4	0.000E+0
1.833E+1	1.010E+0	-3.787E-4	0.000E+0
1.843E+1	1.010E+0	-3.787E-4	0.000E+0
1.853E+1	1.010E+0	-3.788E-4	0.000E+0
1.863E+1	1.010E+0	-3.787E-4	0.000E+0
1.873E+1	1.010E+0	-3.788E-4	0.000E+0
1.883E+1	1.010E+0	-3.788E-4	0.000E+0
1.893E+1	1.010E+0	-3.789E-4	0.000E+0
1.903E+1	1.010E+0	-3.791E-4	0.000E+0
1.913E+1	1.010E+0	-3.791E-4	0.000E+0
1.923E+1	1.010E+0	-3.791E-4	0.000E+0
1.933E+1	1.010E+0	-3.790E-4	0.000E+0
1.943E+1	1.010E+0	-3.790E-4	0.000E+0
1.953E+1	1.010E+0	-3.791E-4	0.000E+0
1.963E+1	1.010E+0	-3.791E-4	0.000E+0
1.973E+1	1.010E+0	-3.793E-4	0.000E+0
1.983E+1	1.010E+0	-3.793E-4	0.000E+0
1.993E+1	1.010E+0	-3.793E-4	0.000E+0
2.013E+1	1.010E+0	-3.793E-4	0.000E+0
2.023E+1	1.010E+0	-3.793E-4	0.000E+0
2.033E+1	1.010E+0	-3.793E-4	0.000E+0
2.043E+1	1.010E+0	-3.795E-4	0.000E+0
2.053E+1	1.010E+0	-3.795E-4	0.000E+0
2.063E+1	1.010E+0	-3.796E-4	0.000E+0
2.073E+1	1.010E+0	-3.795E-4	0.000E+0
2.083E+1	1.010E+0	-3.795E-4	0.000E+0
2.093E+1	1.010E+0	-3.796E-4	0.000E+0
2.103E+1	1.010E+0	-3.797E-4	0.000E+0
2.113E+1	1.010E+0	-3.798E-4	0.000E+0
2.123E+1	1.010E+0	-3.799E-4	0.000E+0
2.133E+1	1.010E+0	-3.798E-4	0.000E+0
2.143E+1	1.010E+0	-3.798E-4	0.000E+0
2.153E+1	1.010E+0	-3.798E-4	0.000E+0
2.163E+1	1.010E+0	-3.798E-4	0.000E+0
2.173E+1	1.010E+0	-3.799E-4	0.000E+0
2.183E+1	1.010E+0	-3.801E-4	0.000E+0
2.193E+1	1.010E+0	-3.800E-4	0.000E+0
2.203E+1	1.010E+0	-3.800E-4	0.000E+0
2.213E+1	1.010E+0	-3.800E-4	0.000E+0
2.223E+1	1.010E+0	-3.800E-4	0.000E+0
2.233E+1	1.010E+0	-3.800E-4	0.000E+0
2.243E+1	1.010E+0	-3.800E-4	0.000E+0
2.253E+1	1.010E+0	-3.803E-4	0.000E+0
2.263E+1	1.010E+0	-3.802E-4	0.000E+0
2.273E+1	1.010E+0	-3.803E-4	0.000E+0
2.283E+1	1.010E+0	-3.802E-4	0.000E+0
2.293E+1	1.010E+0	-3.803E-4	0.000E+0
2.303E+1	1.010E+0	-3.803E-4	0.000E+0
2.313E+1	1.010E+0	-3.803E-4	0.000E+0
2.323E+1	1.010E+0	-3.804E-4	0.000E+0
2.333E+1	1.010E+0	-3.805E-4	0.000E+0
2.343E+1	1.010E+0	-3.805E-4	0.000E+0
2.353E+1	1.010E+0	-3.804E-4	0.000E+0
2.363E+1	1.010E+0	-3.804E-4	0.000E+0
2.373E+1	1.010E+0	-3.805E-4	0.000E+0
2.383E+1	1.010E+0	-3.805E-4	0.000E+0
2.393E+1	1.010E+0	-3.808E-4	0.000E+0
2.403E+1	1.010E+0	-3.807E-4	0.000E+0
2.413E+1	1.010E+0	-3.807E-4	0.000E+0
2.423E+1	1.010E+0	-3.806E-4	0.000E+0
2.433E+1	1.010E+0	-3.806E-4	0.000E+0
2.443E+1	1.010E+0	-3.806E-4	0.000E+0
2.453E+1	1.010E+0	-3.807E-4	0.000E+0
2.463E+1	1.010E+0	-3.809E-4	0.000E+0
2.473E+1	1.010E+0	-3.808E-4	0.000E+0
2.483E+1	1.010E+0	-3.809E-4	0.000E+0
2.493E+1	1.010E+0	-3.808E-4	0.000E+0
2.503E+1	1.010E+0	-3.808E-4	0.000E+0
2.513E+1	1.010E+0	-3.809E-4	0.000E+0
2.523E+1	1.010E+0	-3.809E-4	0.000E+0
2.533E+1	1.010E+0	-3.811E-4	0.000E+0
2.543E+1	1.010E+0	-3.810E-4	0.000E+0
2.553E+1	1.010E+0	-3.810E-4	0.000E+0
2.573E+1	1.010E+0	-3.810E-4	0.000E+0
2.583E+1	1.010E+0	-3.810E-4	0.000E+0
2.593E+1	1.010E+0	-3.811E-4	0.000E+0
2.603E+1	1.010E+0	-3.812E-4	0.000E+0
2.613E+1	1.010E+0	-3.812E-4	0.000E+0
2.623E+1	1.010E+0	-3.812E-4	0.000E+0
2.633E+1	1.010E+0	-3.812E-4	0.000E+0
2.643E+1	1.010E+0	-3.812E-4	0.000E+0
2.653E+1	1.010E+0	-3.812E-4	0.000E+0
2.663E+1	1.010E+0	-3.812E-4	0.000E+0
2.673E+1	1.010E+0	-3.813E-4	0.000E+0
2.683E+1	1.010E+0	-3.814E-4	0.000E+0
2.693E+1	1.010E+0	-3.814E-4	0.000E+0
2.703E+1	1.010E+0	-3.814E-4	0.000E+0
2.713E+1	1.010E+0	-3.814E-4	0.000E+0
2.723E+1	1.010E+0	-3.814E-4	0.000E+0
2.733E+1	1.010E+0	-3.814E-4	0.000E+0
2.753E+1	1.010E+0	-3.816E-4	0.000E+0
2.763E+1	1.010E+0	-3.815E-4	0.000E+0
2.773E+1	1.010E+0	-3.815E-4	0.000E+0
2.783E+1	1.010E+0	-3.815E-4	0.000E+0
2.793E+1	1.010E+0	-3.815E-4	0.000E+0
2.803E+1	1.010E+0	-3.815E-4	0.000E+0
2.813E+1	1.010E+0	-3.818E-4	0.000E+0
2.833E+1	1.010E+0	-3.818E-4	0.000E+0
2.843E+1	1.010E+0	-3.817E-4	0.000E+0
2.853E+1	1.010E+0	-3.818E-4	0.000E+0
2.863E+1	1.010E+0	-3.818E-4	0.000E+0
2.873E+1	1.010E+0	-3.818E-4	0.000E+0
2.883E+1	1.010E+0	-3.820E-4	0.000E+0
2.893E+1	1.010E+0	-3.819E-4	0.000E+0
2.903E+1	1.010E+0	-3.819E-4	0.000E+0
2.913E+1	1.010E+0	-3.818E-4	0.000E+0
2.923E+1	1.010E+0	-3.819E-4	0.000E+0
2.933E+1	1.010E+0	-3.818E-4	0.000E+0
2.943E+1	1.010E+0	-3.820E-4	0.000E+0
2.953E+1	1.010E+0	-3.820E-4	0.000E+0
2.963E+1	1.010E+0	-3.820E-4	0.000E+0
2.973E+1	1.010E+0	-3.820E-4	0.000E+0
2.983E+1	1.010E+0	-3.820E-4	0.000E+0
2.993E+1	1.010E+0	-3.820E-4	0.000E+0
3.003E+1	1.010E+0	-3.821E-4	0.000E+0
3.013E+1	1.010E+0	-3.821E-4	0.000E+0
3.023E+1	1.010E+0	-3.822E-4	0.000E+0
3.033E+1	1.010E+0	-3.822E-4	0.000E+0
3.043E+1	1.010E+0	-3.822E-4	0.000E+0
3.053E+1	1.010E+0	-3.821E-4	0.000E+0
3.063E+1	1.010E+0	-3.821E-4	0.000E+0
3.073E+1	1.010E+0	-3.822E-4	0.000E+0
3.083E+1	1.010E+0	-3.822E-4	0.000E+0
3.093E+1	1.010E+0	-3.823E-4	0.000E+0
3.103E+1	1.010E+0	-3.822E-4	0.000E+0
3.113E+1	1.010E+0	-3.823E-4	0.000E+0
3.123E+1	1.010E+0	-3.822E-4	0.000E+0
3.133E+1	1.010E+0	-3.823E-4	0.000E+0
3.143E+1	1.010E+0	-3.823E-4	0.000E+0
3.153E+1	1.010E+0	-3.823E-4	0.000E+0
3.163E+1	1.010E+0	-3.825E-4	0.000E+0
3.173E+1	1.010E+0	-3.824E-4	0.000E+0
3.183E+1	1.010E+0	-3.825E-4	0.000E+0
3.193E+1	1.010E+0	-3.824E-4	0.000E+0
3.213E+1	1.010E+0	-3.824E-4	0.000E+0
3.223E+1	1.010E+0	-3.824E-4	0.000E+0
3.233E+1	1.010E+0	-3.825E-4	0.000E+0
3.243E+1	1.010E+0	-3.827E-4	0.000E+0
3.253E+1	1.010E+0	-3.826E-4	0.000E+0
3.263E+1	1.010E+0	-3.826E-4	0.000E+0
3.273E+1	1.010E+0	-3.825E-4	0.000E+0
3.283E+1	1.010E+0	-3.826E-4	0.000E+0
3.293E+1	1.010E+0	-3.826E-4	0.000E+0
3.303E+1	1.010E+0	-3.828E-4	0.000E+0
3.313E+1	1.010E+0	-3.827E-4	0.000E+0
3.323E+1	1.010E+0	-3.827E-4	0.000E+0
3.333E+1	1.010E+0	-3.827E-4	0.000E+0
3.343E+1	1.010E+0	-3.826E-4	0.000E+0
3.353E+1	1.010E+0	-3.826E-4	0.000E+0
3.363E+1	1.010E+0	-3.826E-4	0.000E+0
3.373E+1	1.010E+0	-3.829E-4	0.000E+0
3.383E+1	1.010E+0	-3.828E-4	0.000E+0
3.393E+1	1.010E+0	-3.828E-4	0.000E+0
3.403E+1	1.010E+0	-3.827E-4	0.000E+0
3.413E+1	1.010E+0	-3.827E-4	0.000E+0
3.423E+1	1.010E+0	-3.827E-4	0.000E+0
3.433E+1	1.010E+0	-3.828E-4	0.000E+0
3.443E+1	1.010E+0	-3.830E-4	0.000E+0
3.453E+1	1.010E+0	-3.830E-4	0.000E+0
3.463E+1	1.010E+0	-3.830E-4	0.000E+0
3.473E+1	1.010E+0	-3.829E-4	0.000E+0
3.483E+1	1.010E+0	-3.829E-4	0.000E+0
3.493E+1	1.010E+0	-3.828E-4	0.000E+0
3.503E+1	1.010E+0	-3.829E-4	0.000E+0
3.513E+1	1.010E+0	-3.829E-4	0.000E+0
3.523E+1	1.010E+0	-3.830E-4	0.000E+0
3.533E+1	1.010E+0	-3.829E-4	0.000E+0
3.543E+1	1.010E+0	-3.829E-4	0.000E+0
3.553E+1	1.010E+0	-3.829E-4	0.000E+0
3.563E+1	1.010E+0	-3.829E-4	0.000E+0
3.573E+1	1.010E+0	-3.829E-4	0.000E+0
3.583E+1	1.010E+0	-3.831E-4	0.000E+0
3.593E+1	1.010E+0	-3.832E-4	0.000E+0
3.603E+1	1.010E+0	-3.832E-4	0.000E+0
3.613E+1	1.010E+0	-3.831E-4	0.000E+0
3.623E+1	1.010E+0	-3.831E-4	0.000E+0
3.633E+1	1.010E+0	-3.832E-4	0.000E+0
3.643E+1	1.010E+0	-3.831E-4	0.000E+0
3.653E+1	1.010E+0	-3.833E-4	0.000E+0
3.663E+1	1.010E+0	-3.832E-4	0.000E+0
3.673E+1	1.010E+0	-3.832E-4	0.000E+0
3.683E+1	1.010E+0	-3.831E-4	0.000E+0
3.693E+1	1.010E+0	-3.832E-4	0.000E+0
3.703E+1	1.010E+0	-3.831E-4	0.000E+0
3.713E+1	1.010E+0	-3.832E-4	0.000E+0
3.723E+1	1.010E+0	-3.833E-4	0.000E+0
3.733E+1	1.010E+0	-3.833E-4	0.000E+0
3.743E+1	1.010E+0	-3.832E-4	0.000E+0
3.753E+1	1.010E+0	-3.832E-4	0.000E+0
3.773E+1	1.010E+0	-3.832E-4	0.000E+0
3.783E+1	1.010E+0	-3.833E-4	0.000E+0
3.793E+1	1.010E+0	-3.835E-4	0.000E+0
3.803E+1	1.010E+0	-3.834E-4	0.000E+0
3.813E+1	1.010E+0	-3.833E-4	0.000E+0
3.823E+1	1.010E+0	-3.834E-4	0.000E+0
3.833E+1	1.010E+0	-3.833E-4	0.000E+0
3.853E+1	1.010E+0	-3.833E-4	0.000E+0
3.863E+1	1.010E+0	-3.835E-4	0.000E+0
3.873E+1	1.010E+0	-3.835E-4	0.000E+0
3.883E+1	1.010E+0	-3.835E-4	0.000E+0
3.893E+1	1.010E+0	-3.834E-4	0.000E+0
3.903E+1	1.010E+0	-3.834E-4	0.000E+0
3.913E+1	1.010E+0	-3.834E-4	0.000E+0
3.923E+1	1.010E+0	-3.833E-4	0.000E+0
3.933E+1	1.010E+0	-3.835E-4	0.000E+0
3.943E+1	1.010E+0	-3.835E-4	0.000E+0
3.953E+1	1.010E+0	-3.835E-4	0.000E+0
3.963E+1	1.010E+0	-3.835E-4	0.000E+0
3.973E+1	1.010E+0	-3.835E-4	0.000E+0
3.983E+1	1.010E+0	-3.835E-4	0.000E+0
3.993E+1	1.010E+0	-3.835E-4	0.000E+0
4.003E+1	1.010E+0	-3.836E-4	0.000E+0
4.013E+1	1.010E+0	-3.837E-4	0.000E+0
4.033E+1	1.010E+0	-3.836E-4	0.000E+0
4.043E+1	1.010E+0	-3.836E-4	0.000E+0
4.053E+1	1.010E+0	-3.836E-4	0.000E+0
4.063E+1	1.010E+0	-3.835E-4	0.000E+0
4.073E+1	1.010E+0	-3.837E-4	0.000E+0
4.083E+1	1.010E+0	-3.836E-4	0.000E+0
4.093E+1	1.010E+0	-3.836E-4	0.000E+0
4.103E+1	1.010E+0	-3.836E-4	0.000E+0
4.113E+1	1.010E+0	-3.836E-4	0.000E+0
4.123E+1	1.010E+0	-3.836E-4	0.000E+0
4.133E+1	1.010E+0	-3.837E-4	0.000E+0
4.153E+1	1.010E+0	-3.838E-4	0.000E+0
4.163E+1	1.010E+0	-3.838E-4	0.000E+0
4.173E+1	1.010E+0	-3.837E-4	0.000E+0
4.183E+1	1.010E+0	-3.837E-4	0.000E+0
4.193E+1	1.010E+0	-3.837E-4	0.000E+0
4.203E+1	1.010E+0	-3.837E-4	0.000E+0
4.213E+1	1.010E+0	-3.840E-4	0.000E+0
4.223E+1	1.010E+0	-3.838E-4	0.000E+0
4.233E+1	1.010E+0	-3.839E-4	0.000E+0
4.243E+1	1.010E+0	-3.837E-4	0.000E+0
4.253E+1	1.010E+0	-3.838E-4	0.000E+0
4.263E+1	1.010E+0	-3.837E-4	0.000E+0
4.273E+1	1.010E+0	-3.838E-4	0.000E+0
4.283E+1	1.010E+0	-3.839E-4	0.000E+0
4.293E+1	1.010E+0	-3.839E-4	0.000E+0
4.303E+1	1.010E+0	-3.838E-4	0.000E+0
4.313E+1	1.010E+0	-3.837E-4	0.000E+0
4.323E+1	1.010E+0	-3.838E-4	0.000E+0
4.333E+1	1.010E+0	-3.838E-4	0.000E+0
4.343E+1	1.010E+0	-3.838E-4	0.000E+0
4.353E+1	1.010E+0	-3.839E-4	0.000E+0
4.363E+1	1.010E+0	-3.839E-4	0.000E+0
4.373E+1	1.010E+0	-3.839E-4	0.000E+0
4.383E+1	1.010E+0	-3.838E-4	0.000E+0
4.393E+1	1.010E+0	-3.838E-4	0.000E+0
4.403E+1	1.010E+0	-3.838E-4	0.000E+0
4.413E+1	1.010E+0	-3.838E-4	0.000E+0
4.423E+1	1.010E+0	-3.840E-4	0.000E+0
4.433E+1	1.010E+0	-3.840E-4	0.000E+0
4.443E+1	1.010E+0	-3.839E-4	0.000E+0
4.453E+1	1.010E+0	-3.839E-4	0.000E+0
4.463E+1	1.010E+0	-3.839E-4	0.000E+0
4.473E+1	1.010E+0	-3.839E-4	0.000E+0
4.483E+1	1.010E+0	-3.839E-4	0.000E+0
4.493E+1	1.010E+0	-3.841E-4	0.000E+0
4.503E+1	1.010E+0	-3.840E-4	0.000E+0
4.513E+1	1.010E+0	-3.840E-4	0.000E+0
4.523E+1	1.010E+0	-3.840E-4	0.000E+0
4.533E+1	1.010E+0	-3.840E-4	0.000E+0
4.543E+1	1.010E+0	-3.840E-4	0.000E+0
4.553E+1	1.010E+0	-3.839E-4	0.000E+0
4.563E+1	1.010E+0	-3.841E-4	0.000E+0
4.573E+1	1.010E+0	-3.841E-4	0.000E+0
4.593E+1	1.010E+0	-3.840E-4	0.000E+0
4.603E+1	1.010E+0	-3.840E-4	0.000E+0
4.613E+1	1.010E+0	-3.841E-4	0.000E+0
4.623E+1	1.010E+0	-3.841E-4	0.000E+0
4.633E+1	1.010E+0	-3.843E-4	0.000E+0
4.643E+1	1.010E+0	-3.841E-4	0.000E+0
4.653E+1	1.010E+0	-3.842E-4	0.000E+0
4.663E+1	1.010E+0	-3.841E-4	0.000E+0
4.673E+1	1.010E+0	-3.841E-4	0.000E+0
4.683E+1	1.010E+0	-3.841E-4	0.000E+0
4.693E+1	1.010E+0	-3.841E-4	0.000E+0
4.703E+1	1.010E+0	-3.842E-4	0.000E+0
4.713E+1	1.010E+0	-3.843E-4	0.000E+0
4.723E+1	1.010E+0	-3.843E-4	0.000E+0
4.733E+1	1.010E+0	-3.842E-4	0.000E+0
4.743E+1	1.010E+0	-3.842E-4	0.000E+0
4.753E+1	1.010E+0	-3.842E-4	0.000E+0
4.763E+1	1.010E+0	-3.842E-4	0.000E+0
4.773E+1	1.010E+0	-3.844E-4	0.000E+0
4.783E+1	1.010E+0	-3.843E-4	0.000E+0
4.793E+1	1.010E+0	-3.842E-4	0.000E+0
4.803E+1	1.010E+0	-3.842E-4	0.000E+0
4.813E+1	1.010E+0	-3.842E-4	0.000E+0
4.823E+1	1.010E+0	-3.842E-4	0.000E+0
4.833E+1	1.010E+0	-3.842E-4	0.000E+0
4.843E+1	1.010E+0	-3.844E-4	0.000E+0
4.853E+1	1.010E+0	-3.844E-4	0.000E+0
4.863E+1	1.010E+0	-3.843E-4	0.000E+0
4.873E+1	1.010E+0	-3.842E-4	0.000E+0
4.883E+1	1.010E+0	-3.843E-4	0.000E+0
4.893E+1	1.010E+0	-3.843E-4	0.000E+0
4.903E+1	1.010E+0	-3.844E-4	0.000E+0
4.913E+1	1.010E+0	-3.846E-4	0.000E+0
4.923E+1	1.010E+0	-3.845E-4	0.000E+0
4.933E+1	1.010E+0	-3.845E-4	0.000E+0
4.943E+1	1.010E+0	-3.844E-4	0.000E+0
4.953E+1	1.010E+0	-3.844E-4	0.000E+0
4.963E+1	1.010E+0	-3.845E-4	0.000E+0
4.973E+1	1.010E+0	-3.845E-4	0.000E+0
4.983E+1	1.010E+0	-3.845E-4	0.000E+0
4.993E+1	1.010E+0	-3.845E-4	0.000E+0
5.003E+1	1.010E+0	-3.845E-4	0.000E+0
5.013E+1	1.010E+0	-3.845E-4	0.000E+0
5.023E+1	1.010E+0	-3.845E-4	0.000E+0
5.033E+1	1.010E+0	-3.845E-4	0.000E+0
5.043E+1	1.010E+0	-3.845E-4	0.000E+0
5.053E+1	1.010E+0	-3.847E-4	0.000E+0
5.063E+1	1.010E+0	-3.846E-4	0.000E+0
5.073E+1	1.010E+0	-3.846E-4	0.000E+0
5.083E+1	1.010E+0	-3.845E-4	0.000E+0
5.093E+1	1.010E+0	-3.845E-4	0.000E+0
5.103E+1	1.010E+0	-3.845E-4	0.000E+0
5.113E+1	1.010E+0	-3.845E-4	0.000E+0
5.123E+1	1.010E+0	-3.846E-4	0.000E+0
5.133E+1	1.010E+0	-3.846E-4	0.000E+0
5.143E+1	1.010E+0	-3.846E-4	0.000E+0
5.153E+1	1.010E+0	-3.845E-4	0.000E+0
5.163E+1	1.010E+0	-3.845E-4	0.000E+0
5.173E+1	1.010E+0	-3.845E-4	0.000E+0
5.183E+1	1.010E+0	-3.846E-4	0.000E+0
5.193E+1	1.010E+0	-3.846E-4	0.000E+0
5.203E+1	1.010E+0	-3.847E-4	0.000E+0
5.213E+1	1.010E+0	-3.847E-4	0.000E+0
5.223E+1	1.010E+0	-3.846E-4	0.000E+0
5.233E+1	1.010E+0	-3.846E-4	0.000E+0
5.243E+1	1.010E+0	-3.846E-4	0.000E+0
5.253E+1	1.010E+0	-3.847E-4	0.000E+0
5.263E+1	1.010E+0	-3.847E-4	0.000E+0
5.273E+1	1.010E+0	-3.848E-4	0.000E+0
5.283E+1	1.010E+0	-3.847E-4	0.000E+0
5.293E+1	1.010E+0	-3.847E-4	0.000E+0
5.303E+1	1.010E+0	-3.847E-4	0.000E+0
5.313E+1	1.010E+0	-3.847E-4	0.000E+0
5.323E+1	1.010E+0	-3.847E-4	0.000E+0
5.333E+1	1.010E+0	-3.847E-4	0.000E+0
5.343E+1	1.010E+0	-3.847E-4	0.000E+0
5.353E+1	1.010E+0	-3.847E-4	0.000E+0
5.363E+1	1.010E+0	-3.847E-4	0.000E+0
5.373E+1	1.010E+0	-3.847E-4	0.000E+0
5.383E+1	1.010E+0	-3.848E-4	0.000E+0
5.393E+1	1.010E+0	-3.847E-4	0.000E+0
5.403E+1	1.010E+0	-3.850E-4	0.000E+0
5.413E+1	1.010E+0	-3.849E-4	0.000E+0
5.423E+1	1.010E+0	-3.849E-4	0.000E+0
5.433E+1	1.010E+0	-3.847E-4	0.000E+0
5.443E+1	1.010E+0	-3.847E-4	0.000E+0
5.453E+1	1.010E+0	-3.847E-4	0.000E+0
5.463E+1	1.010E+0	-3.847E-4	0.000E+0
5.473E+1	1.010E+0	-3.848E-4	0.000E+0
5.483E+1	1.010E+0	-3.848E-4	0.000E+0
5.493E+1	1.010E+0	-3.849E-4	0.000E+0
5.503E+1	1.010E+0	-3.848E-4	0.000E+0
5.513E+1	1.010E+0	-3.848E-4	0.000E+0
5.523E+1	1.010E+0	-3.848E-4	0.000E+0
5.533E+1	1.010E+0	-3.848E-4	0.000E+0
5.543E+1	1.010E+0	-3.848E-4	0.000E+0
5.553E+1	1.010E+0	-3.850E-4	0.000E+0
5.563E+1	1.010E+0	-3.849E-4	0.000E+0
5.573E+1	1.010E+0	-3.848E-4	0.000E+0
5.583E+1	1.010E+0	-3.849E-4	0.000E+0
5.593E+1	1.010E+0	-3.849E-4	0.000E+0
5.603E+1	1.010E+0	-3.849E-4	0.000E+0
5.613E+1	1.010E+0	-3.849E-4	0.000E+0
5.623E+1	1.010E+0	-3.850E-4	0.000E+0
5.633E+1	1.010E+0	-3.850E-4	0.000E+0
5.643E+1	1.010E+0	-3.849E-4	0.000E+0
5.653E+1	1.010E+0	-3.849E-4	0.000E+0
5.663E+1	1.010E+0	-3.848E-4	0.000E+0
5.673E+1	1.010E+0	-3.849E-4	0.000E+0
5.683E+1	1.010E+0	-3.848E-4	0.000E+0
5.693E+1	1.010E+0	-3.849E-4	0.000E+0
5.703E+1	1.010E+0	-3.848E-4	0.000E+0
5.713E+1	1.010E+0	-3.848E-4	0.000E+0
5.723E+1	1.010E+0	-3.848E-4	0.000E+0
5.733E+1	1.010E+0	-3.849E-4	0.000E+0
5.743E+1	1.010E+0	-3.848E-4	0.000E+0
5.753E+1	1.010E+0	-3.850E-4	0.000E+0
5.763E+1	1.010E+0	-3.850E-4	0.000E+0
5.773E+1	1.010E+0	-3.850E-4	0.000E+0
5.783E+1	1.010E+0	-3.849E-4	0.000E+0
5.793E+1	1.010E+0	-3.850E-4	0.000E+0
5.803E+1	1.010E+0	-3.849E-4	0.000E+0
5.813E+1	1.010E+0	-3.849E-4	0.000E+0
5.823E+1	1.010E+0	-3.851E-4	0.000E+0
5.833E+1	1.010E+0	-3.850E-4	0.000E+0
5.843E+1	1.010E+0	-3.851E-4	0.000E+0
5.853E+1	1.010E+0	-3.849E-4	0.000E+0
5.863E+1	1.010E+0	-3.850E-4	0.000E+0
5.873E+1	1.010E+0	-3.850E-4	0.000E+0
5.883E+1	1.010E+0	-3.850E-4	0.000E+0
5.893E+1	1.010E+0	-3.850E-4	0.000E+0
5.903E+1	1.010E+0	-3.851E-4	0.000E+0
5.913E+1	1.010E+0	-3.852E-4	0.000E+0
5.923E+1	1.010E+0	-3.850E-4	0.000E+0
5.933E+1	1.010E+0	-3.851E-4	0.000E+0
5.943E+1	1.010E+0	-3.850E-4	0.000E+0
5.953E+1	1.010E+0	-3.850E-4	0.000E+0
5.963E+1	1.010E+0	-3.851E-4	0.000E+0
5.973E+1	1.010E+0	-3.852E-4	0.000E+0
5.983E+1	1.010E+0	-3.851E-4	0.000E+0
5.993E+1	1.010E+0	-3.850E-4	0.000E+0
6.003E+1	1.010E+0	-3.851E-4	0.000E+0
