5.700E-2	1.300E+0	8.749E-4	-1.137E-3
3.730E-1	1.294E+0	7.832E-4	-1.013E-3
4.560E-1	1.287E+0	6.929E-4	-8.917E-4
5.380E-1	1.281E+0	6.088E-4	-7.796E-4
6.360E-1	1.274E+0	5.287E-4	-6.735E-4
7.190E-1	1.268E+0	4.529E-4	-5.740E-4
8.020E-1	1.261E+0	3.821E-4	-4.818E-4
8.850E-1	1.255E+0	3.161E-4	-3.966E-4
9.670E-1	1.248E+0	2.544E-4	-3.175E-4
1.051E+0	1.242E+0	1.967E-4	-2.442E-4
1.133E+0	1.235E+0	1.431E-4	-1.767E-4
1.216E+0	1.229E+0	9.709E-5	-1.193E-4
1.369E+0	1.222E+0	5.023E-5	-6.138E-5
1.466E+0	1.216E+0	4.133E-6	-5.024E-6
1.621E+0	1.209E+0	-3.328E-5	4.024E-5
1.833E+0	1.203E+0	-7.087E-5	8.522E-5
1.916E+0	1.196E+0	-1.047E-4	1.252E-4
1.999E+0	1.190E+0	-1.370E-4	1.630E-4
2.197E+0	1.183E+0	-1.648E-4	1.949E-4
2.292E+0	1.177E+0	-1.920E-4	2.259E-4
2.375E+0	1.170E+0	-2.164E-4	2.532E-4
2.458E+0	1.164E+0	-2.386E-4	2.776E-4
2.542E+0	1.157E+0	-2.583E-4	2.989E-4
2.625E+0	1.151E+0	-2.765E-4	3.181E-4
2.708E+0	1.144E+0	-2.935E-4	3.358E-4
2.791E+0	1.138E+0	-3.080E-4	3.504E-4
2.888E+0	1.131E+0	-3.219E-4	3.641E-4
2.971E+0	1.125E+0	-3.341E-4	3.757E-4
3.054E+0	1.118E+0	-3.450E-4	3.857E-4
3.136E+0	1.112E+0	-3.547E-4	3.942E-4
3.219E+0	1.105E+0	-3.629E-4	4.011E-4
3.302E+0	1.099E+0	-3.704E-4	4.069E-4
3.385E+0	1.092E+0	-3.768E-4	4.114E-4
3.468E+0	1.086E+0	-3.828E-4	4.155E-4
3.558E+0	1.079E+0	-3.883E-4	4.190E-4
3.656E+0	1.073E+0	-3.933E-4	4.218E-4
3.739E+0	1.066E+0	-3.977E-4	4.240E-4
3.822E+0	1.060E+0	-4.015E-4	4.254E-4
3.904E+0	1.053E+0	-4.049E-4	4.264E-4
3.987E+0	1.047E+0	-4.080E-4	4.270E-4
4.071E+0	1.040E+0	-4.109E-4	4.273E-4
4.153E+0	1.034E+0	-4.135E-4	4.273E-4
4.235E+0	1.027E+0	-4.158E-4	4.270E-4
4.332E+0	1.021E+0	-4.177E-4	4.263E-4
4.416E+0	1.014E+0	-4.198E-4	4.256E-4
4.499E+0	1.008E+0	-4.214E-4	4.245E-4
4.581E+0	1.001E+0	-4.230E-4	4.234E-4
4.663E+0	9.945E-1	-4.245E-4	4.221E-4
4.746E+0	9.880E-1	-4.258E-4	4.207E-4
4.830E+0	9.815E-1	-4.272E-4	4.193E-4
4.913E+0	9.750E-1	-4.285E-4	4.177E-4
5.010E+0	9.685E-1	-4.295E-4	4.160E-4
5.094E+0	9.620E-1	-4.305E-4	4.142E-4
5.177E+0	9.555E-1	-4.314E-4	4.122E-4
5.260E+0	9.490E-1	-4.322E-4	4.102E-4
5.343E+0	9.425E-1	-4.331E-4	4.082E-4
5.425E+0	9.360E-1	-4.339E-4	4.061E-4
5.509E+0	9.295E-1	-4.347E-4	4.040E-4
5.592E+0	9.230E-1	-4.353E-4	4.018E-4
5.682E+0	9.165E-1	-4.361E-4	3.997E-4
5.779E+0	9.100E-1	-4.367E-4	3.974E-4
5.862E+0	9.035E-1	-4.373E-4	3.951E-4
5.945E+0	8.970E-1	-4.379E-4	3.928E-4
6.028E+0	8.905E-1	-4.385E-4	3.905E-4
6.111E+0	8.840E-1	-4.390E-4	3.881E-4
6.193E+0	8.775E-1	-4.395E-4	3.857E-4
6.277E+0	8.710E-1	-4.400E-4	3.832E-4
6.367E+0	8.645E-1	-4.406E-4	3.809E-4
6.463E+0	8.580E-1	-4.411E-4	3.784E-4
6.545E+0	8.515E-1	-4.415E-4	3.760E-4
6.629E+0	8.450E-1	-4.420E-4	3.735E-4
6.712E+0	8.385E-1	-4.424E-4	3.709E-4
6.794E+0	8.320E-1	-4.428E-4	3.684E-4
6.877E+0	8.255E-1	-4.432E-4	3.659E-4
6.959E+0	8.190E-1	-4.436E-4	3.633E-4
7.058E+0	8.125E-1	-4.441E-4	3.608E-4
7.141E+0	8.060E-1	-4.445E-4	3.582E-4
7.224E+0	7.995E-1	-4.448E-4	3.556E-4
7.306E+0	7.930E-1	-4.450E-4	3.529E-4
7.390E+0	7.865E-1	-4.454E-4	3.503E-4
7.473E+0	7.800E-1	-4.458E-4	3.477E-4
7.556E+0	7.735E-1	-4.461E-4	3.451E-4
7.638E+0	7.670E-1	-4.464E-4	3.424E-4
7.736E+0	7.605E-1	-4.469E-4	3.399E-4
7.820E+0	7.540E-1	-4.471E-4	3.371E-4
7.903E+0	7.475E-1	-4.475E-4	3.345E-4
7.985E+0	7.410E-1	-4.477E-4	3.317E-4
8.068E+0	7.345E-1	-4.480E-4	3.290E-4
8.152E+0	7.280E-1	-4.483E-4	3.263E-4
8.234E+0	7.215E-1	-4.486E-4	3.237E-4
8.317E+0	7.150E-1	-4.488E-4	3.209E-4
8.415E+0	7.085E-1	-4.493E-4	3.183E-4
8.498E+0	7.020E-1	-4.496E-4	3.156E-4
8.581E+0	6.955E-1	-4.497E-4	3.128E-4
8.664E+0	6.890E-1	-4.500E-4	3.101E-4
8.747E+0	6.825E-1	-4.501E-4	3.072E-4
8.830E+0	6.760E-1	-4.504E-4	3.045E-4
8.914E+0	6.695E-1	-4.506E-4	3.017E-4
8.997E+0	6.630E-1	-4.510E-4	2.990E-4
9.087E+0	6.565E-1	-4.513E-4	2.963E-4
9.182E+0	6.500E-1	-4.517E-4	2.936E-4
9.266E+0	6.435E-1	-4.519E-4	2.908E-4
9.349E+0	6.370E-1	-4.521E-4	2.880E-4
9.431E+0	6.305E-1	-4.522E-4	2.851E-4
9.514E+0	6.240E-1	-4.525E-4	2.823E-4
9.597E+0	6.175E-1	-4.527E-4	2.796E-4
9.681E+0	6.110E-1	-4.529E-4	2.767E-4
9.771E+0	6.045E-1	-4.533E-4	2.740E-4
9.866E+0	5.980E-1	-4.537E-4	2.713E-4
9.948E+0	5.915E-1	-4.539E-4	2.685E-4
1.003E+1	5.850E-1	-4.540E-4	2.656E-4
1.012E+1	5.785E-1	-4.545E-4	2.629E-4
1.020E+1	5.720E-1	-4.544E-4	2.599E-4
1.028E+1	5.655E-1	-4.548E-4	2.572E-4
1.036E+1	5.590E-1	-4.549E-4	2.543E-4
1.045E+1	5.525E-1	-4.553E-4	2.515E-4
1.055E+1	5.460E-1	-4.555E-4	2.487E-4
1.063E+1	5.395E-1	-4.557E-4	2.459E-4
1.071E+1	5.330E-1	-4.559E-4	2.430E-4
1.080E+1	5.265E-1	-4.560E-4	2.401E-4
1.088E+1	5.200E-1	-4.563E-4	2.373E-4
1.096E+1	5.135E-1	-4.564E-4	2.343E-4
1.105E+1	5.070E-1	-4.567E-4	2.316E-4
1.114E+1	5.005E-1	-4.568E-4	2.286E-4
1.123E+1	4.940E-1	-4.573E-4	2.259E-4
1.132E+1	4.875E-1	-4.574E-4	2.230E-4
1.140E+1	4.810E-1	-4.577E-4	2.201E-4
1.148E+1	4.745E-1	-4.577E-4	2.172E-4
1.156E+1	4.680E-1	-4.579E-4	2.143E-4
1.165E+1	4.615E-1	-4.582E-4	2.114E-4
1.173E+1	4.550E-1	-4.582E-4	2.085E-4
1.183E+1	4.485E-1	-4.585E-4	2.056E-4
1.191E+1	4.420E-1	-4.588E-4	2.028E-4
1.199E+1	4.355E-1	-4.590E-4	1.999E-4
1.208E+1	4.290E-1	-4.591E-4	1.969E-4
1.216E+1	4.225E-1	-4.593E-4	1.940E-4
1.224E+1	4.160E-1	-4.593E-4	1.911E-4
1.233E+1	4.095E-1	-4.596E-4	1.882E-4
1.241E+1	4.030E-1	-4.597E-4	1.852E-4
1.250E+1	3.965E-1	-4.600E-4	1.824E-4
1.260E+1	3.900E-1	-4.602E-4	1.795E-4
1.268E+1	3.835E-1	-4.604E-4	1.766E-4
1.276E+1	3.770E-1	-4.606E-4	1.736E-4
1.285E+1	3.705E-1	-4.607E-4	1.707E-4
1.293E+1	3.640E-1	-4.609E-4	1.678E-4
1.301E+1	3.575E-1	-4.610E-4	1.648E-4
1.310E+1	3.510E-1	-4.612E-4	1.619E-4
1.319E+1	3.445E-1	-4.614E-4	1.589E-4
1.328E+1	3.380E-1	-4.616E-4	1.560E-4
1.336E+1	3.315E-1	-4.618E-4	1.531E-4
1.344E+1	3.250E-1	-4.620E-4	1.502E-4
1.353E+1	3.185E-1	-4.621E-4	1.472E-4
1.361E+1	3.120E-1	-4.622E-4	1.442E-4
1.369E+1	3.055E-1	-4.624E-4	1.413E-4
1.378E+1	2.990E-1	-4.626E-4	1.383E-4
1.386E+1	2.925E-1	-4.628E-4	1.354E-4
1.396E+1	2.860E-1	-4.629E-4	1.324E-4
1.404E+1	2.795E-1	-4.633E-4	1.295E-4
1.412E+1	2.730E-1	-4.634E-4	1.265E-4
1.421E+1	2.665E-1	-4.636E-4	1.235E-4
1.429E+1	2.600E-1	-4.636E-4	1.205E-4
1.437E+1	2.535E-1	-4.638E-4	1.176E-4
1.445E+1	2.470E-1	-4.640E-4	1.146E-4
1.454E+1	2.405E-1	-4.641E-4	1.116E-4
1.463E+1	2.340E-1	-4.643E-4	1.086E-4
1.472E+1	2.275E-1	-4.646E-4	1.057E-4
1.481E+1	2.210E-1	-4.647E-4	1.027E-4
1.489E+1	2.145E-1	-4.648E-4	9.970E-5
1.497E+1	2.080E-1	-4.649E-4	9.671E-5
1.505E+1	2.015E-1	-4.651E-4	9.371E-5
1.514E+1	1.950E-1	-4.652E-4	9.072E-5
1.522E+1	1.885E-1	-4.653E-4	8.772E-5
1.532E+1	1.820E-1	-4.655E-4	8.473E-5
1.540E+1	1.755E-1	-4.658E-4	8.174E-5
1.549E+1	1.690E-1	-4.660E-4	7.875E-5
1.557E+1	1.625E-1	-4.661E-4	7.575E-5
1.565E+1	1.560E-1	-4.662E-4	7.273E-5
1.573E+1	1.495E-1	-4.663E-4	6.972E-5
1.582E+1	1.430E-1	-4.665E-4	6.671E-5
1.590E+1	1.365E-1	-4.666E-4	6.369E-5
1.599E+1	1.300E-1	-4.668E-4	6.068E-5
1.609E+1	1.235E-1	-4.669E-4	5.767E-5
1.617E+1	1.170E-1	-4.672E-4	5.467E-5
1.625E+1	1.105E-1	-4.673E-4	5.164E-5
1.634E+1	1.040E-1	-4.675E-4	4.862E-5
1.642E+1	9.750E-2	-4.676E-4	4.559E-5
1.650E+1	9.100E-2	-4.677E-4	4.256E-5
1.659E+1	8.450E-2	-4.678E-4	3.953E-5
1.668E+1	7.800E-2	-4.680E-4	3.651E-5
1.677E+1	7.150E-2	-4.682E-4	3.348E-5
1.685E+1	6.500E-2	-4.685E-4	3.045E-5
1.693E+1	5.850E-2	-4.686E-4	2.741E-5
1.702E+1	5.200E-2	-4.687E-4	2.437E-5
1.710E+1	4.550E-2	-4.688E-4	2.133E-5
1.718E+1	3.900E-2	-4.689E-4	1.829E-5
1.727E+1	3.250E-2	-4.691E-4	1.524E-5
1.736E+1	2.600E-2	-4.693E-4	1.220E-5
1.745E+1	1.950E-2	-4.694E-4	9.153E-6
1.753E+1	1.300E-2	-4.697E-4	6.107E-6
1.761E+1	6.500E-3	-4.698E-4	3.054E-6
1.770E+1	5.782E-15	-4.700E-4	2.717E-18
