5.800E-2	1.300E+0	1.470E-3	-1.912E-3
3.740E-1	1.294E+0	1.375E-3	-1.778E-3
4.570E-1	1.287E+0	1.260E-3	-1.622E-3
5.390E-1	1.281E+0	1.144E-3	-1.465E-3
6.370E-1	1.274E+0	1.032E-3	-1.314E-3
7.200E-1	1.268E+0	9.237E-4	-1.171E-3
8.650E-1	1.261E+0	8.210E-4	-1.035E-3
9.480E-1	1.255E+0	7.244E-4	-9.087E-4
1.032E+0	1.248E+0	6.331E-4	-7.901E-4
1.114E+0	1.242E+0	5.479E-4	-6.802E-4
1.197E+0	1.235E+0	4.682E-4	-5.782E-4
1.280E+0	1.229E+0	3.980E-4	-4.889E-4
1.363E+0	1.222E+0	3.292E-4	-4.022E-4
1.461E+0	1.216E+0	2.645E-4	-3.215E-4
1.544E+0	1.209E+0	2.054E-4	-2.484E-4
1.626E+0	1.203E+0	1.513E-4	-1.819E-4
1.709E+0	1.196E+0	1.013E-4	-1.212E-4
1.792E+0	1.190E+0	5.774E-5	-6.868E-5
1.936E+0	1.183E+0	1.264E-5	-1.495E-5
2.019E+0	1.177E+0	-2.603E-5	3.062E-5
2.102E+0	1.170E+0	-6.158E-5	7.205E-5
2.185E+0	1.164E+0	-9.222E-5	1.073E-4
2.275E+0	1.157E+0	-1.188E-4	1.374E-4
2.480E+0	1.151E+0	-1.456E-4	1.675E-4
2.564E+0	1.144E+0	-1.693E-4	1.937E-4
2.654E+0	1.138E+0	-1.918E-4	2.182E-4
2.749E+0	1.131E+0	-2.115E-4	2.392E-4
2.831E+0	1.125E+0	-2.291E-4	2.577E-4
2.915E+0	1.118E+0	-2.449E-4	2.738E-4
2.997E+0	1.112E+0	-2.591E-4	2.880E-4
3.080E+0	1.105E+0	-2.721E-4	3.007E-4
3.163E+0	1.099E+0	-2.840E-4	3.119E-4
3.246E+0	1.092E+0	-2.930E-4	3.200E-4
3.344E+0	1.086E+0	-3.032E-4	3.292E-4
3.427E+0	1.079E+0	-3.120E-4	3.366E-4
3.509E+0	1.073E+0	-3.198E-4	3.430E-4
3.592E+0	1.066E+0	-3.268E-4	3.484E-4
3.675E+0	1.060E+0	-3.332E-4	3.530E-4
3.758E+0	1.053E+0	-3.390E-4	3.569E-4
3.841E+0	1.047E+0	-3.446E-4	3.606E-4
3.923E+0	1.040E+0	-3.487E-4	3.626E-4
4.021E+0	1.034E+0	-3.537E-4	3.655E-4
4.104E+0	1.027E+0	-3.577E-4	3.674E-4
4.186E+0	1.021E+0	-3.613E-4	3.687E-4
4.269E+0	1.014E+0	-3.649E-4	3.700E-4
4.351E+0	1.008E+0	-3.681E-4	3.709E-4
4.435E+0	1.001E+0	-3.711E-4	3.715E-4
4.518E+0	9.945E-1	-3.741E-4	3.720E-4
4.601E+0	9.880E-1	-3.761E-4	3.716E-4
4.698E+0	9.815E-1	-3.789E-4	3.719E-4
4.783E+0	9.750E-1	-3.812E-4	3.717E-4
4.865E+0	9.685E-1	-3.834E-4	3.713E-4
4.948E+0	9.620E-1	-3.854E-4	3.708E-4
5.031E+0	9.555E-1	-3.873E-4	3.701E-4
5.114E+0	9.490E-1	-3.890E-4	3.691E-4
5.198E+0	9.425E-1	-3.908E-4	3.683E-4
5.280E+0	9.360E-1	-3.921E-4	3.670E-4
5.370E+0	9.295E-1	-3.940E-4	3.662E-4
5.468E+0	9.230E-1	-3.953E-4	3.649E-4
5.551E+0	9.165E-1	-3.968E-4	3.637E-4
5.634E+0	9.100E-1	-3.982E-4	3.624E-4
5.717E+0	9.035E-1	-3.995E-4	3.609E-4
5.800E+0	8.970E-1	-4.007E-4	3.595E-4
5.882E+0	8.905E-1	-4.020E-4	3.579E-4
5.966E+0	8.840E-1	-4.027E-4	3.560E-4
6.063E+0	8.775E-1	-4.041E-4	3.546E-4
6.147E+0	8.710E-1	-4.053E-4	3.530E-4
6.229E+0	8.645E-1	-4.062E-4	3.512E-4
6.313E+0	8.580E-1	-4.073E-4	3.494E-4
6.396E+0	8.515E-1	-4.082E-4	3.476E-4
6.478E+0	8.450E-1	-4.092E-4	3.457E-4
6.561E+0	8.385E-1	-4.101E-4	3.439E-4
6.645E+0	8.320E-1	-4.112E-4	3.421E-4
6.727E+0	8.255E-1	-4.116E-4	3.398E-4
6.825E+0	8.190E-1	-4.126E-4	3.380E-4
6.908E+0	8.125E-1	-4.133E-4	3.358E-4
6.991E+0	8.060E-1	-4.142E-4	3.338E-4
7.074E+0	7.995E-1	-4.150E-4	3.318E-4
7.157E+0	7.930E-1	-4.157E-4	3.297E-4
7.240E+0	7.865E-1	-4.165E-4	3.276E-4
7.323E+0	7.800E-1	-4.174E-4	3.255E-4
7.407E+0	7.735E-1	-4.176E-4	3.231E-4
7.504E+0	7.670E-1	-4.185E-4	3.210E-4
7.588E+0	7.605E-1	-4.192E-4	3.188E-4
7.670E+0	7.540E-1	-4.198E-4	3.165E-4
7.753E+0	7.475E-1	-4.204E-4	3.142E-4
7.836E+0	7.410E-1	-4.211E-4	3.120E-4
7.919E+0	7.345E-1	-4.217E-4	3.097E-4
8.002E+0	7.280E-1	-4.223E-4	3.075E-4
8.085E+0	7.215E-1	-4.227E-4	3.049E-4
8.176E+0	7.150E-1	-4.234E-4	3.028E-4
8.271E+0	7.085E-1	-4.240E-4	3.004E-4
8.354E+0	7.020E-1	-4.245E-4	2.980E-4
8.436E+0	6.955E-1	-4.251E-4	2.957E-4
8.520E+0	6.890E-1	-4.256E-4	2.933E-4
8.602E+0	6.825E-1	-4.261E-4	2.908E-4
8.685E+0	6.760E-1	-4.266E-4	2.884E-4
8.768E+0	6.695E-1	-4.270E-4	2.858E-4
8.858E+0	6.630E-1	-4.276E-4	2.835E-4
8.954E+0	6.565E-1	-4.281E-4	2.811E-4
9.037E+0	6.500E-1	-4.286E-4	2.786E-4
9.120E+0	6.435E-1	-4.290E-4	2.761E-4
9.203E+0	6.370E-1	-4.295E-4	2.736E-4
9.286E+0	6.305E-1	-4.300E-4	2.711E-4
9.369E+0	6.240E-1	-4.304E-4	2.686E-4
9.452E+0	6.175E-1	-4.307E-4	2.660E-4
9.542E+0	6.110E-1	-4.313E-4	2.635E-4
9.637E+0	6.045E-1	-4.317E-4	2.609E-4
9.720E+0	5.980E-1	-4.321E-4	2.584E-4
9.803E+0	5.915E-1	-4.325E-4	2.558E-4
9.886E+0	5.850E-1	-4.329E-4	2.533E-4
9.968E+0	5.785E-1	-4.333E-4	2.507E-4
1.005E+1	5.720E-1	-4.338E-4	2.481E-4
1.013E+1	5.655E-1	-4.340E-4	2.454E-4
1.022E+1	5.590E-1	-4.345E-4	2.429E-4
1.032E+1	5.525E-1	-4.349E-4	2.403E-4
1.040E+1	5.460E-1	-4.353E-4	2.377E-4
1.049E+1	5.395E-1	-4.356E-4	2.350E-4
1.057E+1	5.330E-1	-4.360E-4	2.324E-4
1.065E+1	5.265E-1	-4.364E-4	2.297E-4
1.073E+1	5.200E-1	-4.367E-4	2.271E-4
1.082E+1	5.135E-1	-4.370E-4	2.244E-4
1.092E+1	5.070E-1	-4.375E-4	2.218E-4
1.100E+1	5.005E-1	-4.379E-4	2.191E-4
1.108E+1	4.940E-1	-4.381E-4	2.164E-4
1.117E+1	4.875E-1	-4.385E-4	2.138E-4
1.125E+1	4.810E-1	-4.388E-4	2.111E-4
1.133E+1	4.745E-1	-4.392E-4	2.084E-4
1.141E+1	4.680E-1	-4.394E-4	2.057E-4
1.150E+1	4.615E-1	-4.396E-4	2.029E-4
1.160E+1	4.550E-1	-4.402E-4	2.003E-4
1.168E+1	4.485E-1	-4.405E-4	1.976E-4
1.176E+1	4.420E-1	-4.408E-4	1.948E-4
1.184E+1	4.355E-1	-4.410E-4	1.921E-4
1.193E+1	4.290E-1	-4.414E-4	1.894E-4
1.201E+1	4.225E-1	-4.417E-4	1.866E-4
1.209E+1	4.160E-1	-4.420E-4	1.839E-4
1.218E+1	4.095E-1	-4.421E-4	1.810E-4
1.227E+1	4.030E-1	-4.426E-4	1.784E-4
1.236E+1	3.965E-1	-4.429E-4	1.756E-4
1.244E+1	3.900E-1	-4.433E-4	1.729E-4
1.252E+1	3.835E-1	-4.435E-4	1.701E-4
1.261E+1	3.770E-1	-4.438E-4	1.673E-4
1.269E+1	3.705E-1	-4.441E-4	1.645E-4
1.277E+1	3.640E-1	-4.444E-4	1.617E-4
1.285E+1	3.575E-1	-4.444E-4	1.589E-4
1.295E+1	3.510E-1	-4.450E-4	1.562E-4
1.304E+1	3.445E-1	-4.453E-4	1.534E-4
1.312E+1	3.380E-1	-4.456E-4	1.506E-4
1.320E+1	3.315E-1	-4.457E-4	1.478E-4
1.328E+1	3.250E-1	-4.460E-4	1.450E-4
1.337E+1	3.185E-1	-4.463E-4	1.422E-4
1.345E+1	3.120E-1	-4.466E-4	1.393E-4
1.353E+1	3.055E-1	-4.467E-4	1.365E-4
1.363E+1	2.990E-1	-4.473E-4	1.337E-4
1.371E+1	2.925E-1	-4.475E-4	1.309E-4
1.380E+1	2.860E-1	-4.477E-4	1.281E-4
1.388E+1	2.795E-1	-4.479E-4	1.252E-4
1.396E+1	2.730E-1	-4.482E-4	1.224E-4
1.405E+1	2.665E-1	-4.485E-4	1.195E-4
1.413E+1	2.600E-1	-4.487E-4	1.167E-4
1.421E+1	2.535E-1	-4.487E-4	1.138E-4
1.431E+1	2.470E-1	-4.493E-4	1.110E-4
1.439E+1	2.405E-1	-4.496E-4	1.081E-4
1.448E+1	2.340E-1	-4.498E-4	1.053E-4
1.456E+1	2.275E-1	-4.500E-4	1.024E-4
1.464E+1	2.210E-1	-4.503E-4	9.951E-5
1.472E+1	2.145E-1	-4.505E-4	9.663E-5
1.481E+1	2.080E-1	-4.508E-4	9.376E-5
1.489E+1	2.015E-1	-4.508E-4	9.084E-5
1.498E+1	1.950E-1	-4.512E-4	8.798E-5
1.508E+1	1.885E-1	-4.516E-4	8.512E-5
1.516E+1	1.820E-1	-4.518E-4	8.223E-5
1.524E+1	1.755E-1	-4.520E-4	7.933E-5
1.533E+1	1.690E-1	-4.522E-4	7.643E-5
1.541E+1	1.625E-1	-4.525E-4	7.353E-5
1.549E+1	1.560E-1	-4.527E-4	7.062E-5
1.557E+1	1.495E-1	-4.528E-4	6.769E-5
1.566E+1	1.430E-1	-4.532E-4	6.480E-5
1.576E+1	1.365E-1	-4.536E-4	6.192E-5
1.584E+1	1.300E-1	-4.538E-4	5.899E-5
1.593E+1	1.235E-1	-4.539E-4	5.606E-5
1.601E+1	1.170E-1	-4.541E-4	5.313E-5
1.609E+1	1.105E-1	-4.544E-4	5.021E-5
1.618E+1	1.040E-1	-4.546E-4	4.728E-5
1.626E+1	9.750E-2	-4.546E-4	4.433E-5
1.636E+1	9.100E-2	-4.551E-4	4.141E-5
1.644E+1	8.450E-2	-4.555E-4	3.849E-5
1.652E+1	7.800E-2	-4.556E-4	3.554E-5
1.661E+1	7.150E-2	-4.559E-4	3.259E-5
1.669E+1	6.500E-2	-4.560E-4	2.964E-5
1.677E+1	5.850E-2	-4.562E-4	2.669E-5
1.686E+1	5.200E-2	-4.564E-4	2.374E-5
1.694E+1	4.550E-2	-4.565E-4	2.077E-5
1.704E+1	3.900E-2	-4.569E-4	1.782E-5
1.712E+1	3.250E-2	-4.573E-4	1.486E-5
1.720E+1	2.600E-2	-4.575E-4	1.189E-5
1.729E+1	1.950E-2	-4.577E-4	8.926E-6
1.737E+1	1.300E-2	-4.578E-4	5.952E-6
1.745E+1	6.500E-3	-4.581E-4	2.977E-6
1.753E+1	5.782E-15	-4.583E-4	2.650E-18
