1.160E-1	9.800E-1	2.260E-6	0.000E+0
4.160E-1	9.800E-1	2.271E-6	0.000E+0
5.160E-1	9.800E-1	2.264E-6	0.000E+0
6.160E-1	9.800E-1	2.140E-6	0.000E+0
7.160E-1	9.800E-1	2.151E-6	0.000E+0
8.160E-1	9.800E-1	2.171E-6	0.000E+0
9.160E-1	9.800E-1	2.249E-6	0.000E+0
1.016E+0	9.800E-1	2.247E-6	0.000E+0
1.116E+0	9.800E-1	2.242E-6	0.000E+0
1.216E+0	9.800E-1	2.236E-6	0.000E+0
1.316E+0	9.800E-1	2.129E-6	0.000E+0
1.416E+0	9.800E-1	2.131E-6	0.000E+0
1.516E+0	9.800E-1	2.148E-6	0.000E+0
1.616E+0	9.800E-1	2.230E-6	0.000E+0
1.716E+0	9.800E-1	2.230E-6	0.000E+0
1.816E+0	9.800E-1	2.223E-6	0.000E+0
1.916E+0	9.800E-1	2.222E-6	0.000E+0
2.016E+0	9.800E-1	2.132E-6	0.000E+0
2.116E+0	9.800E-1	2.110E-6	0.000E+0
2.216E+0	9.800E-1	2.134E-6	0.000E+0
2.316E+0	9.800E-1	2.217E-6	0.000E+0
2.416E+0	9.800E-1	2.217E-6	0.000E+0
2.516E+0	9.800E-1	2.215E-6	0.000E+0
2.616E+0	9.800E-1	2.207E-6	0.000E+0
2.716E+0	9.800E-1	2.117E-6	0.000E+0
2.816E+0	9.800E-1	2.101E-6	0.000E+0
2.916E+0	9.800E-1	2.127E-6	0.000E+0
3.016E+0	9.800E-1	2.209E-6	0.000E+0
3.116E+0	9.800E-1	2.209E-6	0.000E+0
3.216E+0	9.800E-1	2.208E-6	0.000E+0
3.316E+0	9.800E-1	2.204E-6	0.000E+0
3.416E+0	9.800E-1	2.014E-6	0.000E+0
3.516E+0	9.800E-1	2.090E-6	0.000E+0
3.616E+0	9.800E-1	2.111E-6	0.000E+0
3.716E+0	9.800E-1	2.200E-6	0.000E+0
3.816E+0	9.800E-1	2.200E-6	0.000E+0
3.916E+0	9.800E-1	2.198E-6	0.000E+0
4.016E+0	9.800E-1	2.197E-6	0.000E+0
4.116E+0	9.800E-1	2.003E-6	0.000E+0
4.216E+0	9.800E-1	2.074E-6	0.000E+0
4.316E+0	9.800E-1	2.101E-6	0.000E+0
4.416E+0	9.800E-1	2.193E-6	0.000E+0
4.516E+0	9.800E-1	2.192E-6	0.000E+0
4.616E+0	9.800E-1	2.191E-6	0.000E+0
4.716E+0	9.800E-1	2.191E-6	0.000E+0
4.816E+0	9.800E-1	2.018E-6	0.000E+0
4.916E+0	9.800E-1	2.075E-6	0.000E+0
5.016E+0	9.800E-1	2.097E-6	0.000E+0
5.116E+0	9.800E-1	2.186E-6	0.000E+0
5.216E+0	9.800E-1	2.186E-6	0.000E+0
5.316E+0	9.800E-1	2.184E-6	0.000E+0
5.416E+0	9.800E-1	-3.906E-4	0.000E+0
5.616E+0	9.800E-1	-3.654E-4	0.000E+0
5.716E+0	9.800E-1	-3.597E-4	0.000E+0
5.816E+0	9.800E-1	-3.565E-4	0.000E+0
5.916E+0	9.800E-1	-3.549E-4	0.000E+0
6.016E+0	9.800E-1	-3.537E-4	0.000E+0
6.116E+0	9.800E-1	-3.529E-4	0.000E+0
6.216E+0	9.800E-1	-3.523E-4	0.000E+0
6.316E+0	9.800E-1	-3.519E-4	0.000E+0
6.416E+0	9.800E-1	-3.514E-4	0.000E+0
6.516E+0	9.800E-1	-3.510E-4	0.000E+0
6.616E+0	9.800E-1	-3.507E-4	0.000E+0
6.716E+0	9.800E-1	-3.506E-4	0.000E+0
6.816E+0	9.800E-1	-3.504E-4	0.000E+0
6.916E+0	9.800E-1	-3.504E-4	0.000E+0
7.016E+0	9.800E-1	-3.503E-4	0.000E+0
7.116E+0	9.800E-1	-3.502E-4	0.000E+0
7.216E+0	9.800E-1	-3.501E-4	0.000E+0
7.316E+0	9.800E-1	-3.501E-4	0.000E+0
7.416E+0	9.800E-1	-3.501E-4	0.000E+0
7.516E+0	9.800E-1	-3.501E-4	0.000E+0
7.616E+0	9.800E-1	-3.503E-4	0.000E+0
7.716E+0	9.800E-1	-3.502E-4	0.000E+0
7.816E+0	9.800E-1	-3.503E-4	0.000E+0
7.916E+0	9.800E-1	-3.502E-4	0.000E+0
8.017E+0	9.800E-1	-3.503E-4	0.000E+0
8.116E+0	9.800E-1	-3.503E-4	0.000E+0
8.216E+0	9.800E-1	-3.504E-4	0.000E+0
8.316E+0	9.800E-1	-3.507E-4	0.000E+0
8.416E+0	9.800E-1	-3.507E-4	0.000E+0
8.516E+0	9.800E-1	-3.508E-4	0.000E+0
8.616E+0	9.800E-1	-3.508E-4	0.000E+0
8.716E+0	9.800E-1	-3.508E-4	0.000E+0
8.816E+0	9.800E-1	-3.509E-4	0.000E+0
8.916E+0	9.800E-1	-3.510E-4	0.000E+0
9.016E+0	9.800E-1	-3.513E-4	0.000E+0
9.116E+0	9.800E-1	-3.514E-4	0.000E+0
9.216E+0	9.800E-1	-3.515E-4	0.000E+0
9.316E+0	9.800E-1	-3.515E-4	0.000E+0
9.416E+0	9.800E-1	-3.516E-4	0.000E+0
9.516E+0	9.800E-1	-3.517E-4	0.000E+0
9.616E+0	9.800E-1	-3.518E-4	0.000E+0
9.716E+0	9.800E-1	-3.521E-4	0.000E+0
9.816E+0	9.800E-1	-3.522E-4	0.000E+0
9.916E+0	9.800E-1	-3.522E-4	0.000E+0
1.002E+1	9.800E-1	-3.523E-4	0.000E+0
1.012E+1	9.800E-1	-3.524E-4	0.000E+0
1.022E+1	9.800E-1	-3.525E-4	0.000E+0
1.032E+1	9.800E-1	-3.526E-4	0.000E+0
1.042E+1	9.800E-1	-3.529E-4	0.000E+0
1.052E+1	9.800E-1	-3.530E-4	0.000E+0
1.062E+1	9.800E-1	-3.531E-4	0.000E+0
1.072E+1	9.800E-1	-3.531E-4	0.000E+0
1.082E+1	9.800E-1	-3.532E-4	0.000E+0
1.092E+1	9.800E-1	-3.533E-4	0.000E+0
1.102E+1	9.800E-1	-3.535E-4	0.000E+0
1.112E+1	9.800E-1	-3.537E-4	0.000E+0
1.122E+1	9.800E-1	-3.538E-4	0.000E+0
1.132E+1	9.800E-1	-3.539E-4	0.000E+0
1.142E+1	9.800E-1	-3.539E-4	0.000E+0
1.152E+1	9.800E-1	-3.540E-4	0.000E+0
1.162E+1	9.800E-1	-3.542E-4	0.000E+0
1.172E+1	9.800E-1	-3.543E-4	0.000E+0
1.182E+1	9.800E-1	-3.545E-4	0.000E+0
1.192E+1	9.800E-1	-3.546E-4	0.000E+0
1.202E+1	9.800E-1	-3.547E-4	0.000E+0
1.212E+1	9.800E-1	-3.548E-4	0.000E+0
1.222E+1	9.800E-1	-3.549E-4	0.000E+0
1.232E+1	9.800E-1	-3.550E-4	0.000E+0
1.242E+1	9.800E-1	-3.550E-4	0.000E+0
1.252E+1	9.800E-1	-3.553E-4	0.000E+0
1.262E+1	9.800E-1	-3.554E-4	0.000E+0
1.272E+1	9.800E-1	-3.555E-4	0.000E+0
1.282E+1	9.800E-1	-3.556E-4	0.000E+0
1.292E+1	9.800E-1	-3.557E-4	0.000E+0
1.302E+1	9.800E-1	-3.558E-4	0.000E+0
1.312E+1	9.800E-1	-3.559E-4	0.000E+0
1.322E+1	9.800E-1	-3.561E-4	0.000E+0
1.332E+1	9.800E-1	-3.562E-4	0.000E+0
1.342E+1	9.800E-1	-3.563E-4	0.000E+0
1.352E+1	9.800E-1	-3.563E-4	0.000E+0
1.362E+1	9.800E-1	-3.564E-4	0.000E+0
1.372E+1	9.800E-1	-3.565E-4	0.000E+0
1.382E+1	9.800E-1	-3.566E-4	0.000E+0
1.392E+1	9.800E-1	-3.569E-4	0.000E+0
1.402E+1	9.800E-1	-3.569E-4	0.000E+0
1.412E+1	9.800E-1	-3.570E-4	0.000E+0
1.422E+1	9.800E-1	-3.570E-4	0.000E+0
1.432E+1	9.800E-1	-3.572E-4	0.000E+0
1.442E+1	9.800E-1	-3.573E-4	0.000E+0
1.452E+1	9.800E-1	-3.574E-4	0.000E+0
1.462E+1	9.800E-1	-3.576E-4	0.000E+0
1.472E+1	9.800E-1	-3.577E-4	0.000E+0
1.482E+1	9.800E-1	-3.578E-4	0.000E+0
1.492E+1	9.800E-1	-3.578E-4	0.000E+0
1.502E+1	9.800E-1	-3.579E-4	0.000E+0
1.512E+1	9.800E-1	-3.580E-4	0.000E+0
1.522E+1	9.800E-1	-3.581E-4	0.000E+0
1.532E+1	9.800E-1	-3.584E-4	0.000E+0
1.542E+1	9.800E-1	-3.584E-4	0.000E+0
1.552E+1	9.800E-1	-3.585E-4	0.000E+0
1.562E+1	9.800E-1	-3.585E-4	0.000E+0
1.572E+1	9.800E-1	-3.586E-4	0.000E+0
1.582E+1	9.800E-1	-3.587E-4	0.000E+0
1.592E+1	9.800E-1	-3.588E-4	0.000E+0
1.602E+1	9.800E-1	-3.590E-4	0.000E+0
1.612E+1	9.800E-1	-3.590E-4	0.000E+0
1.622E+1	9.800E-1	-3.591E-4	0.000E+0
1.632E+1	9.800E-1	-3.591E-4	0.000E+0
1.642E+1	9.800E-1	-3.592E-4	0.000E+0
1.652E+1	9.800E-1	-3.593E-4	0.000E+0
1.662E+1	9.800E-1	-3.594E-4	0.000E+0
1.672E+1	9.800E-1	-3.597E-4	0.000E+0
1.682E+1	9.800E-1	-3.597E-4	0.000E+0
1.692E+1	9.800E-1	-3.598E-4	0.000E+0
1.702E+1	9.800E-1	-3.598E-4	0.000E+0
1.712E+1	9.800E-1	-3.599E-4	0.000E+0
1.722E+1	9.800E-1	-3.599E-4	0.000E+0
1.732E+1	9.800E-1	-3.600E-4	0.000E+0
1.742E+1	9.800E-1	-3.603E-4	0.000E+0
1.752E+1	9.800E-1	-3.603E-4	0.000E+0
1.762E+1	9.800E-1	-3.604E-4	0.000E+0
1.772E+1	9.800E-1	-3.604E-4	0.000E+0
1.782E+1	9.800E-1	-3.605E-4	0.000E+0
1.792E+1	9.800E-1	-3.606E-4	0.000E+0
1.802E+1	9.800E-1	-3.607E-4	0.000E+0
1.812E+1	9.800E-1	-3.609E-4	0.000E+0
1.822E+1	9.800E-1	-3.609E-4	0.000E+0
1.832E+1	9.800E-1	-3.610E-4	0.000E+0
1.842E+1	9.800E-1	-3.610E-4	0.000E+0
1.852E+1	9.800E-1	-3.611E-4	0.000E+0
1.862E+1	9.800E-1	-3.612E-4	0.000E+0
1.872E+1	9.800E-1	-3.613E-4	0.000E+0
1.882E+1	9.800E-1	-3.615E-4	0.000E+0
1.892E+1	9.800E-1	-3.615E-4	0.000E+0
1.902E+1	9.800E-1	-3.616E-4	0.000E+0
1.912E+1	9.800E-1	-3.616E-4	0.000E+0
1.922E+1	9.800E-1	-3.616E-4	0.000E+0
1.932E+1	9.800E-1	-3.617E-4	0.000E+0
1.942E+1	9.800E-1	-3.618E-4	0.000E+0
1.952E+1	9.800E-1	-3.621E-4	0.000E+0
1.962E+1	9.800E-1	-3.621E-4	0.000E+0
1.972E+1	9.800E-1	-3.621E-4	0.000E+0
1.982E+1	9.800E-1	-3.621E-4	0.000E+0
1.992E+1	9.800E-1	-3.622E-4	0.000E+0
2.002E+1	9.800E-1	-3.622E-4	0.000E+0
2.012E+1	9.800E-1	-3.623E-4	0.000E+0
2.022E+1	9.800E-1	-3.626E-4	0.000E+0
2.032E+1	9.800E-1	-3.626E-4	0.000E+0
2.042E+1	9.800E-1	-3.626E-4	0.000E+0
2.052E+1	9.800E-1	-3.626E-4	0.000E+0
2.062E+1	9.800E-1	-3.627E-4	0.000E+0
2.072E+1	9.800E-1	-3.628E-4	0.000E+0
2.082E+1	9.800E-1	-3.629E-4	0.000E+0
2.092E+1	9.800E-1	-3.630E-4	0.000E+0
2.102E+1	9.800E-1	-3.630E-4	0.000E+0
2.112E+1	9.800E-1	-3.631E-4	0.000E+0
2.122E+1	9.800E-1	-3.631E-4	0.000E+0
2.132E+1	9.800E-1	-3.633E-4	0.000E+0
2.142E+1	9.800E-1	-3.634E-4	0.000E+0
2.152E+1	9.800E-1	-3.634E-4	0.000E+0
2.162E+1	9.800E-1	-3.635E-4	0.000E+0
2.172E+1	9.800E-1	-3.635E-4	0.000E+0
2.182E+1	9.800E-1	-3.636E-4	0.000E+0
2.192E+1	9.800E-1	-3.636E-4	0.000E+0
2.202E+1	9.800E-1	-3.637E-4	0.000E+0
2.212E+1	9.800E-1	-3.638E-4	0.000E+0
2.222E+1	9.800E-1	-3.638E-4	0.000E+0
2.232E+1	9.800E-1	-3.641E-4	0.000E+0
2.242E+1	9.800E-1	-3.640E-4	0.000E+0
2.252E+1	9.800E-1	-3.641E-4	0.000E+0
2.262E+1	9.800E-1	-3.641E-4	0.000E+0
2.272E+1	9.800E-1	-3.642E-4	0.000E+0
2.282E+1	9.800E-1	-3.642E-4	0.000E+0
2.292E+1	9.800E-1	-3.643E-4	0.000E+0
2.302E+1	9.800E-1	-3.645E-4	0.000E+0
2.312E+1	9.800E-1	-3.645E-4	0.000E+0
2.322E+1	9.800E-1	-3.646E-4	0.000E+0
2.332E+1	9.800E-1	-3.646E-4	0.000E+0
2.342E+1	9.800E-1	-3.646E-4	0.000E+0
2.352E+1	9.800E-1	-3.647E-4	0.000E+0
2.362E+1	9.800E-1	-3.647E-4	0.000E+0
2.372E+1	9.800E-1	-3.650E-4	0.000E+0
2.382E+1	9.800E-1	-3.650E-4	0.000E+0
2.392E+1	9.800E-1	-3.650E-4	0.000E+0
2.402E+1	9.800E-1	-3.650E-4	0.000E+0
2.412E+1	9.800E-1	-3.650E-4	0.000E+0
2.422E+1	9.800E-1	-3.651E-4	0.000E+0
2.432E+1	9.800E-1	-3.651E-4	0.000E+0
2.442E+1	9.800E-1	-3.654E-4	0.000E+0
2.452E+1	9.800E-1	-3.654E-4	0.000E+0
2.462E+1	9.800E-1	-3.654E-4	0.000E+0
2.472E+1	9.800E-1	-3.654E-4	0.000E+0
2.482E+1	9.800E-1	-3.654E-4	0.000E+0
2.492E+1	9.800E-1	-3.655E-4	0.000E+0
2.502E+1	9.800E-1	-3.656E-4	0.000E+0
2.512E+1	9.800E-1	-3.658E-4	0.000E+0
2.522E+1	9.800E-1	-3.658E-4	0.000E+0
2.532E+1	9.800E-1	-3.659E-4	0.000E+0
2.542E+1	9.800E-1	-3.658E-4	0.000E+0
2.552E+1	9.800E-1	-3.659E-4	0.000E+0
2.562E+1	9.800E-1	-3.659E-4	0.000E+0
2.572E+1	9.800E-1	-3.660E-4	0.000E+0
2.582E+1	9.800E-1	-3.661E-4	0.000E+0
2.592E+1	9.800E-1	-3.662E-4	0.000E+0
2.602E+1	9.800E-1	-3.662E-4	0.000E+0
2.612E+1	9.800E-1	-3.662E-4	0.000E+0
2.622E+1	9.800E-1	-3.662E-4	0.000E+0
2.632E+1	9.800E-1	-3.663E-4	0.000E+0
2.642E+1	9.800E-1	-3.663E-4	0.000E+0
2.652E+1	9.800E-1	-3.666E-4	0.000E+0
2.662E+1	9.800E-1	-3.665E-4	0.000E+0
2.672E+1	9.800E-1	-3.666E-4	0.000E+0
2.682E+1	9.800E-1	-3.665E-4	0.000E+0
2.692E+1	9.800E-1	-3.666E-4	0.000E+0
2.702E+1	9.800E-1	-3.666E-4	0.000E+0
2.712E+1	9.800E-1	-3.667E-4	0.000E+0
2.722E+1	9.800E-1	-3.669E-4	0.000E+0
2.732E+1	9.800E-1	-3.669E-4	0.000E+0
2.742E+1	9.800E-1	-3.670E-4	0.000E+0
2.752E+1	9.800E-1	-3.669E-4	0.000E+0
2.762E+1	9.800E-1	-3.670E-4	0.000E+0
2.772E+1	9.800E-1	-3.670E-4	0.000E+0
2.782E+1	9.800E-1	-3.671E-4	0.000E+0
2.792E+1	9.800E-1	-3.673E-4	0.000E+0
2.802E+1	9.800E-1	-3.673E-4	0.000E+0
2.812E+1	9.800E-1	-3.673E-4	0.000E+0
2.822E+1	9.800E-1	-3.673E-4	0.000E+0
2.832E+1	9.800E-1	-3.674E-4	0.000E+0
2.842E+1	9.800E-1	-3.674E-4	0.000E+0
2.852E+1	9.800E-1	-3.675E-4	0.000E+0
2.862E+1	9.800E-1	-3.677E-4	0.000E+0
2.872E+1	9.800E-1	-3.677E-4	0.000E+0
2.882E+1	9.800E-1	-3.677E-4	0.000E+0
2.892E+1	9.800E-1	-3.677E-4	0.000E+0
2.902E+1	9.800E-1	-3.677E-4	0.000E+0
2.912E+1	9.800E-1	-3.678E-4	0.000E+0
2.922E+1	9.800E-1	-3.678E-4	0.000E+0
2.932E+1	9.800E-1	-3.681E-4	0.000E+0
2.942E+1	9.800E-1	-3.680E-4	0.000E+0
2.952E+1	9.800E-1	-3.681E-4	0.000E+0
2.962E+1	9.800E-1	-3.680E-4	0.000E+0
2.972E+1	9.800E-1	-3.680E-4	0.000E+0
2.982E+1	9.800E-1	-3.681E-4	0.000E+0
2.992E+1	9.800E-1	-3.681E-4	0.000E+0
3.002E+1	9.800E-1	-3.684E-4	0.000E+0
3.012E+1	9.800E-1	-3.683E-4	0.000E+0
3.022E+1	9.800E-1	-3.684E-4	0.000E+0
3.032E+1	9.800E-1	-3.683E-4	0.000E+0
3.042E+1	9.800E-1	-3.684E-4	0.000E+0
3.052E+1	9.800E-1	-3.684E-4	0.000E+0
3.062E+1	9.800E-1	-3.685E-4	0.000E+0
3.072E+1	9.800E-1	-3.687E-4	0.000E+0
3.082E+1	9.800E-1	-3.687E-4	0.000E+0
3.092E+1	9.800E-1	-3.687E-4	0.000E+0
3.102E+1	9.800E-1	-3.687E-4	0.000E+0
3.112E+1	9.800E-1	-3.687E-4	0.000E+0
3.122E+1	9.800E-1	-3.688E-4	0.000E+0
3.132E+1	9.800E-1	-3.688E-4	0.000E+0
3.142E+1	9.800E-1	-3.690E-4	0.000E+0
3.152E+1	9.800E-1	-3.690E-4	0.000E+0
3.162E+1	9.800E-1	-3.690E-4	0.000E+0
3.172E+1	9.800E-1	-3.690E-4	0.000E+0
3.182E+1	9.800E-1	-3.690E-4	0.000E+0
3.192E+1	9.800E-1	-3.691E-4	0.000E+0
3.202E+1	9.800E-1	-3.691E-4	0.000E+0
3.212E+1	9.800E-1	-3.693E-4	0.000E+0
3.222E+1	9.800E-1	-3.693E-4	0.000E+0
3.232E+1	9.800E-1	-3.693E-4	0.000E+0
3.242E+1	9.800E-1	-3.693E-4	0.000E+0
3.252E+1	9.800E-1	-3.693E-4	0.000E+0
3.262E+1	9.800E-1	-3.694E-4	0.000E+0
3.272E+1	9.800E-1	-3.694E-4	0.000E+0
3.282E+1	9.800E-1	-3.696E-4	0.000E+0
3.292E+1	9.800E-1	-3.696E-4	0.000E+0
3.302E+1	9.800E-1	-3.696E-4	0.000E+0
3.312E+1	9.800E-1	-3.696E-4	0.000E+0
3.322E+1	9.800E-1	-3.696E-4	0.000E+0
3.332E+1	9.800E-1	-3.697E-4	0.000E+0
3.342E+1	9.800E-1	-3.697E-4	0.000E+0
3.352E+1	9.800E-1	-3.699E-4	0.000E+0
3.362E+1	9.800E-1	-3.699E-4	0.000E+0
3.372E+1	9.800E-1	-3.699E-4	0.000E+0
3.382E+1	9.800E-1	-3.699E-4	0.000E+0
3.392E+1	9.800E-1	-3.699E-4	0.000E+0
3.402E+1	9.800E-1	-3.699E-4	0.000E+0
3.412E+1	9.800E-1	-3.700E-4	0.000E+0
3.422E+1	9.800E-1	-3.702E-4	0.000E+0
3.432E+1	9.800E-1	-3.702E-4	0.000E+0
3.442E+1	9.800E-1	-3.702E-4	0.000E+0
3.452E+1	9.800E-1	-3.702E-4	0.000E+0
3.462E+1	9.800E-1	-3.702E-4	0.000E+0
3.472E+1	9.800E-1	-3.702E-4	0.000E+0
3.482E+1	9.800E-1	-3.703E-4	0.000E+0
3.492E+1	9.800E-1	-3.705E-4	0.000E+0
3.502E+1	9.800E-1	-3.705E-4	0.000E+0
3.512E+1	9.800E-1	-3.705E-4	0.000E+0
3.522E+1	9.800E-1	-3.704E-4	0.000E+0
3.532E+1	9.800E-1	-3.705E-4	0.000E+0
3.542E+1	9.800E-1	-3.705E-4	0.000E+0
3.552E+1	9.800E-1	-3.706E-4	0.000E+0
3.562E+1	9.800E-1	-3.707E-4	0.000E+0
3.572E+1	9.800E-1	-3.707E-4	0.000E+0
3.582E+1	9.800E-1	-3.707E-4	0.000E+0
3.592E+1	9.800E-1	-3.707E-4	0.000E+0
3.602E+1	9.800E-1	-3.707E-4	0.000E+0
3.612E+1	9.800E-1	-3.708E-4	0.000E+0
3.622E+1	9.800E-1	-3.708E-4	0.000E+0
3.632E+1	9.800E-1	-3.710E-4	0.000E+0
3.642E+1	9.800E-1	-3.710E-4	0.000E+0
3.652E+1	9.800E-1	-3.710E-4	0.000E+0
3.662E+1	9.800E-1	-3.710E-4	0.000E+0
3.672E+1	9.800E-1	-3.710E-4	0.000E+0
3.682E+1	9.800E-1	-3.711E-4	0.000E+0
3.692E+1	9.800E-1	-3.711E-4	0.000E+0
3.702E+1	9.800E-1	-3.713E-4	0.000E+0
3.712E+1	9.800E-1	-3.712E-4	0.000E+0
3.722E+1	9.800E-1	-3.713E-4	0.000E+0
3.732E+1	9.800E-1	-3.712E-4	0.000E+0
3.742E+1	9.800E-1	-3.713E-4	0.000E+0
3.752E+1	9.800E-1	-3.713E-4	0.000E+0
3.762E+1	9.800E-1	-3.714E-4	0.000E+0
3.772E+1	9.800E-1	-3.715E-4	0.000E+0
3.782E+1	9.800E-1	-3.715E-4	0.000E+0
3.792E+1	9.800E-1	-3.716E-4	0.000E+0
3.802E+1	9.800E-1	-3.715E-4	0.000E+0
3.812E+1	9.800E-1	-3.715E-4	0.000E+0
3.822E+1	9.800E-1	-3.715E-4	0.000E+0
3.832E+1	9.800E-1	-3.716E-4	0.000E+0
3.842E+1	9.800E-1	-3.718E-4	0.000E+0
3.852E+1	9.800E-1	-3.718E-4	0.000E+0
3.862E+1	9.800E-1	-3.718E-4	0.000E+0
3.872E+1	9.800E-1	-3.717E-4	0.000E+0
3.882E+1	9.800E-1	-3.718E-4	0.000E+0
3.892E+1	9.800E-1	-3.718E-4	0.000E+0
3.902E+1	9.800E-1	-3.719E-4	0.000E+0
3.912E+1	9.800E-1	-3.720E-4	0.000E+0
3.922E+1	9.800E-1	-3.720E-4	0.000E+0
3.932E+1	9.800E-1	-3.719E-4	0.000E+0
3.942E+1	9.800E-1	-3.719E-4	0.000E+0
3.952E+1	9.800E-1	-3.719E-4	0.000E+0
3.962E+1	9.800E-1	-3.720E-4	0.000E+0
3.972E+1	9.800E-1	-3.720E-4	0.000E+0
3.982E+1	9.800E-1	-3.722E-4	0.000E+0
3.992E+1	9.800E-1	-3.722E-4	0.000E+0
4.002E+1	9.800E-1	-3.722E-4	0.000E+0
4.012E+1	9.800E-1	-3.722E-4	0.000E+0
4.022E+1	9.800E-1	-3.722E-4	0.000E+0
4.032E+1	9.800E-1	-3.722E-4	0.000E+0
4.042E+1	9.800E-1	-3.722E-4	0.000E+0
4.052E+1	9.800E-1	-3.725E-4	0.000E+0
4.062E+1	9.800E-1	-3.724E-4	0.000E+0
4.072E+1	9.800E-1	-3.724E-4	0.000E+0
4.082E+1	9.800E-1	-3.724E-4	0.000E+0
4.092E+1	9.800E-1	-3.724E-4	0.000E+0
4.102E+1	9.800E-1	-3.724E-4	0.000E+0
4.112E+1	9.800E-1	-3.725E-4	0.000E+0
4.122E+1	9.800E-1	-3.727E-4	0.000E+0
4.132E+1	9.800E-1	-3.726E-4	0.000E+0
4.142E+1	9.800E-1	-3.727E-4	0.000E+0
4.152E+1	9.800E-1	-3.726E-4	0.000E+0
4.162E+1	9.800E-1	-3.726E-4	0.000E+0
4.172E+1	9.800E-1	-3.726E-4	0.000E+0
4.182E+1	9.800E-1	-3.727E-4	0.000E+0
4.192E+1	9.800E-1	-3.729E-4	0.000E+0
4.202E+1	9.800E-1	-3.729E-4	0.000E+0
4.212E+1	9.800E-1	-3.729E-4	0.000E+0
4.222E+1	9.800E-1	-3.728E-4	0.000E+0
4.232E+1	9.800E-1	-3.728E-4	0.000E+0
4.242E+1	9.800E-1	-3.729E-4	0.000E+0
4.252E+1	9.800E-1	-3.729E-4	0.000E+0
4.262E+1	9.800E-1	-3.731E-4	0.000E+0
4.272E+1	9.800E-1	-3.730E-4	0.000E+0
4.282E+1	9.800E-1	-3.730E-4	0.000E+0
4.292E+1	9.800E-1	-3.730E-4	0.000E+0
4.302E+1	9.800E-1	-3.730E-4	0.000E+0
4.312E+1	9.800E-1	-3.730E-4	0.000E+0
4.322E+1	9.800E-1	-3.731E-4	0.000E+0
4.332E+1	9.800E-1	-3.733E-4	0.000E+0
4.342E+1	9.800E-1	-3.732E-4	0.000E+0
4.352E+1	9.800E-1	-3.733E-4	0.000E+0
4.362E+1	9.800E-1	-3.732E-4	0.000E+0
4.372E+1	9.800E-1	-3.732E-4	0.000E+0
4.382E+1	9.800E-1	-3.733E-4	0.000E+0
4.392E+1	9.800E-1	-3.733E-4	0.000E+0
4.402E+1	9.800E-1	-3.735E-4	0.000E+0
4.412E+1	9.800E-1	-3.734E-4	0.000E+0
4.422E+1	9.800E-1	-3.735E-4	0.000E+0
4.432E+1	9.800E-1	-3.734E-4	0.000E+0
4.442E+1	9.800E-1	-3.734E-4	0.000E+0
4.452E+1	9.800E-1	-3.734E-4	0.000E+0
4.462E+1	9.800E-1	-3.735E-4	0.000E+0
4.472E+1	9.800E-1	-3.737E-4	0.000E+0
4.482E+1	9.800E-1	-3.737E-4	0.000E+0
4.492E+1	9.800E-1	-3.737E-4	0.000E+0
4.502E+1	9.800E-1	-3.736E-4	0.000E+0
4.512E+1	9.800E-1	-3.736E-4	0.000E+0
4.522E+1	9.800E-1	-3.737E-4	0.000E+0
4.532E+1	9.800E-1	-3.737E-4	0.000E+0
4.542E+1	9.800E-1	-3.739E-4	0.000E+0
4.552E+1	9.800E-1	-3.739E-4	0.000E+0
4.562E+1	9.800E-1	-3.738E-4	0.000E+0
4.572E+1	9.800E-1	-3.738E-4	0.000E+0
4.582E+1	9.800E-1	-3.738E-4	0.000E+0
4.592E+1	9.800E-1	-3.739E-4	0.000E+0
4.602E+1	9.800E-1	-3.738E-4	0.000E+0
4.612E+1	9.800E-1	-3.741E-4	0.000E+0
4.622E+1	9.800E-1	-3.740E-4	0.000E+0
4.632E+1	9.800E-1	-3.740E-4	0.000E+0
4.642E+1	9.800E-1	-3.740E-4	0.000E+0
4.652E+1	9.800E-1	-3.740E-4	0.000E+0
4.662E+1	9.800E-1	-3.740E-4	0.000E+0
4.672E+1	9.800E-1	-3.740E-4	0.000E+0
4.682E+1	9.800E-1	-3.742E-4	0.000E+0
4.692E+1	9.800E-1	-3.742E-4	0.000E+0
4.702E+1	9.800E-1	-3.742E-4	0.000E+0
4.712E+1	9.800E-1	-3.741E-4	0.000E+0
4.722E+1	9.800E-1	-3.742E-4	0.000E+0
4.732E+1	9.800E-1	-3.742E-4	0.000E+0
4.742E+1	9.800E-1	-3.742E-4	0.000E+0
4.752E+1	9.800E-1	-3.744E-4	0.000E+0
4.762E+1	9.800E-1	-3.744E-4	0.000E+0
4.772E+1	9.800E-1	-3.744E-4	0.000E+0
4.782E+1	9.800E-1	-3.743E-4	0.000E+0
4.792E+1	9.800E-1	-3.744E-4	0.000E+0
4.802E+1	9.800E-1	-3.745E-4	0.000E+0
4.812E+1	9.800E-1	-3.745E-4	0.000E+0
4.822E+1	9.800E-1	-3.746E-4	0.000E+0
4.832E+1	9.800E-1	-3.746E-4	0.000E+0
4.842E+1	9.800E-1	-3.746E-4	0.000E+0
4.852E+1	9.800E-1	-3.746E-4	0.000E+0
4.862E+1	9.800E-1	-3.746E-4	0.000E+0
4.872E+1	9.800E-1	-3.746E-4	0.000E+0
4.882E+1	9.800E-1	-3.746E-4	0.000E+0
4.892E+1	9.800E-1	-3.748E-4	0.000E+0
4.902E+1	9.800E-1	-3.748E-4	0.000E+0
4.912E+1	9.800E-1	-3.748E-4	0.000E+0
4.922E+1	9.800E-1	-3.747E-4	0.000E+0
4.932E+1	9.800E-1	-3.747E-4	0.000E+0
4.942E+1	9.800E-1	-3.748E-4	0.000E+0
4.952E+1	9.800E-1	-3.748E-4	0.000E+0
4.962E+1	9.800E-1	-3.750E-4	0.000E+0
4.972E+1	9.800E-1	-3.750E-4	0.000E+0
4.982E+1	9.800E-1	-3.750E-4	0.000E+0
4.992E+1	9.800E-1	-3.749E-4	0.000E+0
5.002E+1	9.800E-1	-3.749E-4	0.000E+0
5.012E+1	9.800E-1	-3.749E-4	0.000E+0
5.022E+1	9.800E-1	-3.749E-4	0.000E+0
5.032E+1	9.800E-1	-3.752E-4	0.000E+0
5.042E+1	9.800E-1	-3.751E-4	0.000E+0
5.052E+1	9.800E-1	-3.751E-4	0.000E+0
5.062E+1	9.800E-1	-3.750E-4	0.000E+0
5.072E+1	9.800E-1	-3.751E-4	0.000E+0
5.082E+1	9.800E-1	-3.751E-4	0.000E+0
5.092E+1	9.800E-1	-3.751E-4	0.000E+0
5.102E+1	9.800E-1	-3.753E-4	0.000E+0
5.112E+1	9.800E-1	-3.753E-4	0.000E+0
5.122E+1	9.800E-1	-3.753E-4	0.000E+0
5.132E+1	9.800E-1	-3.752E-4	0.000E+0
5.142E+1	9.800E-1	-3.752E-4	0.000E+0
5.152E+1	9.800E-1	-3.752E-4	0.000E+0
5.162E+1	9.800E-1	-3.753E-4	0.000E+0
5.172E+1	9.800E-1	-3.755E-4	0.000E+0
5.182E+1	9.800E-1	-3.754E-4	0.000E+0
5.192E+1	9.800E-1	-3.755E-4	0.000E+0
5.202E+1	9.800E-1	-3.753E-4	0.000E+0
5.212E+1	9.800E-1	-3.754E-4	0.000E+0
5.222E+1	9.800E-1	-3.754E-4	0.000E+0
5.232E+1	9.800E-1	-3.755E-4	0.000E+0
5.242E+1	9.800E-1	-3.757E-4	0.000E+0
5.252E+1	9.800E-1	-3.757E-4	0.000E+0
5.262E+1	9.800E-1	-3.756E-4	0.000E+0
5.272E+1	9.800E-1	-3.756E-4	0.000E+0
5.282E+1	9.800E-1	-3.756E-4	0.000E+0
5.292E+1	9.800E-1	-3.756E-4	0.000E+0
5.302E+1	9.800E-1	-3.757E-4	0.000E+0
5.312E+1	9.800E-1	-3.758E-4	0.000E+0
5.322E+1	9.800E-1	-3.758E-4	0.000E+0
5.332E+1	9.800E-1	-3.758E-4	0.000E+0
5.342E+1	9.800E-1	-3.757E-4	0.000E+0
5.352E+1	9.800E-1	-3.757E-4	0.000E+0
5.362E+1	9.800E-1	-3.758E-4	0.000E+0
5.372E+1	9.800E-1	-3.758E-4	0.000E+0
5.382E+1	9.800E-1	-3.760E-4	0.000E+0
5.392E+1	9.800E-1	-3.760E-4	0.000E+0
5.402E+1	9.800E-1	-3.760E-4	0.000E+0
5.412E+1	9.800E-1	-3.759E-4	0.000E+0
5.422E+1	9.800E-1	-3.759E-4	0.000E+0
5.432E+1	9.800E-1	-3.759E-4	0.000E+0
5.442E+1	9.800E-1	-3.760E-4	0.000E+0
5.452E+1	9.800E-1	-3.762E-4	0.000E+0
5.462E+1	9.800E-1	-3.761E-4	0.000E+0
5.472E+1	9.800E-1	-3.761E-4	0.000E+0
5.482E+1	9.800E-1	-3.761E-4	0.000E+0
5.492E+1	9.800E-1	-3.761E-4	0.000E+0
5.502E+1	9.800E-1	-3.761E-4	0.000E+0
5.512E+1	9.800E-1	-3.761E-4	0.000E+0
5.522E+1	9.800E-1	-3.763E-4	0.000E+0
5.532E+1	9.800E-1	-3.763E-4	0.000E+0
5.542E+1	9.800E-1	-3.763E-4	0.000E+0
5.552E+1	9.800E-1	-3.762E-4	0.000E+0
5.562E+1	9.800E-1	-3.762E-4	0.000E+0
5.572E+1	9.800E-1	-3.763E-4	0.000E+0
5.582E+1	9.800E-1	-3.763E-4	0.000E+0
5.592E+1	9.800E-1	-3.765E-4	0.000E+0
5.602E+1	9.800E-1	-3.764E-4	0.000E+0
5.612E+1	9.800E-1	-3.764E-4	0.000E+0
5.622E+1	9.800E-1	-3.764E-4	0.000E+0
5.632E+1	9.800E-1	-3.763E-4	0.000E+0
5.642E+1	9.800E-1	-3.764E-4	0.000E+0
5.652E+1	9.800E-1	-3.764E-4	0.000E+0
5.662E+1	9.800E-1	-3.766E-4	0.000E+0
5.672E+1	9.800E-1	-3.766E-4	0.000E+0
5.682E+1	9.800E-1	-3.766E-4	0.000E+0
5.692E+1	9.800E-1	-3.765E-4	0.000E+0
5.702E+1	9.800E-1	-3.765E-4	0.000E+0
5.712E+1	9.800E-1	-3.766E-4	0.000E+0
5.722E+1	9.800E-1	-3.766E-4	0.000E+0
5.732E+1	9.800E-1	-3.768E-4	0.000E+0
5.742E+1	9.800E-1	-3.767E-4	0.000E+0
5.752E+1	9.800E-1	-3.768E-4	0.000E+0
5.762E+1	9.800E-1	-3.767E-4	0.000E+0
5.772E+1	9.800E-1	-3.767E-4	0.000E+0
5.782E+1	9.800E-1	-3.767E-4	0.000E+0
5.792E+1	9.800E-1	-3.767E-4	0.000E+0
5.802E+1	9.800E-1	-3.769E-4	0.000E+0
5.812E+1	9.800E-1	-3.769E-4	0.000E+0
5.822E+1	9.800E-1	-3.769E-4	0.000E+0
5.832E+1	9.800E-1	-3.768E-4	0.000E+0
5.842E+1	9.800E-1	-3.769E-4	0.000E+0
5.852E+1	9.800E-1	-3.769E-4	0.000E+0
5.862E+1	9.800E-1	-3.769E-4	0.000E+0
5.872E+1	9.800E-1	-3.771E-4	0.000E+0
5.882E+1	9.800E-1	-3.771E-4	0.000E+0
5.892E+1	9.800E-1	-3.771E-4	0.000E+0
5.902E+1	9.800E-1	-3.770E-4	0.000E+0
5.912E+1	9.800E-1	-3.770E-4	0.000E+0
5.922E+1	9.800E-1	-3.770E-4	0.000E+0
5.932E+1	9.800E-1	-3.770E-4	0.000E+0
5.942E+1	9.800E-1	-3.773E-4	0.000E+0
5.952E+1	9.800E-1	-3.772E-4	0.000E+0
5.962E+1	9.800E-1	-3.772E-4	0.000E+0
5.972E+1	9.800E-1	-3.772E-4	0.000E+0
5.982E+1	9.800E-1	-3.772E-4	0.000E+0
5.992E+1	9.800E-1	-3.772E-4	0.000E+0
6.002E+1	9.800E-1	-3.772E-4	0.000E+0
