1.230E-1	1.200E+0	1.018E-3
3.790E-1	1.194E+0	6.911E-4
5.100E-1	1.188E+0	5.381E-4
5.910E-1	1.182E+0	4.260E-4
6.720E-1	1.176E+0	3.433E-4
7.520E-1	1.170E+0	2.840E-4
8.400E-1	1.164E+0	2.369E-4
9.160E-1	1.158E+0	2.058E-4
9.920E-1	1.152E+0	1.812E-4
1.068E+0	1.146E+0	1.589E-4
1.143E+0	1.140E+0	1.414E-4
1.219E+0	1.134E+0	1.266E-4
1.295E+0	1.128E+0	1.143E-4
1.371E+0	1.122E+0	1.041E-4
1.447E+0	1.116E+0	9.162E-5
1.582E+0	1.110E+0	8.573E-5
1.663E+0	1.104E+0	8.046E-5
1.751E+0	1.098E+0	7.375E-5
1.827E+0	1.092E+0	6.801E-5
1.903E+0	1.086E+0	6.296E-5
1.979E+0	1.080E+0	6.042E-5
2.055E+0	1.074E+0	5.784E-5
2.131E+0	1.068E+0	5.497E-5
2.206E+0	1.062E+0	5.261E-5
2.282E+0	1.056E+0	5.043E-5
2.358E+0	1.050E+0	4.910E-5
2.433E+0	1.044E+0	4.767E-5
2.509E+0	1.038E+0	4.369E-5
2.585E+0	1.032E+0	4.171E-5
2.661E+0	1.026E+0	3.886E-5
2.736E+0	1.020E+0	3.765E-5
2.812E+0	1.014E+0	3.724E-5
2.888E+0	1.008E+0	3.597E-5
2.964E+0	1.002E+0	3.454E-5
3.039E+0	9.960E-1	3.377E-5
3.115E+0	9.900E-1	3.273E-5
3.192E+0	9.840E-1	3.222E-5
3.268E+0	9.780E-1	3.124E-5
3.344E+0	9.720E-1	3.173E-5
3.420E+0	9.660E-1	3.183E-5
3.496E+0	9.600E-1	2.942E-5
3.573E+0	9.540E-1	2.967E-5
3.649E+0	9.480E-1	2.749E-5
3.725E+0	9.420E-1	2.717E-5
3.801E+0	9.360E-1	2.664E-5
3.877E+0	9.300E-1	2.680E-5
3.954E+0	9.240E-1	2.567E-5
4.030E+0	9.180E-1	2.487E-5
4.106E+0	9.120E-1	2.422E-5
4.182E+0	9.060E-1	2.522E-5
4.258E+0	9.000E-1	2.403E-5
4.334E+0	8.940E-1	2.454E-5
4.410E+0	8.880E-1	2.391E-5
4.487E+0	8.820E-1	2.367E-5
4.563E+0	8.760E-1	2.401E-5
4.639E+0	8.700E-1	2.350E-5
4.715E+0	8.640E-1	2.341E-5
4.791E+0	8.580E-1	2.144E-5
4.867E+0	8.520E-1	2.116E-5
4.944E+0	8.460E-1	1.988E-5
5.020E+0	8.400E-1	2.174E-5
5.096E+0	8.340E-1	2.011E-5
5.172E+0	8.280E-1	1.989E-5
5.248E+0	8.220E-1	1.885E-5
5.324E+0	8.160E-1	2.037E-5
5.400E+0	8.100E-1	2.052E-5
5.477E+0	8.040E-1	2.015E-5
5.552E+0	7.980E-1	1.890E-5
5.629E+0	7.920E-1	2.003E-5
5.705E+0	7.860E-1	1.984E-5
5.781E+0	7.800E-1	2.151E-5
5.857E+0	7.740E-1	2.104E-5
5.934E+0	7.680E-1	2.104E-5
6.010E+0	7.620E-1	2.025E-5
6.086E+0	7.560E-1	1.840E-5
6.162E+0	7.500E-1	1.730E-5
6.238E+0	7.440E-1	1.536E-5
6.315E+0	7.380E-1	1.613E-5
6.391E+0	7.320E-1	1.575E-5
6.467E+0	7.260E-1	1.492E-5
6.543E+0	7.200E-1	1.496E-5
6.619E+0	7.140E-1	1.501E-5
6.695E+0	7.080E-1	1.520E-5
6.771E+0	7.020E-1	1.585E-5
6.847E+0	6.960E-1	1.512E-5
6.924E+0	6.900E-1	1.505E-5
7.000E+0	6.840E-1	1.494E-5
7.076E+0	6.780E-1	1.417E-5
7.152E+0	6.720E-1	1.405E-5
7.229E+0	6.660E-1	1.458E-5
7.306E+0	6.600E-1	1.584E-5
7.382E+0	6.540E-1	1.614E-5
7.458E+0	6.480E-1	1.430E-5
7.534E+0	6.420E-1	1.608E-5
7.610E+0	6.360E-1	1.473E-5
7.686E+0	6.300E-1	1.450E-5
7.762E+0	6.240E-1	1.496E-5
7.838E+0	6.180E-1	1.619E-5
7.914E+0	6.120E-1	1.500E-5
7.990E+0	6.060E-1	1.542E-5
8.066E+0	6.000E-1	1.441E-5
8.142E+0	5.940E-1	1.493E-5
8.218E+0	5.880E-1	1.416E-5
8.294E+0	5.820E-1	1.548E-5
8.370E+0	5.760E-1	1.452E-5
8.446E+0	5.700E-1	1.583E-5
8.523E+0	5.640E-1	1.433E-5
8.599E+0	5.580E-1	1.420E-5
8.675E+0	5.520E-1	1.332E-5
8.751E+0	5.460E-1	1.379E-5
8.827E+0	5.400E-1	1.433E-5
8.903E+0	5.340E-1	1.453E-5
8.979E+0	5.280E-1	1.483E-5
9.055E+0	5.220E-1	1.435E-5
9.131E+0	5.160E-1	1.504E-5
9.207E+0	5.100E-1	1.401E-5
9.283E+0	5.040E-1	1.372E-5
9.359E+0	4.980E-1	1.407E-5
9.435E+0	4.920E-1	1.450E-5
9.511E+0	4.860E-1	1.428E-5
9.588E+0	4.800E-1	1.446E-5
9.664E+0	4.740E-1	1.399E-5
9.740E+0	4.680E-1	1.400E-5
9.816E+0	4.620E-1	1.295E-5
9.892E+0	4.560E-1	1.368E-5
9.968E+0	4.500E-1	1.438E-5
1.004E+1	4.440E-1	1.417E-5
1.012E+1	4.380E-1	1.433E-5
1.020E+1	4.320E-1	1.451E-5
1.027E+1	4.260E-1	1.413E-5
1.035E+1	4.200E-1	1.332E-5
1.043E+1	4.140E-1	1.243E-5
1.050E+1	4.080E-1	1.136E-5
1.058E+1	4.020E-1	1.188E-5
1.065E+1	3.960E-1	1.327E-5
1.073E+1	3.900E-1	1.272E-5
1.081E+1	3.840E-1	1.290E-5
1.088E+1	3.780E-1	1.365E-5
1.096E+1	3.720E-1	1.253E-5
1.103E+1	3.660E-1	1.195E-5
1.111E+1	3.600E-1	1.133E-5
1.119E+1	3.540E-1	1.085E-5
1.126E+1	3.480E-1	1.227E-5
1.134E+1	3.420E-1	1.135E-5
1.141E+1	3.360E-1	1.193E-5
1.149E+1	3.300E-1	1.244E-5
1.157E+1	3.240E-1	1.162E-5
1.164E+1	3.180E-1	1.096E-5
1.172E+1	3.120E-1	1.025E-5
1.198E+1	3.060E-1	9.967E-6
1.224E+1	3.000E-1	9.528E-6
1.238E+1	2.940E-1	8.869E-6
1.245E+1	2.880E-1	8.745E-6
1.253E+1	2.820E-1	9.111E-6
1.260E+1	2.760E-1	8.728E-6
1.268E+1	2.700E-1	8.915E-6
1.275E+1	2.640E-1	8.978E-6
1.283E+1	2.580E-1	8.900E-6
1.290E+1	2.520E-1	8.674E-6
1.297E+1	2.460E-1	8.253E-6
1.305E+1	2.400E-1	7.839E-6
1.312E+1	2.340E-1	7.833E-6
1.320E+1	2.280E-1	8.083E-6
1.328E+1	2.220E-1	8.040E-6
1.335E+1	2.160E-1	7.510E-6
1.343E+1	2.100E-1	7.546E-6
1.350E+1	2.040E-1	7.920E-6
1.357E+1	1.980E-1	8.263E-6
1.365E+1	1.920E-1	8.535E-6
1.372E+1	1.860E-1	7.958E-6
1.380E+1	1.800E-1	9.103E-6
1.387E+1	1.740E-1	8.395E-6
1.395E+1	1.680E-1	8.102E-6
1.403E+1	1.620E-1	7.306E-6
1.410E+1	1.560E-1	7.019E-6
1.418E+1	1.500E-1	6.985E-6
1.425E+1	1.440E-1	6.891E-6
1.433E+1	1.380E-1	6.721E-6
1.440E+1	1.320E-1	6.812E-6
1.448E+1	1.260E-1	7.014E-6
1.456E+1	1.200E-1	6.392E-6
1.463E+1	1.140E-1	6.113E-6
1.471E+1	1.080E-1	6.154E-6
1.479E+1	1.020E-1	5.716E-6
1.486E+1	9.600E-2	4.792E-6
1.494E+1	9.000E-2	4.600E-6
1.501E+1	8.400E-2	4.248E-6
1.509E+1	7.800E-2	4.277E-6
1.517E+1	7.200E-2	4.245E-6
1.524E+1	6.600E-2	3.646E-6
1.532E+1	6.000E-2	3.417E-6
1.539E+1	5.400E-2	3.081E-6
1.547E+1	4.800E-2	2.391E-6
1.555E+1	4.200E-2	2.054E-6
1.562E+1	3.600E-2	1.726E-6
1.570E+1	3.000E-2	1.494E-6
1.578E+1	2.400E-2	1.240E-6
1.585E+1	1.800E-2	9.373E-7
1.600E+1	1.200E-2	6.736E-7
1.607E+1	6.000E-3	3.088E-7
1.615E+1	-1.039E-15	-7.742E-8
