1.240E-1	1.200E+0	7.127E-4
2.640E-1	1.194E+0	8.642E-4
3.370E-1	1.188E+0	8.829E-4
4.110E-1	1.182E+0	8.576E-4
4.850E-1	1.176E+0	8.094E-4
5.580E-1	1.170E+0	7.637E-4
6.320E-1	1.164E+0	7.154E-4
7.060E-1	1.158E+0	6.721E-4
7.790E-1	1.152E+0	6.306E-4
8.530E-1	1.146E+0	5.912E-4
9.260E-1	1.140E+0	5.563E-4
1.000E+0	1.134E+0	5.218E-4
1.074E+0	1.128E+0	4.898E-4
1.147E+0	1.122E+0	4.619E-4
1.221E+0	1.116E+0	4.364E-4
1.294E+0	1.110E+0	4.133E-4
1.368E+0	1.104E+0	3.906E-4
1.441E+0	1.098E+0	3.697E-4
1.515E+0	1.092E+0	3.501E-4
1.589E+0	1.086E+0	3.331E-4
1.664E+0	1.080E+0	3.179E-4
1.739E+0	1.074E+0	3.028E-4
1.815E+0	1.068E+0	2.897E-4
1.891E+0	1.062E+0	2.752E-4
1.966E+0	1.056E+0	2.637E-4
2.042E+0	1.050E+0	2.517E-4
2.118E+0	1.044E+0	2.420E-4
2.193E+0	1.038E+0	2.328E-4
2.269E+0	1.032E+0	2.235E-4
2.345E+0	1.026E+0	2.146E-4
2.420E+0	1.020E+0	2.068E-4
2.496E+0	1.014E+0	1.991E-4
2.572E+0	1.008E+0	1.925E-4
2.647E+0	1.002E+0	1.860E-4
2.723E+0	9.960E-1	1.800E-4
2.799E+0	9.900E-1	1.746E-4
2.875E+0	9.840E-1	1.686E-4
2.951E+0	9.780E-1	1.636E-4
3.028E+0	9.720E-1	1.569E-4
3.104E+0	9.660E-1	1.524E-4
3.180E+0	9.600E-1	1.480E-4
3.256E+0	9.540E-1	1.436E-4
3.337E+0	9.480E-1	1.382E-4
3.410E+0	9.420E-1	1.342E-4
3.484E+0	9.360E-1	1.291E-4
3.560E+0	9.300E-1	1.249E-4
3.636E+0	9.240E-1	1.210E-4
3.712E+0	9.180E-1	1.171E-4
3.788E+0	9.120E-1	1.128E-4
3.864E+0	9.060E-1	1.094E-4
3.940E+0	9.000E-1	1.052E-4
4.016E+0	8.940E-1	1.016E-4
4.092E+0	8.880E-1	9.846E-5
4.228E+0	8.820E-1	9.389E-5
4.309E+0	8.760E-1	8.995E-5
4.398E+0	8.700E-1	8.605E-5
4.474E+0	8.640E-1	8.214E-5
4.550E+0	8.580E-1	7.819E-5
4.627E+0	8.520E-1	7.495E-5
4.703E+0	8.460E-1	7.103E-5
4.779E+0	8.400E-1	6.729E-5
4.855E+0	8.340E-1	6.285E-5
4.931E+0	8.280E-1	5.896E-5
5.007E+0	8.220E-1	5.539E-5
5.083E+0	8.160E-1	5.110E-5
5.159E+0	8.100E-1	4.710E-5
5.236E+0	8.040E-1	4.380E-5
5.312E+0	7.980E-1	3.979E-5
5.388E+0	7.920E-1	3.690E-5
5.464E+0	7.860E-1	3.260E-5
5.540E+0	7.800E-1	2.912E-5
5.617E+0	7.740E-1	2.560E-5
5.693E+0	7.680E-1	2.185E-5
5.769E+0	7.620E-1	1.854E-5
5.845E+0	7.560E-1	1.473E-5
5.921E+0	7.500E-1	1.099E-5
5.998E+0	7.440E-1	8.622E-6
6.137E+0	7.380E-1	4.013E-6
6.224E+0	7.320E-1	2.808E-6
6.493E+0	7.260E-1	-1.827E-6
6.575E+0	7.200E-1	-5.162E-6
6.657E+0	7.140E-1	-8.527E-6
6.744E+0	7.080E-1	-1.050E-5
6.820E+0	7.020E-1	-1.286E-5
7.015E+0	6.960E-1	-1.677E-5
7.088E+0	6.900E-1	-2.047E-5
7.162E+0	6.840E-1	-2.423E-5
7.236E+0	6.780E-1	-2.761E-5
7.310E+0	6.720E-1	-3.037E-5
7.384E+0	6.660E-1	-3.315E-5
7.458E+0	6.600E-1	-3.658E-5
7.531E+0	6.540E-1	-3.981E-5
7.605E+0	6.480E-1	-4.321E-5
7.679E+0	6.420E-1	-4.572E-5
7.753E+0	6.360E-1	-4.909E-5
7.827E+0	6.300E-1	-5.203E-5
7.901E+0	6.240E-1	-5.438E-5
7.974E+0	6.180E-1	-5.685E-5
8.048E+0	6.120E-1	-5.960E-5
8.122E+0	6.060E-1	-6.329E-5
8.196E+0	6.000E-1	-6.525E-5
8.269E+0	5.940E-1	-6.804E-5
8.343E+0	5.880E-1	-7.034E-5
8.417E+0	5.820E-1	-7.191E-5
8.491E+0	5.760E-1	-7.327E-5
8.564E+0	5.700E-1	-7.546E-5
8.638E+0	5.640E-1	-7.750E-5
8.712E+0	5.580E-1	-8.028E-5
8.786E+0	5.520E-1	-8.228E-5
8.862E+0	5.460E-1	-8.414E-5
8.938E+0	5.400E-1	-8.661E-5
9.014E+0	5.340E-1	-8.825E-5
9.090E+0	5.280E-1	-8.974E-5
9.167E+0	5.220E-1	-9.078E-5
9.243E+0	5.160E-1	-9.235E-5
9.319E+0	5.100E-1	-9.379E-5
9.395E+0	5.040E-1	-9.548E-5
9.470E+0	4.980E-1	-9.706E-5
9.547E+0	4.920E-1	-9.872E-5
9.623E+0	4.860E-1	-9.977E-5
9.699E+0	4.800E-1	-1.010E-4
9.775E+0	4.740E-1	-1.020E-4
9.851E+0	4.680E-1	-1.033E-4
9.927E+0	4.620E-1	-1.042E-4
1.000E+1	4.560E-1	-1.047E-4
1.008E+1	4.500E-1	-1.050E-4
1.016E+1	4.440E-1	-1.081E-4
1.035E+1	4.380E-1	-1.062E-4
1.042E+1	4.320E-1	-1.074E-4
1.049E+1	4.260E-1	-1.086E-4
1.057E+1	4.200E-1	-1.096E-4
1.064E+1	4.140E-1	-1.106E-4
1.071E+1	4.080E-1	-1.111E-4
1.079E+1	4.020E-1	-1.118E-4
1.086E+1	3.960E-1	-1.123E-4
1.094E+1	3.900E-1	-1.131E-4
1.101E+1	3.840E-1	-1.140E-4
1.108E+1	3.780E-1	-1.144E-4
1.116E+1	3.720E-1	-1.148E-4
1.123E+1	3.660E-1	-1.154E-4
1.130E+1	3.600E-1	-1.155E-4
1.138E+1	3.540E-1	-1.160E-4
1.145E+1	3.480E-1	-1.159E-4
1.153E+1	3.420E-1	-1.167E-4
1.160E+1	3.360E-1	-1.173E-4
1.167E+1	3.300E-1	-1.178E-4
1.175E+1	3.240E-1	-1.182E-4
1.182E+1	3.180E-1	-1.181E-4
1.190E+1	3.120E-1	-1.184E-4
1.197E+1	3.060E-1	-1.189E-4
1.205E+1	3.000E-1	-1.191E-4
1.212E+1	2.940E-1	-1.193E-4
1.220E+1	2.880E-1	-1.198E-4
1.228E+1	2.820E-1	-1.196E-4
1.235E+1	2.760E-1	-1.203E-4
1.243E+1	2.700E-1	-1.205E-4
1.251E+1	2.640E-1	-1.206E-4
1.258E+1	2.580E-1	-1.208E-4
1.266E+1	2.520E-1	-1.211E-4
1.273E+1	2.460E-1	-1.210E-4
1.281E+1	2.400E-1	-1.214E-4
1.289E+1	2.340E-1	-1.213E-4
1.296E+1	2.280E-1	-1.215E-4
1.304E+1	2.220E-1	-1.217E-4
1.311E+1	2.160E-1	-1.219E-4
1.319E+1	2.100E-1	-1.221E-4
1.327E+1	2.040E-1	-1.217E-4
1.334E+1	1.980E-1	-1.220E-4
1.342E+1	1.920E-1	-1.221E-4
1.349E+1	1.860E-1	-1.226E-4
1.357E+1	1.800E-1	-1.230E-4
1.365E+1	1.740E-1	-1.232E-4
1.372E+1	1.680E-1	-1.232E-4
1.380E+1	1.620E-1	-1.234E-4
1.387E+1	1.560E-1	-1.234E-4
1.395E+1	1.500E-1	-1.238E-4
1.403E+1	1.440E-1	-1.239E-4
1.410E+1	1.380E-1	-1.242E-4
1.418E+1	1.320E-1	-1.245E-4
1.426E+1	1.260E-1	-1.249E-4
1.433E+1	1.200E-1	-1.249E-4
1.441E+1	1.140E-1	-1.253E-4
1.448E+1	1.080E-1	-1.254E-4
1.456E+1	1.020E-1	-1.257E-4
1.463E+1	9.600E-2	-1.260E-4
1.471E+1	9.000E-2	-1.264E-4
1.479E+1	8.400E-2	-1.266E-4
1.486E+1	7.800E-2	-1.268E-4
1.494E+1	7.200E-2	-1.270E-4
1.502E+1	6.600E-2	-1.272E-4
1.509E+1	6.000E-2	-1.274E-4
1.517E+1	5.400E-2	-1.276E-4
1.524E+1	4.800E-2	-1.279E-4
1.532E+1	4.200E-2	-1.280E-4
1.540E+1	3.600E-2	-1.283E-4
1.547E+1	3.000E-2	-1.284E-4
1.555E+1	2.400E-2	-1.288E-4
1.562E+1	1.800E-2	-1.289E-4
1.570E+1	1.200E-2	-1.293E-4
1.578E+1	6.000E-3	-1.294E-4
1.585E+1	-1.039E-15	-1.297E-4
