1.240E-1	1.200E+0	3.964E-4
2.640E-1	1.194E+0	4.909E-4
3.380E-1	1.188E+0	6.293E-4
4.110E-1	1.182E+0	7.398E-4
4.850E-1	1.176E+0	7.859E-4
5.590E-1	1.170E+0	7.982E-4
6.320E-1	1.164E+0	7.808E-4
7.060E-1	1.158E+0	7.603E-4
7.800E-1	1.152E+0	7.249E-4
8.530E-1	1.146E+0	6.827E-4
9.270E-1	1.140E+0	6.439E-4
1.001E+0	1.134E+0	6.095E-4
1.077E+0	1.128E+0	5.733E-4
1.153E+0	1.122E+0	5.418E-4
1.229E+0	1.116E+0	5.131E-4
1.304E+0	1.110E+0	4.886E-4
1.380E+0	1.104E+0	4.636E-4
1.456E+0	1.098E+0	4.420E-4
1.532E+0	1.092E+0	4.242E-4
1.608E+0	1.086E+0	3.974E-4
1.684E+0	1.080E+0	3.782E-4
1.760E+0	1.074E+0	3.568E-4
1.835E+0	1.068E+0	3.398E-4
1.911E+0	1.062E+0	3.221E-4
1.987E+0	1.056E+0	3.106E-4
2.063E+0	1.050E+0	2.964E-4
2.138E+0	1.044E+0	2.819E-4
2.214E+0	1.038E+0	2.679E-4
2.290E+0	1.032E+0	2.624E-4
2.366E+0	1.026E+0	2.516E-4
2.441E+0	1.020E+0	2.413E-4
2.517E+0	1.014E+0	2.328E-4
2.593E+0	1.008E+0	2.259E-4
2.668E+0	1.002E+0	2.120E-4
2.744E+0	9.960E-1	2.060E-4
2.820E+0	9.900E-1	1.985E-4
2.896E+0	9.840E-1	1.883E-4
2.973E+0	9.780E-1	1.839E-4
3.049E+0	9.720E-1	1.743E-4
3.125E+0	9.660E-1	1.737E-4
3.201E+0	9.600E-1	1.662E-4
3.277E+0	9.540E-1	1.607E-4
3.354E+0	9.480E-1	1.600E-4
3.430E+0	9.420E-1	1.547E-4
3.506E+0	9.360E-1	1.501E-4
3.582E+0	9.300E-1	1.421E-4
3.658E+0	9.240E-1	1.388E-4
3.734E+0	9.180E-1	1.414E-4
3.810E+0	9.120E-1	1.356E-4
3.886E+0	9.060E-1	1.283E-4
3.962E+0	9.000E-1	1.238E-4
4.039E+0	8.940E-1	1.176E-4
4.115E+0	8.880E-1	1.108E-4
4.191E+0	8.820E-1	1.071E-4
4.267E+0	8.760E-1	1.008E-4
4.343E+0	8.700E-1	1.028E-4
4.479E+0	8.640E-1	9.747E-5
4.561E+0	8.580E-1	9.221E-5
4.647E+0	8.520E-1	9.190E-5
4.723E+0	8.460E-1	8.763E-5
4.800E+0	8.400E-1	8.311E-5
4.876E+0	8.340E-1	8.130E-5
4.952E+0	8.280E-1	7.574E-5
5.028E+0	8.220E-1	7.103E-5
5.104E+0	8.160E-1	7.037E-5
5.180E+0	8.100E-1	6.398E-5
5.256E+0	8.040E-1	6.143E-5
5.333E+0	7.980E-1	5.728E-5
5.409E+0	7.920E-1	5.469E-5
5.485E+0	7.860E-1	5.294E-5
5.561E+0	7.800E-1	4.874E-5
5.638E+0	7.740E-1	4.571E-5
5.714E+0	7.680E-1	4.197E-5
5.790E+0	7.620E-1	3.920E-5
5.867E+0	7.560E-1	3.362E-5
5.943E+0	7.500E-1	2.975E-5
6.019E+0	7.440E-1	2.691E-5
6.095E+0	7.380E-1	2.252E-5
6.172E+0	7.320E-1	1.909E-5
6.248E+0	7.260E-1	1.812E-5
6.324E+0	7.200E-1	1.343E-5
6.400E+0	7.140E-1	9.760E-6
6.540E+0	7.080E-1	6.845E-6
6.627E+0	7.020E-1	1.715E-6
6.704E+0	6.960E-1	-3.046E-6
6.780E+0	6.900E-1	-3.020E-6
6.856E+0	6.840E-1	-8.910E-6
6.932E+0	6.780E-1	-8.942E-6
7.009E+0	6.720E-1	-1.078E-5
7.204E+0	6.660E-1	-1.312E-5
7.278E+0	6.600E-1	-1.648E-5
7.352E+0	6.540E-1	-1.777E-5
7.425E+0	6.480E-1	-2.318E-5
7.499E+0	6.420E-1	-2.591E-5
7.573E+0	6.360E-1	-2.770E-5
7.647E+0	6.300E-1	-3.080E-5
7.721E+0	6.240E-1	-3.260E-5
7.795E+0	6.180E-1	-3.492E-5
7.869E+0	6.120E-1	-3.800E-5
7.943E+0	6.060E-1	-3.933E-5
8.016E+0	6.000E-1	-4.276E-5
8.090E+0	5.940E-1	-4.513E-5
8.164E+0	5.880E-1	-4.664E-5
8.238E+0	5.820E-1	-4.894E-5
8.312E+0	5.760E-1	-5.064E-5
8.386E+0	5.700E-1	-5.252E-5
8.459E+0	5.640E-1	-5.445E-5
8.533E+0	5.580E-1	-5.501E-5
8.607E+0	5.520E-1	-5.621E-5
8.681E+0	5.460E-1	-5.898E-5
8.755E+0	5.400E-1	-6.100E-5
8.829E+0	5.340E-1	-6.305E-5
8.903E+0	5.280E-1	-6.463E-5
8.979E+0	5.220E-1	-6.580E-5
9.055E+0	5.160E-1	-6.769E-5
9.131E+0	5.100E-1	-6.829E-5
9.208E+0	5.040E-1	-6.940E-5
9.284E+0	4.980E-1	-7.067E-5
9.360E+0	4.920E-1	-7.237E-5
9.436E+0	4.860E-1	-7.328E-5
9.512E+0	4.800E-1	-7.463E-5
9.589E+0	4.740E-1	-7.514E-5
9.665E+0	4.680E-1	-7.631E-5
9.741E+0	4.620E-1	-7.706E-5
9.817E+0	4.560E-1	-7.727E-5
9.894E+0	4.500E-1	-7.855E-5
9.970E+0	4.440E-1	-8.048E-5
1.005E+1	4.380E-1	-8.104E-5
1.012E+1	4.320E-1	-8.125E-5
1.020E+1	4.260E-1	-8.282E-5
1.027E+1	4.200E-1	-8.337E-5
1.035E+1	4.140E-1	-8.375E-5
1.043E+1	4.080E-1	-8.459E-5
1.050E+1	4.020E-1	-8.552E-5
1.058E+1	3.960E-1	-8.631E-5
1.065E+1	3.900E-1	-8.759E-5
1.073E+1	3.840E-1	-8.784E-5
1.081E+1	3.780E-1	-8.866E-5
1.088E+1	3.720E-1	-8.931E-5
1.096E+1	3.660E-1	-9.006E-5
1.104E+1	3.600E-1	-9.080E-5
1.111E+1	3.540E-1	-9.106E-5
1.119E+1	3.480E-1	-9.136E-5
1.127E+1	3.420E-1	-9.200E-5
1.134E+1	3.360E-1	-9.178E-5
1.142E+1	3.300E-1	-9.246E-5
1.149E+1	3.240E-1	-9.355E-5
1.157E+1	3.180E-1	-9.359E-5
1.165E+1	3.120E-1	-9.409E-5
1.172E+1	3.060E-1	-9.445E-5
1.180E+1	3.000E-1	-9.475E-5
1.187E+1	2.940E-1	-9.445E-5
1.195E+1	2.880E-1	-9.491E-5
1.203E+1	2.820E-1	-9.550E-5
1.210E+1	2.760E-1	-9.588E-5
1.218E+1	2.700E-1	-9.652E-5
1.226E+1	2.640E-1	-9.642E-5
1.233E+1	2.580E-1	-9.687E-5
1.241E+1	2.520E-1	-9.782E-5
1.248E+1	2.460E-1	-9.839E-5
1.256E+1	2.400E-1	-9.846E-5
1.264E+1	2.340E-1	-9.952E-5
1.271E+1	2.280E-1	-1.001E-4
1.279E+1	2.220E-1	-1.004E-4
1.286E+1	2.160E-1	-1.010E-4
1.294E+1	2.100E-1	-1.015E-4
1.302E+1	2.040E-1	-1.018E-4
1.309E+1	1.980E-1	-1.024E-4
1.317E+1	1.920E-1	-1.029E-4
1.324E+1	1.860E-1	-1.034E-4
1.332E+1	1.800E-1	-1.038E-4
1.340E+1	1.740E-1	-1.041E-4
1.347E+1	1.680E-1	-1.046E-4
1.355E+1	1.620E-1	-1.050E-4
1.363E+1	1.560E-1	-1.050E-4
1.371E+1	1.500E-1	-1.050E-4
1.378E+1	1.440E-1	-1.088E-4
1.397E+1	1.380E-1	-1.061E-4
1.405E+1	1.320E-1	-1.063E-4
1.412E+1	1.260E-1	-1.066E-4
1.419E+1	1.200E-1	-1.071E-4
1.427E+1	1.140E-1	-1.076E-4
1.434E+1	1.080E-1	-1.080E-4
1.441E+1	1.020E-1	-1.084E-4
1.449E+1	9.600E-2	-1.088E-4
1.456E+1	9.000E-2	-1.093E-4
1.464E+1	8.400E-2	-1.097E-4
1.471E+1	7.800E-2	-1.100E-4
1.478E+1	7.200E-2	-1.104E-4
1.486E+1	6.600E-2	-1.108E-4
1.493E+1	6.000E-2	-1.112E-4
1.501E+1	5.400E-2	-1.114E-4
1.508E+1	4.800E-2	-1.118E-4
1.515E+1	4.200E-2	-1.121E-4
1.523E+1	3.600E-2	-1.126E-4
1.530E+1	3.000E-2	-1.128E-4
1.537E+1	2.400E-2	-1.133E-4
1.545E+1	1.800E-2	-1.134E-4
1.553E+1	1.200E-2	-1.138E-4
1.560E+1	6.000E-3	-1.141E-4
1.568E+1	-1.039E-15	-1.145E-4
