1.240E-1	1.200E+0	4.284E-4
2.640E-1	1.194E+0	5.652E-4
3.380E-1	1.188E+0	7.143E-4
4.120E-1	1.182E+0	8.055E-4
4.870E-1	1.176E+0	8.261E-4
5.610E-1	1.170E+0	8.138E-4
6.350E-1	1.164E+0	7.861E-4
7.080E-1	1.158E+0	7.614E-4
7.820E-1	1.152E+0	7.142E-4
8.560E-1	1.146E+0	6.752E-4
9.290E-1	1.140E+0	6.356E-4
1.003E+0	1.134E+0	6.020E-4
1.077E+0	1.128E+0	5.713E-4
1.150E+0	1.122E+0	5.435E-4
1.224E+0	1.116E+0	5.120E-4
1.298E+0	1.110E+0	4.840E-4
1.371E+0	1.104E+0	4.583E-4
1.445E+0	1.098E+0	4.346E-4
1.519E+0	1.092E+0	4.139E-4
1.592E+0	1.086E+0	3.968E-4
1.667E+0	1.080E+0	3.713E-4
1.743E+0	1.074E+0	3.531E-4
1.819E+0	1.068E+0	3.371E-4
1.895E+0	1.062E+0	3.212E-4
1.970E+0	1.056E+0	3.069E-4
2.046E+0	1.050E+0	2.994E-4
2.122E+0	1.044E+0	2.890E-4
2.198E+0	1.038E+0	2.755E-4
2.273E+0	1.032E+0	2.637E-4
2.349E+0	1.026E+0	2.551E-4
2.425E+0	1.020E+0	2.452E-4
2.501E+0	1.014E+0	2.398E-4
2.576E+0	1.008E+0	2.270E-4
2.652E+0	1.002E+0	2.214E-4
2.727E+0	9.960E-1	2.128E-4
2.804E+0	9.900E-1	2.055E-4
2.880E+0	9.840E-1	1.981E-4
2.956E+0	9.780E-1	1.921E-4
3.032E+0	9.720E-1	1.930E-4
3.109E+0	9.660E-1	1.799E-4
3.185E+0	9.600E-1	1.749E-4
3.261E+0	9.540E-1	1.748E-4
3.337E+0	9.480E-1	1.671E-4
3.413E+0	9.420E-1	1.615E-4
3.490E+0	9.360E-1	1.576E-4
3.566E+0	9.300E-1	1.553E-4
3.642E+0	9.240E-1	1.494E-4
3.718E+0	9.180E-1	1.452E-4
3.794E+0	9.120E-1	1.386E-4
3.870E+0	9.060E-1	1.363E-4
3.946E+0	9.000E-1	1.294E-4
4.022E+0	8.940E-1	1.256E-4
4.100E+0	8.880E-1	1.272E-4
4.176E+0	8.820E-1	1.228E-4
4.252E+0	8.760E-1	1.177E-4
4.328E+0	8.700E-1	1.133E-4
4.404E+0	8.640E-1	1.092E-4
4.480E+0	8.580E-1	1.092E-4
4.556E+0	8.520E-1	1.027E-4
4.632E+0	8.460E-1	9.871E-5
4.768E+0	8.400E-1	9.446E-5
4.850E+0	8.340E-1	9.233E-5
4.931E+0	8.280E-1	8.646E-5
5.012E+0	8.220E-1	8.309E-5
5.101E+0	8.160E-1	8.369E-5
5.177E+0	8.100E-1	8.286E-5
5.253E+0	8.040E-1	7.765E-5
5.330E+0	7.980E-1	7.372E-5
5.406E+0	7.920E-1	7.230E-5
5.482E+0	7.860E-1	6.493E-5
5.558E+0	7.800E-1	6.439E-5
5.635E+0	7.740E-1	5.977E-5
5.711E+0	7.680E-1	5.475E-5
5.787E+0	7.620E-1	5.619E-5
5.864E+0	7.560E-1	5.282E-5
5.940E+0	7.500E-1	5.191E-5
6.016E+0	7.440E-1	4.922E-5
6.092E+0	7.380E-1	4.700E-5
6.168E+0	7.320E-1	4.420E-5
6.245E+0	7.260E-1	3.698E-5
6.321E+0	7.200E-1	3.524E-5
6.397E+0	7.140E-1	3.254E-5
6.473E+0	7.080E-1	2.739E-5
6.550E+0	7.020E-1	2.523E-5
6.626E+0	6.960E-1	2.287E-5
6.702E+0	6.900E-1	2.002E-5
6.778E+0	6.840E-1	1.783E-5
6.854E+0	6.780E-1	1.477E-5
6.931E+0	6.720E-1	1.353E-5
7.007E+0	6.660E-1	-3.533E-5
7.266E+0	6.600E-1	-3.821E-5
7.340E+0	6.540E-1	-4.074E-5
7.414E+0	6.480E-1	-4.337E-5
7.488E+0	6.420E-1	-4.585E-5
7.562E+0	6.360E-1	-4.807E-5
7.635E+0	6.300E-1	-5.038E-5
7.709E+0	6.240E-1	-5.241E-5
7.783E+0	6.180E-1	-5.468E-5
7.857E+0	6.120E-1	-5.664E-5
7.931E+0	6.060E-1	-5.873E-5
8.005E+0	6.000E-1	-6.064E-5
8.078E+0	5.940E-1	-6.269E-5
8.152E+0	5.880E-1	-6.450E-5
8.226E+0	5.820E-1	-6.642E-5
8.300E+0	5.760E-1	-6.812E-5
8.373E+0	5.700E-1	-6.993E-5
8.447E+0	5.640E-1	-7.155E-5
8.521E+0	5.580E-1	-7.327E-5
8.595E+0	5.520E-1	-7.467E-5
8.669E+0	5.460E-1	-7.629E-5
8.743E+0	5.400E-1	-7.780E-5
8.819E+0	5.340E-1	-7.906E-5
8.895E+0	5.280E-1	-8.045E-5
8.971E+0	5.220E-1	-8.165E-5
9.048E+0	5.160E-1	-8.293E-5
9.124E+0	5.100E-1	-8.412E-5
9.200E+0	5.040E-1	-8.525E-5
9.276E+0	4.980E-1	-8.631E-5
9.352E+0	4.920E-1	-8.745E-5
9.428E+0	4.860E-1	-8.846E-5
9.505E+0	4.800E-1	-8.949E-5
9.581E+0	4.740E-1	-9.034E-5
9.657E+0	4.680E-1	-9.134E-5
9.733E+0	4.620E-1	-9.216E-5
9.809E+0	4.560E-1	-9.307E-5
9.886E+0	4.500E-1	-9.390E-5
9.962E+0	4.440E-1	-9.477E-5
1.004E+1	4.380E-1	-9.542E-5
1.011E+1	4.320E-1	-9.622E-5
1.019E+1	4.260E-1	-9.698E-5
1.027E+1	4.200E-1	-9.761E-5
1.034E+1	4.140E-1	-9.833E-5
1.042E+1	4.080E-1	-9.889E-5
1.049E+1	4.020E-1	-9.960E-5
1.057E+1	3.960E-1	-1.001E-4
1.065E+1	3.900E-1	-1.008E-4
1.072E+1	3.840E-1	-1.013E-4
1.080E+1	3.780E-1	-1.019E-4
1.088E+1	3.720E-1	-1.024E-4
1.095E+1	3.660E-1	-1.028E-4
1.103E+1	3.600E-1	-1.034E-4
1.110E+1	3.540E-1	-1.039E-4
1.118E+1	3.480E-1	-1.044E-4
1.126E+1	3.420E-1	-1.050E-4
1.133E+1	3.360E-1	-1.050E-4
1.141E+1	3.300E-1	-1.082E-4
1.160E+1	3.240E-1	-1.057E-4
1.168E+1	3.180E-1	-1.062E-4
1.175E+1	3.120E-1	-1.067E-4
1.182E+1	3.060E-1	-1.070E-4
1.190E+1	3.000E-1	-1.075E-4
1.197E+1	2.940E-1	-1.079E-4
1.205E+1	2.880E-1	-1.083E-4
1.212E+1	2.820E-1	-1.087E-4
1.219E+1	2.760E-1	-1.091E-4
1.227E+1	2.700E-1	-1.095E-4
1.234E+1	2.640E-1	-1.098E-4
1.241E+1	2.580E-1	-1.102E-4
1.249E+1	2.520E-1	-1.105E-4
1.256E+1	2.460E-1	-1.109E-4
1.264E+1	2.400E-1	-1.112E-4
1.271E+1	2.340E-1	-1.116E-4
1.278E+1	2.280E-1	-1.119E-4
1.286E+1	2.220E-1	-1.122E-4
1.293E+1	2.160E-1	-1.127E-4
1.301E+1	2.100E-1	-1.130E-4
1.308E+1	2.040E-1	-1.132E-4
1.315E+1	1.980E-1	-1.136E-4
1.323E+1	1.920E-1	-1.138E-4
1.331E+1	1.860E-1	-1.142E-4
1.338E+1	1.800E-1	-1.143E-4
1.346E+1	1.740E-1	-1.146E-4
1.353E+1	1.680E-1	-1.148E-4
1.361E+1	1.620E-1	-1.151E-4
1.369E+1	1.560E-1	-1.153E-4
1.376E+1	1.500E-1	-1.156E-4
1.384E+1	1.440E-1	-1.157E-4
1.391E+1	1.380E-1	-1.160E-4
1.399E+1	1.320E-1	-1.162E-4
1.407E+1	1.260E-1	-1.164E-4
1.414E+1	1.200E-1	-1.165E-4
1.422E+1	1.140E-1	-1.168E-4
1.429E+1	1.080E-1	-1.169E-4
1.437E+1	1.020E-1	-1.171E-4
1.445E+1	9.600E-2	-1.173E-4
1.452E+1	9.000E-2	-1.174E-4
1.460E+1	8.400E-2	-1.177E-4
1.468E+1	7.800E-2	-1.178E-4
1.475E+1	7.200E-2	-1.180E-4
1.483E+1	6.600E-2	-1.181E-4
1.490E+1	6.000E-2	-1.182E-4
1.498E+1	5.400E-2	-1.184E-4
1.506E+1	4.800E-2	-1.184E-4
1.513E+1	4.200E-2	-1.185E-4
1.521E+1	3.600E-2	-1.187E-4
1.529E+1	3.000E-2	-1.188E-4
1.536E+1	2.400E-2	-1.190E-4
1.544E+1	1.800E-2	-1.190E-4
1.551E+1	1.200E-2	-1.192E-4
1.559E+1	6.000E-3	-1.193E-4
1.567E+1	-1.039E-15	-1.194E-4
