1.240E-1	1.200E+0	3.210E-4
2.640E-1	1.194E+0	5.042E-4
3.380E-1	1.188E+0	5.893E-4
4.110E-1	1.182E+0	5.972E-4
4.850E-1	1.176E+0	5.659E-4
5.590E-1	1.170E+0	5.215E-4
6.430E-1	1.164E+0	4.694E-4
7.180E-1	1.158E+0	4.258E-4
7.910E-1	1.152E+0	3.861E-4
8.650E-1	1.146E+0	3.523E-4
9.390E-1	1.140E+0	3.224E-4
1.012E+0	1.134E+0	2.974E-4
1.086E+0	1.128E+0	2.753E-4
1.160E+0	1.122E+0	2.569E-4
1.234E+0	1.116E+0	2.405E-4
1.307E+0	1.110E+0	2.266E-4
1.381E+0	1.104E+0	2.139E-4
1.454E+0	1.098E+0	2.031E-4
1.528E+0	1.092E+0	1.932E-4
1.602E+0	1.086E+0	1.842E-4
1.676E+0	1.080E+0	1.763E-4
1.750E+0	1.074E+0	1.689E-4
1.824E+0	1.068E+0	1.623E-4
1.898E+0	1.062E+0	1.560E-4
1.971E+0	1.056E+0	1.503E-4
2.045E+0	1.050E+0	1.447E-4
2.118E+0	1.044E+0	1.397E-4
2.193E+0	1.038E+0	1.348E-4
2.269E+0	1.032E+0	1.303E-4
2.344E+0	1.026E+0	1.258E-4
2.420E+0	1.020E+0	1.218E-4
2.496E+0	1.014E+0	1.177E-4
2.571E+0	1.008E+0	1.140E-4
2.647E+0	1.002E+0	1.103E-4
2.723E+0	9.960E-1	1.069E-4
2.799E+0	9.900E-1	1.034E-4
2.875E+0	9.840E-1	1.002E-4
2.951E+0	9.780E-1	9.735E-5
3.087E+0	9.720E-1	9.409E-5
3.168E+0	9.660E-1	9.124E-5
3.255E+0	9.600E-1	8.824E-5
3.331E+0	9.540E-1	8.556E-5
3.407E+0	9.480E-1	8.267E-5
3.484E+0	9.420E-1	8.006E-5
3.560E+0	9.360E-1	7.736E-5
3.636E+0	9.300E-1	7.486E-5
3.712E+0	9.240E-1	7.225E-5
3.788E+0	9.180E-1	6.985E-5
3.864E+0	9.120E-1	6.731E-5
3.941E+0	9.060E-1	6.500E-5
4.017E+0	9.000E-1	6.254E-5
4.093E+0	8.940E-1	6.032E-5
4.169E+0	8.880E-1	5.790E-5
4.246E+0	8.820E-1	5.570E-5
4.322E+0	8.760E-1	5.330E-5
4.398E+0	8.700E-1	5.116E-5
4.474E+0	8.640E-1	4.880E-5
4.551E+0	8.580E-1	4.652E-5
4.627E+0	8.520E-1	4.441E-5
4.703E+0	8.460E-1	4.214E-5
4.779E+0	8.400E-1	4.001E-5
4.855E+0	8.340E-1	3.772E-5
4.932E+0	8.280E-1	3.573E-5
5.008E+0	8.220E-1	3.357E-5
5.084E+0	8.160E-1	3.151E-5
5.160E+0	8.100E-1	2.923E-5
5.237E+0	8.040E-1	2.727E-5
5.313E+0	7.980E-1	2.511E-5
5.389E+0	7.920E-1	2.316E-5
5.465E+0	7.860E-1	2.105E-5
5.542E+0	7.800E-1	1.914E-5
5.618E+0	7.740E-1	1.708E-5
5.694E+0	7.680E-1	1.527E-5
5.771E+0	7.620E-1	1.324E-5
5.847E+0	7.560E-1	1.124E-5
5.923E+0	7.500E-1	1.033E-5
6.063E+0	7.440E-1	7.775E-6
6.150E+0	7.380E-1	5.923E-6
6.226E+0	7.320E-1	3.940E-6
6.302E+0	7.260E-1	2.171E-6
6.378E+0	7.200E-1	1.535E-6
6.647E+0	7.140E-1	-1.379E-7
6.799E+0	7.080E-1	-1.740E-6
7.008E+0	7.020E-1	-3.906E-6
7.083E+0	6.960E-1	-5.809E-6
7.158E+0	6.900E-1	-7.441E-6
7.233E+0	6.840E-1	-9.191E-6
7.308E+0	6.780E-1	-1.050E-5
7.383E+0	6.720E-1	-1.163E-5
7.579E+0	6.660E-1	-1.338E-5
7.652E+0	6.600E-1	-1.507E-5
7.726E+0	6.540E-1	-1.654E-5
7.800E+0	6.480E-1	-1.812E-5
7.874E+0	6.420E-1	-1.962E-5
7.948E+0	6.360E-1	-2.100E-5
8.022E+0	6.300E-1	-2.246E-5
8.095E+0	6.240E-1	-2.372E-5
8.169E+0	6.180E-1	-2.515E-5
8.245E+0	6.120E-1	-2.640E-5
8.322E+0	6.060E-1	-2.775E-5
8.398E+0	6.000E-1	-2.895E-5
8.474E+0	5.940E-1	-3.026E-5
8.550E+0	5.880E-1	-3.141E-5
8.626E+0	5.820E-1	-3.266E-5
8.702E+0	5.760E-1	-3.377E-5
8.778E+0	5.700E-1	-3.498E-5
8.855E+0	5.640E-1	-3.603E-5
8.931E+0	5.580E-1	-3.720E-5
9.007E+0	5.520E-1	-3.823E-5
9.083E+0	5.460E-1	-3.933E-5
9.159E+0	5.400E-1	-4.039E-5
9.235E+0	5.340E-1	-4.137E-5
9.311E+0	5.280E-1	-4.241E-5
9.387E+0	5.220E-1	-4.334E-5
9.464E+0	5.160E-1	-4.438E-5
9.540E+0	5.100E-1	-4.526E-5
9.616E+0	5.040E-1	-4.626E-5
9.692E+0	4.980E-1	-4.712E-5
9.768E+0	4.920E-1	-4.803E-5
9.845E+0	4.860E-1	-4.885E-5
9.921E+0	4.800E-1	-4.981E-5
9.997E+0	4.740E-1	-5.060E-5
1.007E+1	4.680E-1	-5.146E-5
1.015E+1	4.620E-1	-5.219E-5
1.023E+1	4.560E-1	-5.305E-5
1.030E+1	4.500E-1	-5.376E-5
1.038E+1	4.440E-1	-5.463E-5
1.045E+1	4.380E-1	-5.529E-5
1.053E+1	4.320E-1	-5.607E-5
1.061E+1	4.260E-1	-5.673E-5
1.068E+1	4.200E-1	-5.744E-5
1.076E+1	4.140E-1	-5.813E-5
1.084E+1	4.080E-1	-5.884E-5
1.091E+1	4.020E-1	-5.954E-5
1.099E+1	3.960E-1	-6.022E-5
1.106E+1	3.900E-1	-6.089E-5
1.114E+1	3.840E-1	-6.152E-5
1.122E+1	3.780E-1	-6.217E-5
1.129E+1	3.720E-1	-6.274E-5
1.137E+1	3.660E-1	-6.341E-5
1.145E+1	3.600E-1	-6.396E-5
1.152E+1	3.540E-1	-6.460E-5
1.160E+1	3.480E-1	-6.510E-5
1.167E+1	3.420E-1	-6.571E-5
1.175E+1	3.360E-1	-6.617E-5
1.183E+1	3.300E-1	-6.676E-5
1.190E+1	3.240E-1	-6.726E-5
1.198E+1	3.180E-1	-6.784E-5
1.205E+1	3.120E-1	-6.838E-5
1.213E+1	3.060E-1	-6.883E-5
1.221E+1	3.000E-1	-6.941E-5
1.228E+1	2.940E-1	-6.985E-5
1.236E+1	2.880E-1	-7.038E-5
1.244E+1	2.820E-1	-7.084E-5
1.251E+1	2.760E-1	-7.131E-5
1.259E+1	2.700E-1	-7.178E-5
1.266E+1	2.640E-1	-7.225E-5
1.274E+1	2.580E-1	-7.270E-5
1.282E+1	2.520E-1	-7.315E-5
1.289E+1	2.460E-1	-7.354E-5
1.297E+1	2.400E-1	-7.404E-5
1.304E+1	2.340E-1	-7.437E-5
1.312E+1	2.280E-1	-7.484E-5
1.320E+1	2.220E-1	-7.517E-5
1.327E+1	2.160E-1	-7.563E-5
1.335E+1	2.100E-1	-7.606E-5
1.343E+1	2.040E-1	-7.640E-5
1.350E+1	1.980E-1	-7.674E-5
1.358E+1	1.920E-1	-7.710E-5
1.365E+1	1.860E-1	-7.755E-5
1.373E+1	1.800E-1	-7.783E-5
1.381E+1	1.740E-1	-7.818E-5
1.388E+1	1.680E-1	-7.851E-5
1.396E+1	1.620E-1	-7.889E-5
1.404E+1	1.560E-1	-7.916E-5
1.411E+1	1.500E-1	-7.949E-5
1.419E+1	1.440E-1	-7.981E-5
1.426E+1	1.380E-1	-8.015E-5
1.434E+1	1.320E-1	-8.045E-5
1.442E+1	1.260E-1	-8.079E-5
1.449E+1	1.200E-1	-8.105E-5
1.457E+1	1.140E-1	-8.138E-5
1.464E+1	1.080E-1	-8.164E-5
1.472E+1	1.020E-1	-8.197E-5
1.480E+1	9.600E-2	-8.226E-5
1.487E+1	9.000E-2	-8.247E-5
1.495E+1	8.400E-2	-8.277E-5
1.503E+1	7.800E-2	-8.302E-5
1.510E+1	7.200E-2	-8.329E-5
1.518E+1	6.600E-2	-8.347E-5
1.526E+1	6.000E-2	-8.374E-5
1.533E+1	5.400E-2	-8.395E-5
1.541E+1	4.800E-2	-8.426E-5
1.548E+1	4.200E-2	-8.450E-5
1.556E+1	3.600E-2	-8.478E-5
1.564E+1	3.000E-2	-8.500E-5
1.571E+1	2.400E-2	-8.531E-5
1.579E+1	1.800E-2	-8.554E-5
1.587E+1	1.200E-2	-8.580E-5
1.594E+1	6.000E-3	-8.602E-5
1.602E+1	-1.039E-15	-8.625E-5
