1.250E-1	1.200E+0	9.302E-4
2.650E-1	1.194E+0	8.456E-4
3.390E-1	1.188E+0	6.414E-4
4.120E-1	1.182E+0	4.759E-4
4.860E-1	1.176E+0	3.576E-4
5.600E-1	1.170E+0	2.770E-4
6.330E-1	1.164E+0	2.215E-4
7.070E-1	1.158E+0	1.810E-4
7.810E-1	1.152E+0	1.507E-4
8.540E-1	1.146E+0	1.283E-4
9.280E-1	1.140E+0	1.104E-4
1.002E+0	1.134E+0	9.194E-5
1.137E+0	1.128E+0	8.187E-5
1.211E+0	1.122E+0	7.342E-5
1.287E+0	1.116E+0	6.595E-5
1.363E+0	1.110E+0	5.955E-5
1.439E+0	1.104E+0	5.396E-5
1.515E+0	1.098E+0	4.955E-5
1.591E+0	1.092E+0	4.568E-5
1.667E+0	1.086E+0	4.217E-5
1.743E+0	1.080E+0	3.892E-5
1.819E+0	1.074E+0	3.612E-5
1.895E+0	1.068E+0	3.309E-5
1.971E+0	1.062E+0	3.045E-5
2.046E+0	1.056E+0	2.854E-5
2.122E+0	1.050E+0	2.654E-5
2.198E+0	1.044E+0	2.493E-5
2.275E+0	1.038E+0	2.333E-5
2.351E+0	1.032E+0	2.216E-5
2.426E+0	1.026E+0	2.087E-5
2.502E+0	1.020E+0	1.965E-5
2.578E+0	1.014E+0	1.830E-5
2.654E+0	1.008E+0	1.706E-5
2.730E+0	1.002E+0	1.604E-5
2.805E+0	9.960E-1	1.498E-5
2.882E+0	9.900E-1	1.420E-5
2.958E+0	9.840E-1	1.337E-5
3.034E+0	9.780E-1	1.271E-5
3.111E+0	9.720E-1	1.211E-5
3.187E+0	9.660E-1	1.151E-5
3.263E+0	9.600E-1	1.101E-5
3.339E+0	9.540E-1	1.053E-5
3.415E+0	9.480E-1	1.004E-5
3.491E+0	9.420E-1	9.526E-6
3.631E+0	9.360E-1	9.226E-6
3.718E+0	9.300E-1	8.897E-6
3.795E+0	9.240E-1	8.395E-6
3.871E+0	9.180E-1	7.915E-6
3.947E+0	9.120E-1	7.370E-6
4.024E+0	9.060E-1	7.215E-6
4.100E+0	9.000E-1	6.996E-6
4.176E+0	8.940E-1	6.683E-6
4.252E+0	8.880E-1	6.477E-6
4.329E+0	8.820E-1	6.295E-6
4.405E+0	8.760E-1	6.054E-6
4.481E+0	8.700E-1	5.746E-6
4.557E+0	8.640E-1	5.578E-6
4.634E+0	8.580E-1	5.277E-6
4.710E+0	8.520E-1	5.044E-6
4.786E+0	8.460E-1	4.803E-6
4.862E+0	8.400E-1	4.545E-6
4.939E+0	8.340E-1	4.358E-6
5.015E+0	8.280E-1	4.159E-6
5.091E+0	8.220E-1	4.013E-6
5.167E+0	8.160E-1	3.833E-6
5.243E+0	8.100E-1	3.711E-6
5.319E+0	8.040E-1	3.550E-6
5.396E+0	7.980E-1	3.359E-6
5.472E+0	7.920E-1	3.192E-6
5.548E+0	7.860E-1	3.028E-6
5.624E+0	7.800E-1	2.805E-6
5.701E+0	7.740E-1	2.698E-6
5.777E+0	7.680E-1	2.541E-6
5.853E+0	7.620E-1	2.454E-6
5.929E+0	7.560E-1	2.313E-6
6.006E+0	7.500E-1	2.221E-6
6.082E+0	7.440E-1	2.116E-6
6.158E+0	7.380E-1	2.041E-6
6.234E+0	7.320E-1	1.961E-6
6.311E+0	7.260E-1	1.865E-6
6.387E+0	7.200E-1	1.793E-6
6.463E+0	7.140E-1	1.705E-6
6.539E+0	7.080E-1	1.608E-6
6.615E+0	7.020E-1	1.525E-6
6.692E+0	6.960E-1	1.453E-6
6.768E+0	6.900E-1	1.383E-6
6.844E+0	6.840E-1	1.327E-6
6.920E+0	6.780E-1	1.281E-6
6.997E+0	6.720E-1	1.229E-6
7.073E+0	6.660E-1	1.147E-6
7.149E+0	6.600E-1	1.100E-6
7.225E+0	6.540E-1	1.053E-6
7.302E+0	6.480E-1	1.015E-6
7.378E+0	6.420E-1	9.549E-7
7.524E+0	6.360E-1	9.247E-7
7.600E+0	6.300E-1	8.824E-7
7.677E+0	6.240E-1	8.594E-7
7.753E+0	6.180E-1	8.142E-7
7.829E+0	6.120E-1	7.805E-7
7.905E+0	6.060E-1	7.525E-7
7.981E+0	6.000E-1	7.251E-7
8.057E+0	5.940E-1	6.841E-7
8.134E+0	5.880E-1	6.658E-7
8.210E+0	5.820E-1	6.441E-7
8.286E+0	5.760E-1	6.175E-7
8.362E+0	5.700E-1	5.962E-7
8.439E+0	5.640E-1	5.669E-7
8.515E+0	5.580E-1	5.517E-7
8.591E+0	5.520E-1	5.297E-7
8.667E+0	5.460E-1	5.021E-7
8.743E+0	5.400E-1	4.916E-7
8.820E+0	5.340E-1	4.670E-7
8.896E+0	5.280E-1	4.591E-7
8.972E+0	5.220E-1	4.412E-7
9.048E+0	5.160E-1	4.192E-7
9.125E+0	5.100E-1	4.198E-7
9.201E+0	5.040E-1	3.979E-7
9.277E+0	4.980E-1	3.852E-7
9.353E+0	4.920E-1	3.719E-7
9.430E+0	4.860E-1	3.521E-7
9.506E+0	4.800E-1	3.382E-7
9.582E+0	4.740E-1	3.335E-7
9.659E+0	4.680E-1	3.261E-7
9.735E+0	4.620E-1	3.124E-7
9.811E+0	4.560E-1	3.007E-7
9.887E+0	4.500E-1	2.877E-7
9.964E+0	4.440E-1	2.748E-7
1.004E+1	4.380E-1	2.686E-7
1.012E+1	4.320E-1	2.592E-7
1.019E+1	4.260E-1	2.490E-7
1.027E+1	4.200E-1	2.417E-7
1.035E+1	4.140E-1	2.363E-7
1.042E+1	4.080E-1	2.302E-7
1.050E+1	4.020E-1	2.196E-7
1.057E+1	3.960E-1	2.167E-7
1.065E+1	3.900E-1	2.067E-7
1.073E+1	3.840E-1	1.994E-7
1.080E+1	3.780E-1	1.919E-7
1.088E+1	3.720E-1	1.857E-7
1.096E+1	3.660E-1	1.759E-7
1.103E+1	3.600E-1	1.736E-7
1.111E+1	3.540E-1	1.683E-7
1.118E+1	3.480E-1	1.632E-7
1.126E+1	3.420E-1	1.570E-7
1.134E+1	3.360E-1	1.515E-7
1.141E+1	3.300E-1	1.413E-7
1.149E+1	3.240E-1	1.402E-7
1.157E+1	3.180E-1	1.327E-7
1.164E+1	3.120E-1	1.326E-7
1.172E+1	3.060E-1	1.271E-7
1.179E+1	3.000E-1	1.224E-7
1.187E+1	2.940E-1	1.133E-7
1.195E+1	2.880E-1	1.125E-7
1.202E+1	2.820E-1	1.060E-7
1.210E+1	2.760E-1	1.027E-7
1.218E+1	2.700E-1	9.538E-8
1.225E+1	2.640E-1	9.172E-8
1.233E+1	2.580E-1	9.015E-8
1.240E+1	2.520E-1	8.511E-8
1.248E+1	2.460E-1	8.239E-8
1.256E+1	2.400E-1	7.646E-8
1.263E+1	2.340E-1	7.411E-8
1.271E+1	2.280E-1	7.037E-8
1.280E+1	2.220E-1	6.710E-8
1.287E+1	2.160E-1	6.267E-8
1.295E+1	2.100E-1	5.775E-8
1.302E+1	2.040E-1	5.720E-8
1.310E+1	1.980E-1	5.295E-8
1.318E+1	1.920E-1	5.603E-8
1.325E+1	1.860E-1	4.442E-8
1.333E+1	1.800E-1	4.257E-8
1.340E+1	1.740E-1	3.857E-8
1.348E+1	1.680E-1	3.303E-8
1.355E+1	1.620E-1	3.138E-8
1.363E+1	1.560E-1	2.562E-8
1.371E+1	1.500E-1	2.295E-8
1.378E+1	1.440E-1	2.238E-8
1.386E+1	1.380E-1	1.853E-8
1.393E+1	1.320E-1	1.433E-8
1.401E+1	1.260E-1	9.908E-9
1.409E+1	1.200E-1	6.620E-9
1.416E+1	1.140E-1	2.948E-9
1.424E+1	1.080E-1	-9.255E-11
1.431E+1	1.020E-1	-2.887E-9
1.439E+1	9.600E-2	-6.443E-9
1.446E+1	9.000E-2	-8.309E-9
1.454E+1	8.400E-2	-1.057E-8
1.462E+1	7.800E-2	-1.255E-8
1.469E+1	7.200E-2	-1.696E-8
1.477E+1	6.600E-2	-1.979E-8
1.484E+1	6.000E-2	-2.196E-8
1.492E+1	5.400E-2	-2.500E-8
1.499E+1	4.800E-2	-2.750E-8
1.507E+1	4.200E-2	-3.017E-8
1.515E+1	3.600E-2	-3.283E-8
1.522E+1	3.000E-2	-3.549E-8
1.530E+1	2.400E-2	-3.836E-8
1.537E+1	1.800E-2	-4.150E-8
1.545E+1	1.200E-2	-4.435E-8
1.553E+1	6.000E-3	-4.695E-8
1.560E+1	-1.039E-15	-4.989E-8
