1.230E-1	1.200E+0	5.413E-4
2.630E-1	1.194E+0	6.316E-4
3.370E-1	1.188E+0	6.016E-4
4.110E-1	1.182E+0	5.476E-4
4.840E-1	1.176E+0	4.928E-4
5.580E-1	1.170E+0	4.462E-4
6.320E-1	1.164E+0	4.057E-4
7.060E-1	1.158E+0	3.730E-4
7.790E-1	1.152E+0	3.444E-4
8.530E-1	1.146E+0	3.212E-4
9.260E-1	1.140E+0	3.003E-4
1.000E+0	1.134E+0	2.829E-4
1.074E+0	1.128E+0	2.672E-4
1.147E+0	1.122E+0	2.537E-4
1.221E+0	1.116E+0	2.409E-4
1.295E+0	1.110E+0	2.302E-4
1.371E+0	1.104E+0	2.196E-4
1.447E+0	1.098E+0	2.103E-4
1.523E+0	1.092E+0	2.014E-4
1.598E+0	1.086E+0	1.931E-4
1.674E+0	1.080E+0	1.857E-4
1.750E+0	1.074E+0	1.785E-4
1.826E+0	1.068E+0	1.720E-4
1.902E+0	1.062E+0	1.653E-4
1.978E+0	1.056E+0	1.594E-4
2.053E+0	1.050E+0	1.535E-4
2.129E+0	1.044E+0	1.483E-4
2.205E+0	1.038E+0	1.431E-4
2.280E+0	1.032E+0	1.380E-4
2.356E+0	1.026E+0	1.329E-4
2.432E+0	1.020E+0	1.285E-4
2.507E+0	1.014E+0	1.239E-4
2.583E+0	1.008E+0	1.198E-4
2.659E+0	1.002E+0	1.155E-4
2.734E+0	9.960E-1	1.115E-4
2.811E+0	9.900E-1	1.075E-4
2.887E+0	9.840E-1	1.039E-4
2.963E+0	9.780E-1	1.002E-4
3.039E+0	9.720E-1	9.698E-5
3.175E+0	9.660E-1	9.336E-5
3.257E+0	9.600E-1	8.999E-5
3.338E+0	9.540E-1	8.677E-5
3.419E+0	9.480E-1	8.355E-5
3.508E+0	9.420E-1	8.038E-5
3.584E+0	9.360E-1	7.708E-5
3.661E+0	9.300E-1	7.408E-5
3.737E+0	9.240E-1	7.095E-5
3.813E+0	9.180E-1	6.807E-5
3.889E+0	9.120E-1	6.506E-5
3.965E+0	9.060E-1	6.224E-5
4.041E+0	9.000E-1	5.921E-5
4.118E+0	8.940E-1	5.643E-5
4.194E+0	8.880E-1	5.335E-5
4.270E+0	8.820E-1	5.071E-5
4.347E+0	8.760E-1	4.770E-5
4.423E+0	8.700E-1	4.500E-5
4.499E+0	8.640E-1	4.210E-5
4.575E+0	8.580E-1	3.922E-5
4.652E+0	8.520E-1	3.654E-5
4.728E+0	8.460E-1	3.363E-5
4.804E+0	8.400E-1	3.101E-5
4.880E+0	8.340E-1	2.811E-5
4.957E+0	8.280E-1	2.551E-5
5.033E+0	8.220E-1	2.269E-5
5.109E+0	8.160E-1	2.011E-5
5.185E+0	8.100E-1	1.729E-5
5.261E+0	8.040E-1	1.474E-5
5.337E+0	7.980E-1	1.191E-5
5.414E+0	7.920E-1	1.154E-5
5.673E+0	7.860E-1	9.073E-6
5.813E+0	7.800E-1	5.296E-6
5.888E+0	7.740E-1	2.262E-6
5.963E+0	7.680E-1	1.980E-6
6.232E+0	7.620E-1	-1.881E-6
6.306E+0	7.560E-1	-4.904E-6
6.382E+0	7.500E-1	-7.375E-6
6.456E+0	7.440E-1	-1.005E-5
6.531E+0	7.380E-1	-1.077E-5
6.726E+0	7.320E-1	-1.401E-5
6.800E+0	7.260E-1	-1.655E-5
6.874E+0	7.200E-1	-1.911E-5
6.947E+0	7.140E-1	-2.142E-5
7.021E+0	7.080E-1	-2.385E-5
7.095E+0	7.020E-1	-2.603E-5
7.169E+0	6.960E-1	-2.837E-5
7.243E+0	6.900E-1	-3.054E-5
7.316E+0	6.840E-1	-3.280E-5
7.390E+0	6.780E-1	-3.487E-5
7.464E+0	6.720E-1	-3.715E-5
7.538E+0	6.660E-1	-3.910E-5
7.612E+0	6.600E-1	-4.124E-5
7.686E+0	6.540E-1	-4.314E-5
7.759E+0	6.480E-1	-4.523E-5
7.833E+0	6.420E-1	-4.721E-5
7.907E+0	6.360E-1	-4.897E-5
7.981E+0	6.300E-1	-5.092E-5
8.056E+0	6.240E-1	-5.253E-5
8.130E+0	6.180E-1	-5.442E-5
8.203E+0	6.120E-1	-5.604E-5
8.277E+0	6.060E-1	-5.781E-5
8.351E+0	6.000E-1	-5.932E-5
8.425E+0	5.940E-1	-6.101E-5
8.499E+0	5.880E-1	-6.243E-5
8.573E+0	5.820E-1	-6.397E-5
8.647E+0	5.760E-1	-6.533E-5
8.722E+0	5.700E-1	-6.681E-5
8.798E+0	5.640E-1	-6.804E-5
8.874E+0	5.580E-1	-6.944E-5
8.950E+0	5.520E-1	-7.064E-5
9.026E+0	5.460E-1	-7.192E-5
9.102E+0	5.400E-1	-7.315E-5
9.179E+0	5.340E-1	-7.421E-5
9.255E+0	5.280E-1	-7.537E-5
9.331E+0	5.220E-1	-7.634E-5
9.407E+0	5.160E-1	-7.738E-5
9.483E+0	5.100E-1	-7.832E-5
9.559E+0	5.040E-1	-7.931E-5
9.635E+0	4.980E-1	-8.017E-5
9.712E+0	4.920E-1	-8.114E-5
9.788E+0	4.860E-1	-8.192E-5
9.864E+0	4.800E-1	-8.285E-5
9.940E+0	4.740E-1	-8.354E-5
1.002E+1	4.680E-1	-8.431E-5
1.009E+1	4.620E-1	-8.505E-5
1.017E+1	4.560E-1	-8.577E-5
1.024E+1	4.500E-1	-8.648E-5
1.032E+1	4.440E-1	-8.710E-5
1.040E+1	4.380E-1	-8.781E-5
1.047E+1	4.320E-1	-8.842E-5
1.055E+1	4.260E-1	-8.903E-5
1.063E+1	4.200E-1	-8.954E-5
1.070E+1	4.140E-1	-9.019E-5
1.078E+1	4.080E-1	-9.077E-5
1.085E+1	4.020E-1	-9.130E-5
1.093E+1	3.960E-1	-9.182E-5
1.101E+1	3.900E-1	-9.232E-5
1.108E+1	3.840E-1	-9.276E-5
1.116E+1	3.780E-1	-9.328E-5
1.123E+1	3.720E-1	-9.363E-5
1.131E+1	3.660E-1	-9.425E-5
1.139E+1	3.600E-1	-9.457E-5
1.146E+1	3.540E-1	-9.510E-5
1.154E+1	3.480E-1	-9.540E-5
1.162E+1	3.420E-1	-9.582E-5
1.169E+1	3.360E-1	-9.622E-5
1.177E+1	3.300E-1	-9.657E-5
1.185E+1	3.240E-1	-9.695E-5
1.192E+1	3.180E-1	-9.731E-5
1.200E+1	3.120E-1	-9.771E-5
1.207E+1	3.060E-1	-9.804E-5
1.215E+1	3.000E-1	-9.841E-5
1.222E+1	2.940E-1	-9.868E-5
1.230E+1	2.880E-1	-9.909E-5
1.238E+1	2.820E-1	-9.936E-5
1.245E+1	2.760E-1	-9.972E-5
1.253E+1	2.700E-1	-9.995E-5
1.261E+1	2.640E-1	-1.003E-4
1.268E+1	2.580E-1	-1.005E-4
1.276E+1	2.520E-1	-1.008E-4
1.284E+1	2.460E-1	-1.010E-4
1.291E+1	2.400E-1	-1.013E-4
1.299E+1	2.340E-1	-1.015E-4
1.306E+1	2.280E-1	-1.018E-4
1.314E+1	2.220E-1	-1.019E-4
1.321E+1	2.160E-1	-1.022E-4
1.329E+1	2.100E-1	-1.024E-4
1.337E+1	2.040E-1	-1.026E-4
1.344E+1	1.980E-1	-1.029E-4
1.352E+1	1.920E-1	-1.030E-4
1.360E+1	1.860E-1	-1.032E-4
1.367E+1	1.800E-1	-1.034E-4
1.375E+1	1.740E-1	-1.036E-4
1.382E+1	1.680E-1	-1.037E-4
1.390E+1	1.620E-1	-1.040E-4
1.397E+1	1.560E-1	-1.041E-4
1.405E+1	1.500E-1	-1.042E-4
1.413E+1	1.440E-1	-1.043E-4
1.421E+1	1.380E-1	-1.045E-4
1.428E+1	1.320E-1	-1.046E-4
1.436E+1	1.260E-1	-1.048E-4
1.443E+1	1.200E-1	-1.049E-4
1.451E+1	1.140E-1	-1.050E-4
1.459E+1	1.080E-1	-1.050E-4
1.467E+1	1.020E-1	-1.050E-4
1.475E+1	9.600E-2	-1.075E-4
1.494E+1	9.000E-2	-1.054E-4
1.501E+1	8.400E-2	-1.054E-4
1.508E+1	7.800E-2	-1.054E-4
1.516E+1	7.200E-2	-1.056E-4
1.523E+1	6.600E-2	-1.056E-4
1.530E+1	6.000E-2	-1.058E-4
1.538E+1	5.400E-2	-1.059E-4
1.545E+1	4.800E-2	-1.060E-4
1.553E+1	4.200E-2	-1.060E-4
1.560E+1	3.600E-2	-1.062E-4
1.567E+1	3.000E-2	-1.062E-4
1.575E+1	2.400E-2	-1.063E-4
1.582E+1	1.800E-2	-1.064E-4
1.589E+1	1.200E-2	-1.065E-4
1.597E+1	6.000E-3	-1.064E-4
1.604E+1	-1.039E-15	-1.066E-4
