1.240E-1	1.200E+0	2.245E-4
2.640E-1	1.194E+0	2.572E-4
3.380E-1	1.188E+0	3.506E-4
4.110E-1	1.182E+0	4.374E-4
4.850E-1	1.176E+0	4.850E-4
5.580E-1	1.170E+0	4.986E-4
6.320E-1	1.164E+0	4.876E-4
7.060E-1	1.158E+0	4.650E-4
7.800E-1	1.152E+0	4.354E-4
8.530E-1	1.146E+0	4.057E-4
9.270E-1	1.140E+0	3.758E-4
1.001E+0	1.134E+0	3.488E-4
1.074E+0	1.128E+0	3.236E-4
1.148E+0	1.122E+0	3.015E-4
1.221E+0	1.116E+0	2.811E-4
1.295E+0	1.110E+0	2.635E-4
1.369E+0	1.104E+0	2.471E-4
1.442E+0	1.098E+0	2.330E-4
1.518E+0	1.092E+0	2.196E-4
1.594E+0	1.086E+0	2.077E-4
1.670E+0	1.080E+0	1.974E-4
1.746E+0	1.074E+0	1.873E-4
1.822E+0	1.068E+0	1.786E-4
1.898E+0	1.062E+0	1.701E-4
1.973E+0	1.056E+0	1.626E-4
2.049E+0	1.050E+0	1.554E-4
2.125E+0	1.044E+0	1.487E-4
2.201E+0	1.038E+0	1.424E-4
2.276E+0	1.032E+0	1.366E-4
2.352E+0	1.026E+0	1.309E-4
2.428E+0	1.020E+0	1.259E-4
2.503E+0	1.014E+0	1.207E-4
2.579E+0	1.008E+0	1.160E-4
2.655E+0	1.002E+0	1.113E-4
2.730E+0	9.960E-1	1.070E-4
2.807E+0	9.900E-1	1.027E-4
2.883E+0	9.840E-1	9.908E-5
3.019E+0	9.780E-1	9.505E-5
3.100E+0	9.720E-1	9.127E-5
3.189E+0	9.660E-1	8.792E-5
3.265E+0	9.600E-1	8.433E-5
3.341E+0	9.540E-1	8.103E-5
3.418E+0	9.480E-1	7.768E-5
3.494E+0	9.420E-1	7.465E-5
3.570E+0	9.360E-1	7.138E-5
3.646E+0	9.300E-1	6.848E-5
3.723E+0	9.240E-1	6.541E-5
3.799E+0	9.180E-1	6.258E-5
3.875E+0	9.120E-1	5.957E-5
3.951E+0	9.060E-1	5.680E-5
4.027E+0	9.000E-1	5.377E-5
4.104E+0	8.940E-1	5.109E-5
4.180E+0	8.880E-1	4.813E-5
4.256E+0	8.820E-1	4.545E-5
4.335E+0	8.760E-1	4.249E-5
4.409E+0	8.700E-1	3.984E-5
4.485E+0	8.640E-1	3.698E-5
4.561E+0	8.580E-1	3.417E-5
4.638E+0	8.520E-1	3.156E-5
4.714E+0	8.460E-1	2.873E-5
4.790E+0	8.400E-1	2.613E-5
4.866E+0	8.340E-1	2.333E-5
4.943E+0	8.280E-1	2.082E-5
5.019E+0	8.220E-1	1.803E-5
5.095E+0	8.160E-1	1.550E-5
5.171E+0	8.100E-1	1.271E-5
5.247E+0	8.040E-1	1.020E-5
5.323E+0	7.980E-1	8.910E-6
5.463E+0	7.920E-1	5.394E-6
5.551E+0	7.860E-1	2.464E-6
5.627E+0	7.800E-1	2.093E-6
5.896E+0	7.740E-1	-1.595E-6
5.979E+0	7.680E-1	-4.227E-6
6.060E+0	7.620E-1	-7.214E-6
6.147E+0	7.560E-1	-9.843E-6
6.224E+0	7.500E-1	-1.066E-5
6.419E+0	7.440E-1	-1.382E-5
6.493E+0	7.380E-1	-1.634E-5
6.566E+0	7.320E-1	-1.892E-5
6.640E+0	7.260E-1	-2.112E-5
6.714E+0	7.200E-1	-2.352E-5
6.788E+0	7.140E-1	-2.568E-5
6.862E+0	7.080E-1	-2.797E-5
6.936E+0	7.020E-1	-3.005E-5
7.009E+0	6.960E-1	-3.231E-5
7.083E+0	6.900E-1	-3.426E-5
7.157E+0	6.840E-1	-3.631E-5
7.231E+0	6.780E-1	-3.823E-5
7.305E+0	6.720E-1	-4.026E-5
7.379E+0	6.660E-1	-4.205E-5
7.453E+0	6.600E-1	-4.394E-5
7.527E+0	6.540E-1	-4.561E-5
7.601E+0	6.480E-1	-4.736E-5
7.675E+0	6.420E-1	-4.905E-5
7.749E+0	6.360E-1	-5.054E-5
7.822E+0	6.300E-1	-5.218E-5
7.896E+0	6.240E-1	-5.348E-5
7.973E+0	6.180E-1	-5.496E-5
8.049E+0	6.120E-1	-5.617E-5
8.125E+0	6.060E-1	-5.749E-5
8.201E+0	6.000E-1	-5.863E-5
8.277E+0	5.940E-1	-5.989E-5
8.353E+0	5.880E-1	-6.087E-5
8.429E+0	5.820E-1	-6.196E-5
8.505E+0	5.760E-1	-6.300E-5
8.582E+0	5.700E-1	-6.397E-5
8.658E+0	5.640E-1	-6.485E-5
8.734E+0	5.580E-1	-6.584E-5
8.810E+0	5.520E-1	-6.670E-5
8.886E+0	5.460E-1	-6.758E-5
8.962E+0	5.400E-1	-6.845E-5
9.038E+0	5.340E-1	-6.925E-5
9.115E+0	5.280E-1	-7.013E-5
9.191E+0	5.220E-1	-7.082E-5
9.267E+0	5.160E-1	-7.168E-5
9.343E+0	5.100E-1	-7.236E-5
9.419E+0	5.040E-1	-7.328E-5
9.495E+0	4.980E-1	-7.385E-5
9.571E+0	4.920E-1	-7.470E-5
9.648E+0	4.860E-1	-7.531E-5
9.724E+0	4.800E-1	-7.614E-5
9.800E+0	4.740E-1	-7.687E-5
9.876E+0	4.680E-1	-7.762E-5
9.953E+0	4.620E-1	-7.830E-5
1.003E+1	4.560E-1	-7.908E-5
1.011E+1	4.500E-1	-7.968E-5
1.018E+1	4.440E-1	-8.037E-5
1.026E+1	4.380E-1	-8.103E-5
1.033E+1	4.320E-1	-8.165E-5
1.041E+1	4.260E-1	-8.241E-5
1.049E+1	4.200E-1	-8.294E-5
1.056E+1	4.140E-1	-8.366E-5
1.064E+1	4.080E-1	-8.427E-5
1.071E+1	4.020E-1	-8.490E-5
1.079E+1	3.960E-1	-8.554E-5
1.087E+1	3.900E-1	-8.614E-5
1.094E+1	3.840E-1	-8.669E-5
1.102E+1	3.780E-1	-8.727E-5
1.110E+1	3.720E-1	-8.778E-5
1.117E+1	3.660E-1	-8.846E-5
1.125E+1	3.600E-1	-8.890E-5
1.132E+1	3.540E-1	-8.949E-5
1.140E+1	3.480E-1	-8.996E-5
1.148E+1	3.420E-1	-9.049E-5
1.155E+1	3.360E-1	-9.088E-5
1.163E+1	3.300E-1	-9.134E-5
1.171E+1	3.240E-1	-9.176E-5
1.178E+1	3.180E-1	-9.223E-5
1.186E+1	3.120E-1	-9.254E-5
1.193E+1	3.060E-1	-9.298E-5
1.201E+1	3.000E-1	-9.327E-5
1.209E+1	2.940E-1	-9.360E-5
1.216E+1	2.880E-1	-9.392E-5
1.224E+1	2.820E-1	-9.410E-5
1.231E+1	2.760E-1	-9.445E-5
1.239E+1	2.700E-1	-9.469E-5
1.247E+1	2.640E-1	-9.494E-5
1.254E+1	2.580E-1	-9.512E-5
1.262E+1	2.520E-1	-9.537E-5
1.270E+1	2.460E-1	-9.557E-5
1.277E+1	2.400E-1	-9.578E-5
1.285E+1	2.340E-1	-9.579E-5
1.292E+1	2.280E-1	-9.596E-5
1.300E+1	2.220E-1	-9.616E-5
1.308E+1	2.160E-1	-9.622E-5
1.315E+1	2.100E-1	-9.643E-5
1.323E+1	2.040E-1	-9.651E-5
1.330E+1	1.980E-1	-9.663E-5
1.338E+1	1.920E-1	-9.665E-5
1.346E+1	1.860E-1	-9.678E-5
1.353E+1	1.800E-1	-9.683E-5
1.361E+1	1.740E-1	-9.686E-5
1.369E+1	1.680E-1	-9.685E-5
1.376E+1	1.620E-1	-9.699E-5
1.384E+1	1.560E-1	-9.701E-5
1.391E+1	1.500E-1	-9.710E-5
1.399E+1	1.440E-1	-9.711E-5
1.407E+1	1.380E-1	-9.706E-5
1.414E+1	1.320E-1	-9.713E-5
1.422E+1	1.260E-1	-9.722E-5
1.430E+1	1.200E-1	-9.717E-5
1.437E+1	1.140E-1	-9.724E-5
1.445E+1	1.080E-1	-9.732E-5
1.452E+1	1.020E-1	-9.732E-5
1.460E+1	9.600E-2	-9.733E-5
1.468E+1	9.000E-2	-9.733E-5
1.475E+1	8.400E-2	-9.742E-5
1.483E+1	7.800E-2	-9.739E-5
1.491E+1	7.200E-2	-9.747E-5
1.498E+1	6.600E-2	-9.749E-5
1.506E+1	6.000E-2	-9.752E-5
1.513E+1	5.400E-2	-9.754E-5
1.521E+1	4.800E-2	-9.758E-5
1.529E+1	4.200E-2	-9.758E-5
1.537E+1	3.600E-2	-9.765E-5
1.544E+1	3.000E-2	-9.767E-5
1.552E+1	2.400E-2	-9.760E-5
1.559E+1	1.800E-2	-9.766E-5
1.567E+1	1.200E-2	-9.775E-5
1.575E+1	6.000E-3	-9.771E-5
1.582E+1	-1.039E-15	-9.783E-5
