1.240E-1	1.200E+0	5.996E-4
2.640E-1	1.194E+0	6.221E-4
3.370E-1	1.188E+0	5.506E-4
4.110E-1	1.182E+0	4.708E-4
4.840E-1	1.176E+0	3.997E-4
5.580E-1	1.170E+0	3.409E-4
6.310E-1	1.164E+0	2.913E-4
7.050E-1	1.158E+0	2.515E-4
7.780E-1	1.152E+0	2.180E-4
8.520E-1	1.146E+0	1.903E-4
9.250E-1	1.140E+0	1.666E-4
9.990E-1	1.134E+0	1.469E-4
1.072E+0	1.128E+0	1.302E-4
1.146E+0	1.122E+0	1.165E-4
1.219E+0	1.116E+0	1.038E-4
1.292E+0	1.110E+0	8.972E-5
1.431E+0	1.104E+0	8.177E-5
1.507E+0	1.098E+0	7.431E-5
1.582E+0	1.092E+0	6.799E-5
1.658E+0	1.086E+0	6.176E-5
1.734E+0	1.080E+0	5.631E-5
1.809E+0	1.074E+0	5.194E-5
1.885E+0	1.068E+0	4.810E-5
1.961E+0	1.062E+0	4.420E-5
2.036E+0	1.056E+0	4.082E-5
2.112E+0	1.050E+0	3.726E-5
2.187E+0	1.044E+0	3.461E-5
2.263E+0	1.038E+0	3.209E-5
2.338E+0	1.032E+0	2.981E-5
2.414E+0	1.026E+0	2.757E-5
2.490E+0	1.020E+0	2.563E-5
2.565E+0	1.014E+0	2.382E-5
2.641E+0	1.008E+0	2.249E-5
2.716E+0	1.002E+0	2.083E-5
2.791E+0	9.960E-1	1.952E-5
2.868E+0	9.900E-1	1.824E-5
2.944E+0	9.840E-1	1.706E-5
3.020E+0	9.780E-1	1.594E-5
3.096E+0	9.720E-1	1.497E-5
3.172E+0	9.660E-1	1.403E-5
3.248E+0	9.600E-1	1.308E-5
3.324E+0	9.540E-1	1.278E-5
3.400E+0	9.480E-1	1.187E-5
3.476E+0	9.420E-1	1.082E-5
3.552E+0	9.360E-1	1.034E-5
3.628E+0	9.300E-1	9.777E-6
3.767E+0	9.240E-1	9.367E-6
3.849E+0	9.180E-1	8.827E-6
3.939E+0	9.120E-1	8.349E-6
4.015E+0	9.060E-1	7.840E-6
4.091E+0	9.000E-1	7.554E-6
4.167E+0	8.940E-1	7.232E-6
4.243E+0	8.880E-1	6.839E-6
4.319E+0	8.820E-1	6.537E-6
4.395E+0	8.760E-1	6.149E-6
4.471E+0	8.700E-1	5.804E-6
4.548E+0	8.640E-1	5.604E-6
4.624E+0	8.580E-1	5.376E-6
4.700E+0	8.520E-1	5.392E-6
4.776E+0	8.460E-1	4.993E-6
4.852E+0	8.400E-1	4.627E-6
4.928E+0	8.340E-1	4.370E-6
5.005E+0	8.280E-1	4.020E-6
5.080E+0	8.220E-1	3.720E-6
5.156E+0	8.160E-1	3.592E-6
5.232E+0	8.100E-1	3.424E-6
5.308E+0	8.040E-1	3.252E-6
5.384E+0	7.980E-1	3.123E-6
5.461E+0	7.920E-1	3.055E-6
5.536E+0	7.860E-1	2.985E-6
5.613E+0	7.800E-1	2.707E-6
5.689E+0	7.740E-1	2.640E-6
5.765E+0	7.680E-1	2.523E-6
5.841E+0	7.620E-1	2.449E-6
5.917E+0	7.560E-1	2.325E-6
5.993E+0	7.500E-1	2.217E-6
6.069E+0	7.440E-1	2.135E-6
6.145E+0	7.380E-1	1.979E-6
6.221E+0	7.320E-1	1.876E-6
6.297E+0	7.260E-1	1.846E-6
6.377E+0	7.200E-1	1.707E-6
6.450E+0	7.140E-1	1.719E-6
6.525E+0	7.080E-1	1.586E-6
6.600E+0	7.020E-1	1.515E-6
6.675E+0	6.960E-1	1.465E-6
6.751E+0	6.900E-1	1.403E-6
6.827E+0	6.840E-1	1.313E-6
6.903E+0	6.780E-1	1.307E-6
6.979E+0	6.720E-1	1.233E-6
7.055E+0	6.660E-1	1.506E-6
7.131E+0	6.600E-1	1.320E-6
7.207E+0	6.540E-1	1.183E-6
7.283E+0	6.480E-1	1.257E-6
7.359E+0	6.420E-1	1.151E-6
7.435E+0	6.360E-1	1.155E-6
7.511E+0	6.300E-1	1.097E-6
7.587E+0	6.240E-1	9.012E-7
7.733E+0	6.180E-1	7.499E-7
7.809E+0	6.120E-1	7.212E-7
7.885E+0	6.060E-1	7.279E-7
7.961E+0	6.000E-1	6.522E-7
8.037E+0	5.940E-1	5.922E-7
8.113E+0	5.880E-1	5.593E-7
8.189E+0	5.820E-1	6.132E-7
8.265E+0	5.760E-1	5.305E-7
8.341E+0	5.700E-1	5.061E-7
8.417E+0	5.640E-1	6.005E-7
8.493E+0	5.580E-1	6.229E-7
8.569E+0	5.520E-1	6.181E-7
8.645E+0	5.460E-1	4.993E-7
8.721E+0	5.400E-1	4.384E-7
8.797E+0	5.340E-1	4.180E-7
8.873E+0	5.280E-1	3.999E-7
8.949E+0	5.220E-1	4.143E-7
9.025E+0	5.160E-1	4.335E-7
9.101E+0	5.100E-1	4.759E-7
9.177E+0	5.040E-1	4.922E-7
9.253E+0	4.980E-1	4.685E-7
9.330E+0	4.920E-1	5.694E-7
9.406E+0	4.860E-1	5.570E-7
9.482E+0	4.800E-1	4.824E-7
9.558E+0	4.740E-1	4.633E-7
9.634E+0	4.680E-1	5.555E-7
9.710E+0	4.620E-1	5.082E-7
9.787E+0	4.560E-1	4.896E-7
9.863E+0	4.500E-1	5.771E-7
9.939E+0	4.440E-1	5.134E-7
1.002E+1	4.380E-1	4.268E-7
1.009E+1	4.320E-1	3.125E-7
1.017E+1	4.260E-1	4.084E-7
1.024E+1	4.200E-1	4.199E-7
1.032E+1	4.140E-1	4.845E-7
1.039E+1	4.080E-1	5.035E-7
1.047E+1	4.020E-1	5.648E-7
1.055E+1	3.960E-1	5.491E-7
1.062E+1	3.900E-1	5.131E-7
1.070E+1	3.840E-1	5.323E-7
1.078E+1	3.780E-1	5.118E-7
1.085E+1	3.720E-1	5.630E-7
1.093E+1	3.660E-1	5.887E-7
1.100E+1	3.600E-1	6.684E-7
1.108E+1	3.540E-1	7.500E-7
1.116E+1	3.480E-1	5.950E-7
1.123E+1	3.420E-1	6.031E-7
1.131E+1	3.360E-1	5.985E-7
1.138E+1	3.300E-1	5.777E-7
1.146E+1	3.240E-1	5.696E-7
1.154E+1	3.180E-1	5.270E-7
1.161E+1	3.120E-1	5.320E-7
1.169E+1	3.060E-1	4.244E-7
1.177E+1	3.000E-1	2.819E-7
1.184E+1	2.940E-1	6.197E-7
1.192E+1	2.880E-1	3.852E-7
1.199E+1	2.820E-1	3.531E-7
1.207E+1	2.760E-1	3.632E-7
1.214E+1	2.700E-1	3.668E-7
1.222E+1	2.640E-1	3.166E-7
1.230E+1	2.580E-1	3.186E-7
1.237E+1	2.520E-1	3.370E-7
1.245E+1	2.460E-1	3.651E-7
1.253E+1	2.400E-1	3.396E-7
1.260E+1	2.340E-1	3.305E-7
1.268E+1	2.280E-1	3.181E-7
1.275E+1	2.220E-1	2.659E-7
1.283E+1	2.160E-1	4.258E-7
1.291E+1	2.100E-1	2.749E-7
1.298E+1	2.040E-1	2.608E-7
1.306E+1	1.980E-1	4.592E-7
1.313E+1	1.920E-1	3.153E-7
1.321E+1	1.860E-1	2.889E-7
1.329E+1	1.800E-1	2.841E-7
1.336E+1	1.740E-1	2.351E-7
1.344E+1	1.680E-1	2.370E-7
1.352E+1	1.620E-1	2.454E-7
1.359E+1	1.560E-1	2.069E-7
1.367E+1	1.500E-1	2.098E-7
1.374E+1	1.440E-1	2.038E-7
1.382E+1	1.380E-1	1.835E-7
1.389E+1	1.320E-1	1.974E-7
1.397E+1	1.260E-1	1.886E-7
1.405E+1	1.200E-1	2.426E-7
1.412E+1	1.140E-1	2.417E-7
1.420E+1	1.080E-1	2.188E-7
1.428E+1	1.020E-1	2.382E-7
1.435E+1	9.600E-2	2.060E-7
1.443E+1	9.000E-2	2.026E-7
1.450E+1	8.400E-2	1.677E-7
1.458E+1	7.800E-2	1.414E-7
1.466E+1	7.200E-2	1.357E-7
1.473E+1	6.600E-2	1.227E-7
1.481E+1	6.000E-2	8.465E-8
1.488E+1	5.400E-2	7.109E-8
1.496E+1	4.800E-2	5.361E-8
1.504E+1	4.200E-2	-9.209E-9
1.511E+1	3.600E-2	-1.211E-8
1.519E+1	3.000E-2	-3.209E-8
1.527E+1	2.400E-2	-4.893E-8
1.534E+1	1.800E-2	-6.915E-8
1.542E+1	1.200E-2	-8.430E-8
1.549E+1	6.000E-3	-1.003E-7
1.557E+1	-1.039E-15	-1.160E-7
