1.230E-1	1.200E+0	4.499E-4
2.630E-1	1.194E+0	5.494E-4
3.360E-1	1.188E+0	5.685E-4
4.100E-1	1.182E+0	5.592E-4
4.830E-1	1.176E+0	5.359E-4
5.560E-1	1.170E+0	5.095E-4
6.290E-1	1.164E+0	4.819E-4
7.030E-1	1.158E+0	4.550E-4
7.760E-1	1.152E+0	4.281E-4
8.490E-1	1.146E+0	4.035E-4
9.220E-1	1.140E+0	3.794E-4
9.960E-1	1.134E+0	3.580E-4
1.069E+0	1.128E+0	3.372E-4
1.142E+0	1.122E+0	3.183E-4
1.216E+0	1.116E+0	3.002E-4
1.289E+0	1.110E+0	2.840E-4
1.362E+0	1.104E+0	2.685E-4
1.436E+0	1.098E+0	2.547E-4
1.511E+0	1.092E+0	2.408E-4
1.587E+0	1.086E+0	2.284E-4
1.662E+0	1.080E+0	2.179E-4
1.738E+0	1.074E+0	2.063E-4
1.813E+0	1.068E+0	1.965E-4
1.889E+0	1.062E+0	1.871E-4
1.964E+0	1.056E+0	1.787E-4
2.039E+0	1.050E+0	1.703E-4
2.115E+0	1.044E+0	1.629E-4
2.190E+0	1.038E+0	1.559E-4
2.265E+0	1.032E+0	1.494E-4
2.341E+0	1.026E+0	1.430E-4
2.416E+0	1.020E+0	1.376E-4
2.492E+0	1.014E+0	1.312E-4
2.567E+0	1.008E+0	1.269E-4
2.642E+0	1.002E+0	1.216E-4
2.717E+0	9.960E-1	1.167E-4
2.793E+0	9.900E-1	1.126E-4
2.869E+0	9.840E-1	1.097E-4
2.945E+0	9.780E-1	1.054E-4
3.021E+0	9.720E-1	1.001E-4
3.096E+0	9.660E-1	9.735E-5
3.232E+0	9.600E-1	9.296E-5
3.313E+0	9.540E-1	8.904E-5
3.394E+0	9.480E-1	8.525E-5
3.482E+0	9.420E-1	8.188E-5
3.558E+0	9.360E-1	7.834E-5
3.634E+0	9.300E-1	7.522E-5
3.710E+0	9.240E-1	7.195E-5
3.786E+0	9.180E-1	6.890E-5
3.862E+0	9.120E-1	6.563E-5
3.938E+0	9.060E-1	6.278E-5
4.014E+0	9.000E-1	5.956E-5
4.090E+0	8.940E-1	5.652E-5
4.166E+0	8.880E-1	5.336E-5
4.242E+0	8.820E-1	5.059E-5
4.318E+0	8.760E-1	4.754E-5
4.394E+0	8.700E-1	4.470E-5
4.470E+0	8.640E-1	4.137E-5
4.546E+0	8.580E-1	3.850E-5
4.622E+0	8.520E-1	3.570E-5
4.698E+0	8.460E-1	3.281E-5
4.774E+0	8.400E-1	2.982E-5
4.850E+0	8.340E-1	2.691E-5
4.926E+0	8.280E-1	2.443E-5
5.002E+0	8.220E-1	2.164E-5
5.077E+0	8.160E-1	1.884E-5
5.154E+0	8.100E-1	1.613E-5
5.229E+0	8.040E-1	1.334E-5
5.305E+0	7.980E-1	1.050E-5
5.381E+0	7.920E-1	8.921E-6
5.521E+0	7.860E-1	5.273E-6
5.608E+0	7.800E-1	3.113E-6
5.684E+0	7.740E-1	2.058E-6
5.952E+0	7.680E-1	-1.100E-6
6.034E+0	7.620E-1	-4.065E-6
6.116E+0	7.560E-1	-6.701E-6
6.202E+0	7.500E-1	-9.390E-6
6.278E+0	7.440E-1	-1.099E-5
6.473E+0	7.380E-1	-1.392E-5
6.547E+0	7.320E-1	-1.660E-5
6.620E+0	7.260E-1	-1.884E-5
6.694E+0	7.200E-1	-2.107E-5
6.767E+0	7.140E-1	-2.368E-5
6.841E+0	7.080E-1	-2.624E-5
6.914E+0	7.020E-1	-2.834E-5
6.988E+0	6.960E-1	-3.081E-5
7.062E+0	6.900E-1	-3.295E-5
7.136E+0	6.840E-1	-3.533E-5
7.209E+0	6.780E-1	-3.721E-5
7.283E+0	6.720E-1	-3.953E-5
7.356E+0	6.660E-1	-4.129E-5
7.430E+0	6.600E-1	-4.359E-5
7.504E+0	6.540E-1	-4.540E-5
7.577E+0	6.480E-1	-4.735E-5
7.651E+0	6.420E-1	-4.940E-5
7.725E+0	6.360E-1	-5.170E-5
7.798E+0	6.300E-1	-5.378E-5
7.872E+0	6.240E-1	-5.546E-5
7.945E+0	6.180E-1	-5.732E-5
8.019E+0	6.120E-1	-5.880E-5
8.092E+0	6.060E-1	-6.017E-5
8.166E+0	6.000E-1	-6.184E-5
8.241E+0	5.940E-1	-6.361E-5
8.317E+0	5.880E-1	-6.509E-5
8.393E+0	5.820E-1	-6.698E-5
8.469E+0	5.760E-1	-6.851E-5
8.545E+0	5.700E-1	-6.997E-5
8.621E+0	5.640E-1	-7.152E-5
8.697E+0	5.580E-1	-7.279E-5
8.773E+0	5.520E-1	-7.389E-5
8.849E+0	5.460E-1	-7.539E-5
8.925E+0	5.400E-1	-7.679E-5
9.001E+0	5.340E-1	-7.788E-5
9.076E+0	5.280E-1	-7.913E-5
9.152E+0	5.220E-1	-8.030E-5
9.228E+0	5.160E-1	-8.151E-5
9.304E+0	5.100E-1	-8.251E-5
9.380E+0	5.040E-1	-8.363E-5
9.456E+0	4.980E-1	-8.460E-5
9.532E+0	4.920E-1	-8.569E-5
9.608E+0	4.860E-1	-8.658E-5
9.684E+0	4.800E-1	-8.764E-5
9.760E+0	4.740E-1	-8.857E-5
9.836E+0	4.680E-1	-8.947E-5
9.912E+0	4.620E-1	-9.010E-5
9.988E+0	4.560E-1	-9.097E-5
1.006E+1	4.500E-1	-9.174E-5
1.014E+1	4.440E-1	-9.255E-5
1.021E+1	4.380E-1	-9.354E-5
1.029E+1	4.320E-1	-9.458E-5
1.037E+1	4.260E-1	-9.521E-5
1.044E+1	4.200E-1	-9.568E-5
1.052E+1	4.140E-1	-9.647E-5
1.060E+1	4.080E-1	-9.701E-5
1.067E+1	4.020E-1	-9.764E-5
1.075E+1	3.960E-1	-9.814E-5
1.082E+1	3.900E-1	-9.868E-5
1.090E+1	3.840E-1	-9.919E-5
1.097E+1	3.780E-1	-9.967E-5
1.105E+1	3.720E-1	-1.001E-4
1.113E+1	3.660E-1	-1.005E-4
1.120E+1	3.600E-1	-1.009E-4
1.128E+1	3.540E-1	-1.015E-4
1.135E+1	3.480E-1	-1.018E-4
1.143E+1	3.420E-1	-1.024E-4
1.151E+1	3.360E-1	-1.026E-4
1.158E+1	3.300E-1	-1.030E-4
1.166E+1	3.240E-1	-1.033E-4
1.173E+1	3.180E-1	-1.038E-4
1.181E+1	3.120E-1	-1.040E-4
1.188E+1	3.060E-1	-1.043E-4
1.196E+1	3.000E-1	-1.047E-4
1.204E+1	2.940E-1	-1.049E-4
1.212E+1	2.880E-1	-1.050E-4
1.219E+1	2.820E-1	-1.050E-4
1.227E+1	2.760E-1	-1.050E-4
1.235E+1	2.700E-1	-1.089E-4
1.254E+1	2.640E-1	-1.053E-4
1.261E+1	2.580E-1	-1.053E-4
1.269E+1	2.520E-1	-1.056E-4
1.276E+1	2.460E-1	-1.056E-4
1.283E+1	2.400E-1	-1.058E-4
1.290E+1	2.340E-1	-1.060E-4
1.298E+1	2.280E-1	-1.062E-4
1.305E+1	2.220E-1	-1.063E-4
1.312E+1	2.160E-1	-1.064E-4
1.320E+1	2.100E-1	-1.067E-4
1.327E+1	2.040E-1	-1.067E-4
1.335E+1	1.980E-1	-1.069E-4
1.342E+1	1.920E-1	-1.069E-4
1.349E+1	1.860E-1	-1.071E-4
1.357E+1	1.800E-1	-1.072E-4
1.364E+1	1.740E-1	-1.074E-4
1.371E+1	1.680E-1	-1.074E-4
1.379E+1	1.620E-1	-1.075E-4
1.387E+1	1.560E-1	-1.074E-4
1.394E+1	1.500E-1	-1.075E-4
1.402E+1	1.440E-1	-1.075E-4
1.409E+1	1.380E-1	-1.077E-4
1.417E+1	1.320E-1	-1.077E-4
1.424E+1	1.260E-1	-1.077E-4
1.432E+1	1.200E-1	-1.077E-4
1.440E+1	1.140E-1	-1.079E-4
1.447E+1	1.080E-1	-1.079E-4
1.455E+1	1.020E-1	-1.081E-4
1.462E+1	9.600E-2	-1.082E-4
1.470E+1	9.000E-2	-1.082E-4
1.478E+1	8.400E-2	-1.084E-4
1.485E+1	7.800E-2	-1.084E-4
1.493E+1	7.200E-2	-1.086E-4
1.500E+1	6.600E-2	-1.087E-4
1.508E+1	6.000E-2	-1.089E-4
1.516E+1	5.400E-2	-1.089E-4
1.523E+1	4.800E-2	-1.091E-4
1.531E+1	4.200E-2	-1.092E-4
1.538E+1	3.600E-2	-1.093E-4
1.546E+1	3.000E-2	-1.094E-4
1.554E+1	2.400E-2	-1.096E-4
1.561E+1	1.800E-2	-1.097E-4
1.569E+1	1.200E-2	-1.100E-4
1.576E+1	6.000E-3	-1.101E-4
1.584E+1	-1.039E-15	-1.103E-4
