1.240E-1	1.200E+0	5.414E-4
2.640E-1	1.194E+0	5.509E-4
3.370E-1	1.188E+0	4.831E-4
4.100E-1	1.182E+0	4.015E-4
4.840E-1	1.176E+0	3.433E-4
5.570E-1	1.170E+0	3.063E-4
6.300E-1	1.164E+0	2.646E-4
7.040E-1	1.158E+0	2.390E-4
7.770E-1	1.152E+0	2.188E-4
8.500E-1	1.146E+0	2.028E-4
9.240E-1	1.140E+0	1.905E-4
9.970E-1	1.134E+0	1.806E-4
1.071E+0	1.128E+0	1.646E-4
1.144E+0	1.122E+0	1.608E-4
1.217E+0	1.116E+0	1.523E-4
1.291E+0	1.110E+0	1.474E-4
1.364E+0	1.104E+0	1.359E-4
1.438E+0	1.098E+0	1.330E-4
1.511E+0	1.092E+0	1.299E-4
1.584E+0	1.086E+0	1.213E-4
1.659E+0	1.080E+0	1.180E-4
1.735E+0	1.074E+0	1.138E-4
1.810E+0	1.068E+0	1.138E-4
1.886E+0	1.062E+0	1.071E-4
1.961E+0	1.056E+0	1.067E-4
2.037E+0	1.050E+0	1.061E-4
2.112E+0	1.044E+0	9.891E-5
2.247E+0	1.038E+0	9.723E-5
2.328E+0	1.032E+0	9.406E-5
2.416E+0	1.026E+0	9.140E-5
2.491E+0	1.020E+0	8.897E-5
2.567E+0	1.014E+0	8.993E-5
2.642E+0	1.008E+0	8.284E-5
2.718E+0	1.002E+0	8.105E-5
2.793E+0	9.960E-1	8.541E-5
2.870E+0	9.900E-1	8.161E-5
2.946E+0	9.840E-1	7.912E-5
3.022E+0	9.780E-1	8.051E-5
3.098E+0	9.720E-1	7.798E-5
3.174E+0	9.660E-1	7.536E-5
3.250E+0	9.600E-1	7.233E-5
3.326E+0	9.540E-1	7.036E-5
3.402E+0	9.480E-1	7.029E-5
3.478E+0	9.420E-1	6.752E-5
3.554E+0	9.360E-1	6.860E-5
3.630E+0	9.300E-1	7.026E-5
3.706E+0	9.240E-1	6.826E-5
3.782E+0	9.180E-1	6.570E-5
3.858E+0	9.120E-1	6.870E-5
3.934E+0	9.060E-1	7.124E-5
4.010E+0	9.000E-1	6.846E-5
4.086E+0	8.940E-1	6.624E-5
4.162E+0	8.880E-1	6.630E-5
4.238E+0	8.820E-1	6.685E-5
4.314E+0	8.760E-1	6.457E-5
4.390E+0	8.700E-1	6.285E-5
4.466E+0	8.640E-1	6.292E-5
4.542E+0	8.580E-1	6.238E-5
4.618E+0	8.520E-1	6.232E-5
4.694E+0	8.460E-1	5.941E-5
4.769E+0	8.400E-1	5.810E-5
4.846E+0	8.340E-1	6.051E-5
4.921E+0	8.280E-1	5.627E-5
4.997E+0	8.220E-1	5.387E-5
5.073E+0	8.160E-1	5.321E-5
5.149E+0	8.100E-1	5.436E-5
5.225E+0	8.040E-1	5.350E-5
5.301E+0	7.980E-1	5.577E-5
5.377E+0	7.920E-1	5.404E-5
5.453E+0	7.860E-1	5.244E-5
5.529E+0	7.800E-1	5.111E-5
5.605E+0	7.740E-1	5.284E-5
5.681E+0	7.680E-1	5.448E-5
5.757E+0	7.620E-1	5.178E-5
5.833E+0	7.560E-1	5.080E-5
5.909E+0	7.500E-1	4.916E-5
5.988E+0	7.440E-1	5.030E-5
6.061E+0	7.380E-1	4.849E-5
6.137E+0	7.320E-1	4.688E-5
6.213E+0	7.260E-1	4.432E-5
6.289E+0	7.200E-1	4.633E-5
6.365E+0	7.140E-1	4.459E-5
6.441E+0	7.080E-1	4.468E-5
6.517E+0	7.020E-1	4.664E-5
6.592E+0	6.960E-1	4.570E-5
6.668E+0	6.900E-1	4.303E-5
6.745E+0	6.840E-1	4.272E-5
6.821E+0	6.780E-1	4.189E-5
6.897E+0	6.720E-1	4.175E-5
6.973E+0	6.660E-1	4.124E-5
7.049E+0	6.600E-1	4.155E-5
7.125E+0	6.540E-1	4.306E-5
7.201E+0	6.480E-1	4.008E-5
7.276E+0	6.420E-1	3.971E-5
7.352E+0	6.360E-1	3.957E-5
7.428E+0	6.300E-1	3.874E-5
7.504E+0	6.240E-1	3.815E-5
7.580E+0	6.180E-1	3.866E-5
7.656E+0	6.120E-1	3.767E-5
7.732E+0	6.060E-1	3.675E-5
7.808E+0	6.000E-1	3.588E-5
7.883E+0	5.940E-1	3.481E-5
7.959E+0	5.880E-1	3.518E-5
8.035E+0	5.820E-1	3.562E-5
8.111E+0	5.760E-1	3.530E-5
8.187E+0	5.700E-1	3.376E-5
8.263E+0	5.640E-1	3.318E-5
8.339E+0	5.580E-1	3.378E-5
8.415E+0	5.520E-1	3.369E-5
8.491E+0	5.460E-1	3.365E-5
8.567E+0	5.400E-1	3.293E-5
8.642E+0	5.340E-1	3.158E-5
8.718E+0	5.280E-1	3.203E-5
8.794E+0	5.220E-1	3.212E-5
8.870E+0	5.160E-1	3.079E-5
8.946E+0	5.100E-1	3.013E-5
9.022E+0	5.040E-1	2.988E-5
9.098E+0	4.980E-1	2.954E-5
9.174E+0	4.920E-1	2.879E-5
9.250E+0	4.860E-1	2.879E-5
9.326E+0	4.800E-1	2.835E-5
9.402E+0	4.740E-1	2.760E-5
9.478E+0	4.680E-1	2.713E-5
9.554E+0	4.620E-1	2.742E-5
9.630E+0	4.560E-1	2.714E-5
9.706E+0	4.500E-1	2.666E-5
9.782E+0	4.440E-1	2.665E-5
9.858E+0	4.380E-1	2.601E-5
9.934E+0	4.320E-1	2.583E-5
1.001E+1	4.260E-1	2.590E-5
1.009E+1	4.200E-1	2.535E-5
1.016E+1	4.140E-1	2.395E-5
1.024E+1	4.080E-1	2.468E-5
1.031E+1	4.020E-1	2.358E-5
1.039E+1	3.960E-1	2.311E-5
1.046E+1	3.900E-1	2.281E-5
1.054E+1	3.840E-1	2.254E-5
1.062E+1	3.780E-1	2.207E-5
1.069E+1	3.720E-1	2.175E-5
1.077E+1	3.660E-1	2.158E-5
1.085E+1	3.600E-1	2.129E-5
1.092E+1	3.540E-1	2.076E-5
1.100E+1	3.480E-1	2.019E-5
1.107E+1	3.420E-1	2.014E-5
1.115E+1	3.360E-1	2.000E-5
1.122E+1	3.300E-1	1.946E-5
1.130E+1	3.240E-1	1.917E-5
1.138E+1	3.180E-1	1.875E-5
1.145E+1	3.120E-1	1.972E-5
1.153E+1	3.060E-1	1.799E-5
1.161E+1	3.000E-1	1.724E-5
1.168E+1	2.940E-1	1.715E-5
1.176E+1	2.880E-1	1.749E-5
1.183E+1	2.820E-1	1.651E-5
1.191E+1	2.760E-1	1.604E-5
1.198E+1	2.700E-1	1.572E-5
1.206E+1	2.640E-1	1.548E-5
1.214E+1	2.580E-1	1.537E-5
1.221E+1	2.520E-1	1.491E-5
1.229E+1	2.460E-1	1.458E-5
1.236E+1	2.400E-1	1.396E-5
1.244E+1	2.340E-1	1.371E-5
1.252E+1	2.280E-1	1.332E-5
1.259E+1	2.220E-1	1.295E-5
1.267E+1	2.160E-1	1.264E-5
1.274E+1	2.100E-1	1.228E-5
1.282E+1	2.040E-1	1.196E-5
1.289E+1	1.980E-1	1.157E-5
1.297E+1	1.920E-1	1.123E-5
1.305E+1	1.860E-1	1.096E-5
1.312E+1	1.800E-1	1.063E-5
1.320E+1	1.740E-1	1.016E-5
1.328E+1	1.680E-1	1.003E-5
1.335E+1	1.620E-1	9.656E-6
1.349E+1	1.560E-1	9.302E-6
1.358E+1	1.500E-1	9.015E-6
1.365E+1	1.440E-1	8.618E-6
1.373E+1	1.380E-1	8.320E-6
1.380E+1	1.320E-1	7.896E-6
1.388E+1	1.260E-1	7.540E-6
1.396E+1	1.200E-1	6.996E-6
1.403E+1	1.140E-1	6.685E-6
1.411E+1	1.080E-1	6.316E-6
1.419E+1	1.020E-1	5.921E-6
1.426E+1	9.600E-2	5.606E-6
1.434E+1	9.000E-2	5.204E-6
1.441E+1	8.400E-2	4.879E-6
1.449E+1	7.800E-2	4.596E-6
1.456E+1	7.200E-2	4.680E-6
1.464E+1	6.600E-2	3.944E-6
1.472E+1	6.000E-2	3.492E-6
1.479E+1	5.400E-2	3.183E-6
1.487E+1	4.800E-2	2.815E-6
1.495E+1	4.200E-2	2.424E-6
1.502E+1	3.600E-2	2.075E-6
1.510E+1	3.000E-2	1.703E-6
1.517E+1	2.400E-2	1.339E-6
1.525E+1	1.800E-2	9.909E-7
1.540E+1	1.200E-2	5.810E-7
1.547E+1	6.000E-3	2.138E-7
1.555E+1	-1.039E-15	-1.755E-7
