1.250E-1	1.200E+0	3.193E-4
2.650E-1	1.194E+0	3.700E-4
3.380E-1	1.188E+0	3.874E-4
4.120E-1	1.182E+0	3.914E-4
4.850E-1	1.176E+0	3.807E-4
5.580E-1	1.170E+0	3.673E-4
6.320E-1	1.164E+0	3.540E-4
7.050E-1	1.158E+0	3.378E-4
7.790E-1	1.152E+0	3.238E-4
8.520E-1	1.146E+0	3.109E-4
9.250E-1	1.140E+0	2.953E-4
9.990E-1	1.134E+0	2.835E-4
1.072E+0	1.128E+0	2.704E-4
1.146E+0	1.122E+0	2.601E-4
1.219E+0	1.116E+0	2.503E-4
1.295E+0	1.110E+0	2.446E-4
1.370E+0	1.104E+0	2.381E-4
1.446E+0	1.098E+0	2.290E-4
1.521E+0	1.092E+0	2.193E-4
1.597E+0	1.086E+0	2.160E-4
1.673E+0	1.080E+0	2.080E-4
1.748E+0	1.074E+0	2.027E-4
1.824E+0	1.068E+0	1.948E-4
1.899E+0	1.062E+0	1.893E-4
1.975E+0	1.056E+0	1.834E-4
2.050E+0	1.050E+0	1.784E-4
2.126E+0	1.044E+0	1.705E-4
2.201E+0	1.038E+0	1.666E-4
2.277E+0	1.032E+0	1.601E-4
2.352E+0	1.026E+0	1.583E-4
2.428E+0	1.020E+0	1.543E-4
2.503E+0	1.014E+0	1.466E-4
2.579E+0	1.008E+0	1.453E-4
2.654E+0	1.002E+0	1.416E-4
2.729E+0	9.960E-1	1.366E-4
2.805E+0	9.900E-1	1.340E-4
2.881E+0	9.840E-1	1.309E-4
2.957E+0	9.780E-1	1.305E-4
3.033E+0	9.720E-1	1.235E-4
3.109E+0	9.660E-1	1.216E-4
3.185E+0	9.600E-1	1.208E-4
3.261E+0	9.540E-1	1.167E-4
3.337E+0	9.480E-1	1.185E-4
3.413E+0	9.420E-1	1.110E-4
3.488E+0	9.360E-1	1.091E-4
3.564E+0	9.300E-1	1.063E-4
3.640E+0	9.240E-1	1.025E-4
3.716E+0	9.180E-1	9.795E-5
3.852E+0	9.120E-1	9.310E-5
3.933E+0	9.060E-1	9.067E-5
4.021E+0	9.000E-1	8.854E-5
4.097E+0	8.940E-1	8.507E-5
4.173E+0	8.880E-1	8.355E-5
4.249E+0	8.820E-1	8.177E-5
4.325E+0	8.760E-1	7.684E-5
4.401E+0	8.700E-1	7.736E-5
4.478E+0	8.640E-1	7.432E-5
4.553E+0	8.580E-1	7.158E-5
4.629E+0	8.520E-1	7.059E-5
4.705E+0	8.460E-1	6.961E-5
4.781E+0	8.400E-1	6.647E-5
4.857E+0	8.340E-1	6.324E-5
4.933E+0	8.280E-1	6.429E-5
5.009E+0	8.220E-1	5.991E-5
5.085E+0	8.160E-1	5.685E-5
5.161E+0	8.100E-1	5.280E-5
5.237E+0	8.040E-1	5.407E-5
5.313E+0	7.980E-1	5.060E-5
5.389E+0	7.920E-1	4.861E-5
5.465E+0	7.860E-1	4.687E-5
5.541E+0	7.800E-1	4.525E-5
5.617E+0	7.740E-1	4.282E-5
5.693E+0	7.680E-1	4.285E-5
5.769E+0	7.620E-1	3.927E-5
5.845E+0	7.560E-1	3.648E-5
5.921E+0	7.500E-1	3.388E-5
5.997E+0	7.440E-1	3.319E-5
6.073E+0	7.380E-1	3.129E-5
6.149E+0	7.320E-1	2.913E-5
6.225E+0	7.260E-1	2.794E-5
6.301E+0	7.200E-1	2.654E-5
6.377E+0	7.140E-1	2.515E-5
6.453E+0	7.080E-1	2.438E-5
6.529E+0	7.020E-1	2.298E-5
6.604E+0	6.960E-1	2.096E-5
6.681E+0	6.900E-1	1.975E-5
6.757E+0	6.840E-1	1.892E-5
6.833E+0	6.780E-1	1.838E-5
6.909E+0	6.720E-1	1.539E-5
6.985E+0	6.660E-1	1.060E-5
7.061E+0	6.600E-1	1.599E-5
7.319E+0	6.540E-1	1.349E-5
7.393E+0	6.480E-1	1.332E-5
7.467E+0	6.420E-1	1.493E-5
7.540E+0	6.360E-1	8.008E-6
7.799E+0	6.300E-1	8.652E-6
7.939E+0	6.240E-1	8.956E-6
8.013E+0	6.180E-1	5.626E-6
8.088E+0	6.120E-1	4.349E-6
8.162E+0	6.060E-1	1.212E-6
8.237E+0	6.000E-1	3.520E-6
8.506E+0	5.940E-1	8.722E-8
8.658E+0	5.880E-1	-1.555E-6
8.866E+0	5.820E-1	-2.692E-6
8.941E+0	5.760E-1	-1.160E-6
9.016E+0	5.700E-1	-3.358E-6
9.090E+0	5.640E-1	-6.235E-6
9.165E+0	5.580E-1	-8.178E-6
9.240E+0	5.520E-1	-7.980E-6
9.315E+0	5.460E-1	-8.923E-6
9.390E+0	5.400E-1	-8.114E-6
9.464E+0	5.340E-1	-9.826E-6
9.539E+0	5.280E-1	-1.050E-5
9.734E+0	5.220E-1	-1.003E-5
9.808E+0	5.160E-1	-1.311E-5
9.881E+0	5.100E-1	-1.343E-5
9.955E+0	5.040E-1	-1.472E-5
1.003E+1	4.980E-1	-1.615E-5
1.010E+1	4.920E-1	-1.458E-5
1.018E+1	4.860E-1	-1.649E-5
1.025E+1	4.800E-1	-1.715E-5
1.032E+1	4.740E-1	-1.736E-5
1.040E+1	4.680E-1	-1.828E-5
1.047E+1	4.620E-1	-2.058E-5
1.055E+1	4.560E-1	-1.929E-5
1.063E+1	4.500E-1	-2.102E-5
1.070E+1	4.440E-1	-2.236E-5
1.078E+1	4.380E-1	-2.462E-5
1.085E+1	4.320E-1	-2.635E-5
1.093E+1	4.260E-1	-2.699E-5
1.101E+1	4.200E-1	-2.787E-5
1.108E+1	4.140E-1	-2.869E-5
1.116E+1	4.080E-1	-2.978E-5
1.123E+1	4.020E-1	-3.098E-5
1.131E+1	3.960E-1	-3.215E-5
1.139E+1	3.900E-1	-3.287E-5
1.146E+1	3.840E-1	-3.364E-5
1.154E+1	3.780E-1	-3.485E-5
1.162E+1	3.720E-1	-3.543E-5
1.169E+1	3.660E-1	-3.652E-5
1.177E+1	3.600E-1	-3.750E-5
1.184E+1	3.540E-1	-3.878E-5
1.192E+1	3.480E-1	-3.954E-5
1.199E+1	3.420E-1	-3.964E-5
1.207E+1	3.360E-1	-4.078E-5
1.215E+1	3.300E-1	-4.251E-5
1.222E+1	3.240E-1	-4.312E-5
1.230E+1	3.180E-1	-4.401E-5
1.237E+1	3.120E-1	-4.485E-5
1.245E+1	3.060E-1	-4.570E-5
1.253E+1	3.000E-1	-4.667E-5
1.260E+1	2.940E-1	-4.725E-5
1.268E+1	2.880E-1	-4.865E-5
1.276E+1	2.820E-1	-4.930E-5
1.283E+1	2.760E-1	-5.023E-5
1.291E+1	2.700E-1	-5.089E-5
1.298E+1	2.640E-1	-5.248E-5
1.306E+1	2.580E-1	-5.317E-5
1.314E+1	2.520E-1	-5.403E-5
1.321E+1	2.460E-1	-5.455E-5
1.329E+1	2.400E-1	-5.627E-5
1.336E+1	2.340E-1	-5.614E-5
1.344E+1	2.280E-1	-5.616E-5
1.352E+1	2.220E-1	-5.699E-5
1.359E+1	2.160E-1	-5.794E-5
1.367E+1	2.100E-1	-5.836E-5
1.374E+1	2.040E-1	-5.848E-5
1.382E+1	1.980E-1	-5.909E-5
1.390E+1	1.920E-1	-5.995E-5
1.397E+1	1.860E-1	-6.052E-5
1.405E+1	1.800E-1	-6.096E-5
1.412E+1	1.740E-1	-6.172E-5
1.420E+1	1.680E-1	-6.255E-5
1.428E+1	1.620E-1	-6.324E-5
1.435E+1	1.560E-1	-6.402E-5
1.443E+1	1.500E-1	-6.488E-5
1.450E+1	1.440E-1	-6.545E-5
1.458E+1	1.380E-1	-6.625E-5
1.466E+1	1.320E-1	-6.728E-5
1.473E+1	1.260E-1	-6.786E-5
1.481E+1	1.200E-1	-6.901E-5
1.488E+1	1.140E-1	-6.928E-5
1.496E+1	1.080E-1	-6.996E-5
1.504E+1	1.020E-1	-7.065E-5
1.511E+1	9.600E-2	-7.138E-5
1.519E+1	9.000E-2	-7.195E-5
1.526E+1	8.400E-2	-7.271E-5
1.534E+1	7.800E-2	-7.324E-5
1.542E+1	7.200E-2	-7.418E-5
1.549E+1	6.600E-2	-7.479E-5
1.557E+1	6.000E-2	-7.545E-5
1.564E+1	5.400E-2	-7.597E-5
1.572E+1	4.800E-2	-7.662E-5
1.580E+1	4.200E-2	-7.709E-5
1.587E+1	3.600E-2	-7.788E-5
1.595E+1	3.000E-2	-7.852E-5
1.603E+1	2.400E-2	-7.921E-5
1.610E+1	1.800E-2	-7.985E-5
1.618E+1	1.200E-2	-8.051E-5
1.625E+1	6.000E-3	-8.116E-5
1.633E+1	-1.039E-15	-8.178E-5
