1.230E-1	1.200E+0	6.097E-4
2.630E-1	1.194E+0	6.709E-4
3.370E-1	1.188E+0	6.117E-4
4.110E-1	1.182E+0	5.288E-4
4.850E-1	1.176E+0	4.476E-4
5.580E-1	1.170E+0	3.774E-4
6.320E-1	1.164E+0	3.173E-4
7.050E-1	1.158E+0	2.681E-4
7.790E-1	1.152E+0	2.270E-4
8.530E-1	1.146E+0	1.938E-4
9.270E-1	1.140E+0	1.661E-4
1.001E+0	1.134E+0	1.437E-4
1.074E+0	1.128E+0	1.249E-4
1.148E+0	1.122E+0	1.096E-4
1.221E+0	1.116E+0	9.148E-5
1.362E+0	1.110E+0	8.222E-5
1.438E+0	1.104E+0	7.341E-5
1.514E+0	1.098E+0	6.595E-5
1.590E+0	1.092E+0	5.926E-5
1.666E+0	1.086E+0	5.341E-5
1.742E+0	1.080E+0	4.845E-5
1.818E+0	1.074E+0	4.395E-5
1.894E+0	1.068E+0	4.008E-5
1.970E+0	1.062E+0	3.653E-5
2.045E+0	1.056E+0	3.348E-5
2.121E+0	1.050E+0	3.065E-5
2.197E+0	1.044E+0	2.819E-5
2.273E+0	1.038E+0	2.589E-5
2.349E+0	1.032E+0	2.388E-5
2.425E+0	1.026E+0	2.199E-5
2.501E+0	1.020E+0	2.034E-5
2.576E+0	1.014E+0	1.877E-5
2.652E+0	1.008E+0	1.740E-5
2.728E+0	1.002E+0	1.610E-5
2.804E+0	9.960E-1	1.495E-5
2.880E+0	9.900E-1	1.386E-5
2.957E+0	9.840E-1	1.290E-5
3.032E+0	9.780E-1	1.198E-5
3.109E+0	9.720E-1	1.113E-5
3.185E+0	9.660E-1	1.038E-5
3.261E+0	9.600E-1	9.584E-6
3.400E+0	9.540E-1	9.055E-6
3.487E+0	9.480E-1	8.455E-6
3.563E+0	9.420E-1	7.917E-6
3.639E+0	9.360E-1	7.393E-6
3.716E+0	9.300E-1	6.926E-6
3.792E+0	9.240E-1	6.479E-6
3.868E+0	9.180E-1	6.082E-6
3.944E+0	9.120E-1	5.693E-6
4.020E+0	9.060E-1	5.352E-6
4.096E+0	9.000E-1	5.019E-6
4.172E+0	8.940E-1	4.722E-6
4.249E+0	8.880E-1	4.432E-6
4.325E+0	8.820E-1	4.174E-6
4.401E+0	8.760E-1	3.920E-6
4.477E+0	8.700E-1	3.695E-6
4.554E+0	8.640E-1	3.474E-6
4.630E+0	8.580E-1	3.268E-6
4.706E+0	8.520E-1	3.082E-6
4.782E+0	8.460E-1	2.900E-6
4.858E+0	8.400E-1	2.737E-6
4.934E+0	8.340E-1	2.575E-6
5.011E+0	8.280E-1	2.430E-6
5.087E+0	8.220E-1	2.286E-6
5.163E+0	8.160E-1	2.158E-6
5.239E+0	8.100E-1	2.028E-6
5.315E+0	8.040E-1	1.912E-6
5.391E+0	7.980E-1	1.797E-6
5.467E+0	7.920E-1	1.694E-6
5.544E+0	7.860E-1	1.590E-6
5.620E+0	7.800E-1	1.498E-6
5.696E+0	7.740E-1	1.405E-6
5.772E+0	7.680E-1	1.322E-6
5.848E+0	7.620E-1	1.240E-6
5.924E+0	7.560E-1	1.161E-6
6.001E+0	7.500E-1	1.091E-6
6.077E+0	7.440E-1	1.021E-6
6.153E+0	7.380E-1	9.575E-7
6.299E+0	7.320E-1	8.955E-7
6.376E+0	7.260E-1	8.395E-7
6.452E+0	7.200E-1	7.833E-7
6.528E+0	7.140E-1	7.324E-7
6.604E+0	7.080E-1	6.824E-7
6.680E+0	7.020E-1	6.371E-7
6.757E+0	6.960E-1	5.921E-7
6.833E+0	6.900E-1	5.521E-7
6.909E+0	6.840E-1	5.117E-7
6.985E+0	6.780E-1	4.757E-7
7.062E+0	6.720E-1	4.401E-7
7.138E+0	6.660E-1	4.078E-7
7.214E+0	6.600E-1	3.762E-7
7.291E+0	6.540E-1	3.480E-7
7.367E+0	6.480E-1	3.200E-7
7.443E+0	6.420E-1	2.933E-7
7.519E+0	6.360E-1	2.697E-7
7.595E+0	6.300E-1	2.464E-7
7.671E+0	6.240E-1	2.258E-7
7.747E+0	6.180E-1	2.050E-7
7.823E+0	6.120E-1	1.861E-7
7.900E+0	6.060E-1	1.679E-7
7.976E+0	6.000E-1	1.517E-7
8.051E+0	5.940E-1	1.354E-7
8.128E+0	5.880E-1	1.212E-7
8.204E+0	5.820E-1	1.070E-7
8.280E+0	5.760E-1	9.438E-8
8.356E+0	5.700E-1	8.193E-8
8.432E+0	5.640E-1	7.102E-8
8.509E+0	5.580E-1	6.031E-8
8.585E+0	5.520E-1	5.050E-8
8.661E+0	5.460E-1	4.112E-8
8.736E+0	5.400E-1	3.220E-8
8.812E+0	5.340E-1	2.433E-8
8.888E+0	5.280E-1	1.670E-8
8.964E+0	5.220E-1	9.954E-9
9.040E+0	5.160E-1	3.446E-9
9.116E+0	5.100E-1	-2.446E-9
9.192E+0	5.040E-1	-8.426E-9
9.268E+0	4.980E-1	-1.333E-8
9.344E+0	4.920E-1	-1.826E-8
9.420E+0	4.860E-1	-2.272E-8
9.496E+0	4.800E-1	-2.693E-8
9.573E+0	4.740E-1	-3.052E-8
9.649E+0	4.680E-1	-3.421E-8
9.725E+0	4.620E-1	-3.754E-8
9.801E+0	4.560E-1	-4.075E-8
9.877E+0	4.500E-1	-4.348E-8
9.953E+0	4.440E-1	-4.620E-8
1.003E+1	4.380E-1	-4.860E-8
1.011E+1	4.320E-1	-5.112E-8
1.018E+1	4.260E-1	-5.332E-8
1.026E+1	4.200E-1	-5.515E-8
1.033E+1	4.140E-1	-5.702E-8
1.041E+1	4.080E-1	-5.871E-8
1.048E+1	4.020E-1	-6.031E-8
1.056E+1	3.960E-1	-6.176E-8
1.064E+1	3.900E-1	-6.329E-8
1.071E+1	3.840E-1	-6.448E-8
1.079E+1	3.780E-1	-6.574E-8
1.087E+1	3.720E-1	-6.677E-8
1.094E+1	3.660E-1	-6.768E-8
1.102E+1	3.600E-1	-6.849E-8
1.110E+1	3.540E-1	-6.967E-8
1.117E+1	3.480E-1	-7.043E-8
1.125E+1	3.420E-1	-7.122E-8
1.132E+1	3.360E-1	-7.189E-8
1.140E+1	3.300E-1	-7.262E-8
1.148E+1	3.240E-1	-7.333E-8
1.155E+1	3.180E-1	-7.412E-8
1.163E+1	3.120E-1	-7.463E-8
1.171E+1	3.060E-1	-7.512E-8
1.178E+1	3.000E-1	-7.567E-8
1.186E+1	2.940E-1	-7.616E-8
1.194E+1	2.880E-1	-7.662E-8
1.201E+1	2.820E-1	-7.699E-8
1.209E+1	2.760E-1	-7.754E-8
1.216E+1	2.700E-1	-7.789E-8
1.224E+1	2.640E-1	-7.828E-8
1.232E+1	2.580E-1	-7.863E-8
1.239E+1	2.520E-1	-7.892E-8
1.247E+1	2.460E-1	-7.931E-8
1.255E+1	2.400E-1	-7.973E-8
1.262E+1	2.340E-1	-8.002E-8
1.270E+1	2.280E-1	-8.029E-8
1.278E+1	2.220E-1	-8.064E-8
1.285E+1	2.160E-1	-8.093E-8
1.293E+1	2.100E-1	-8.121E-8
1.301E+1	2.040E-1	-8.143E-8
1.308E+1	1.980E-1	-8.168E-8
1.316E+1	1.920E-1	-8.190E-8
1.323E+1	1.860E-1	-8.221E-8
1.331E+1	1.800E-1	-8.240E-8
1.339E+1	1.740E-1	-8.263E-8
1.346E+1	1.680E-1	-8.286E-8
1.354E+1	1.620E-1	-8.315E-8
1.362E+1	1.560E-1	-8.338E-8
1.369E+1	1.500E-1	-8.359E-8
1.377E+1	1.440E-1	-8.379E-8
1.384E+1	1.380E-1	-8.412E-8
1.392E+1	1.320E-1	-8.425E-8
1.400E+1	1.260E-1	-8.452E-8
1.407E+1	1.200E-1	-8.472E-8
1.415E+1	1.140E-1	-8.492E-8
1.423E+1	1.080E-1	-8.515E-8
1.430E+1	1.020E-1	-8.538E-8
1.438E+1	9.600E-2	-8.557E-8
1.446E+1	9.000E-2	-8.565E-8
1.453E+1	8.400E-2	-8.595E-8
1.461E+1	7.800E-2	-8.624E-8
1.468E+1	7.200E-2	-8.646E-8
1.476E+1	6.600E-2	-8.669E-8
1.484E+1	6.000E-2	-8.691E-8
1.491E+1	5.400E-2	-8.714E-8
1.499E+1	4.800E-2	-8.739E-8
1.507E+1	4.200E-2	-8.755E-8
1.514E+1	3.600E-2	-8.780E-8
1.522E+1	3.000E-2	-8.798E-8
1.530E+1	2.400E-2	-8.824E-8
1.537E+1	1.800E-2	-8.845E-8
1.545E+1	1.200E-2	-8.868E-8
1.553E+1	6.000E-3	-8.890E-8
1.560E+1	-1.039E-15	-8.914E-8
