1.240E-1	1.200E+0	4.236E-4
2.640E-1	1.194E+0	5.393E-4
3.370E-1	1.188E+0	5.729E-4
4.110E-1	1.182E+0	5.708E-4
4.850E-1	1.176E+0	5.526E-4
5.590E-1	1.170E+0	5.292E-4
6.330E-1	1.164E+0	5.025E-4
7.070E-1	1.158E+0	4.761E-4
7.810E-1	1.152E+0	4.493E-4
8.540E-1	1.146E+0	4.243E-4
9.280E-1	1.140E+0	3.997E-4
1.001E+0	1.134E+0	3.773E-4
1.075E+0	1.128E+0	3.554E-4
1.149E+0	1.122E+0	3.355E-4
1.223E+0	1.116E+0	3.163E-4
1.296E+0	1.110E+0	2.991E-4
1.370E+0	1.104E+0	2.826E-4
1.446E+0	1.098E+0	2.675E-4
1.522E+0	1.092E+0	2.530E-4
1.598E+0	1.086E+0	2.396E-4
1.673E+0	1.080E+0	2.277E-4
1.749E+0	1.074E+0	2.161E-4
1.825E+0	1.068E+0	2.058E-4
1.901E+0	1.062E+0	1.958E-4
1.977E+0	1.056E+0	1.868E-4
2.052E+0	1.050E+0	1.781E-4
2.128E+0	1.044E+0	1.704E-4
2.204E+0	1.038E+0	1.629E-4
2.280E+0	1.032E+0	1.561E-4
2.355E+0	1.026E+0	1.494E-4
2.431E+0	1.020E+0	1.435E-4
2.507E+0	1.014E+0	1.376E-4
2.582E+0	1.008E+0	1.323E-4
2.658E+0	1.002E+0	1.271E-4
2.733E+0	9.960E-1	1.224E-4
2.810E+0	9.900E-1	1.176E-4
2.886E+0	9.840E-1	1.132E-4
2.962E+0	9.780E-1	1.089E-4
3.038E+0	9.720E-1	1.047E-4
3.114E+0	9.660E-1	1.010E-4
3.191E+0	9.600E-1	9.791E-5
3.327E+0	9.540E-1	9.367E-5
3.408E+0	9.480E-1	8.988E-5
3.497E+0	9.420E-1	8.652E-5
3.573E+0	9.360E-1	8.288E-5
3.649E+0	9.300E-1	7.969E-5
3.725E+0	9.240E-1	7.619E-5
3.802E+0	9.180E-1	7.306E-5
3.878E+0	9.120E-1	6.965E-5
3.954E+0	9.060E-1	6.655E-5
4.030E+0	9.000E-1	6.327E-5
4.106E+0	8.940E-1	6.023E-5
4.183E+0	8.880E-1	5.696E-5
4.259E+0	8.820E-1	5.396E-5
4.335E+0	8.760E-1	5.074E-5
4.411E+0	8.700E-1	4.781E-5
4.488E+0	8.640E-1	4.459E-5
4.564E+0	8.580E-1	4.145E-5
4.640E+0	8.520E-1	3.856E-5
4.716E+0	8.460E-1	3.538E-5
4.793E+0	8.400E-1	3.251E-5
4.869E+0	8.340E-1	2.938E-5
4.945E+0	8.280E-1	2.655E-5
5.021E+0	8.220E-1	2.344E-5
5.098E+0	8.160E-1	2.066E-5
5.174E+0	8.100E-1	1.759E-5
5.250E+0	8.040E-1	1.483E-5
5.326E+0	7.980E-1	1.181E-5
5.402E+0	7.920E-1	1.119E-5
5.662E+0	7.860E-1	8.465E-6
5.802E+0	7.800E-1	4.550E-6
5.877E+0	7.740E-1	1.330E-6
5.952E+0	7.680E-1	-1.396E-6
6.026E+0	7.620E-1	-4.453E-6
6.101E+0	7.560E-1	-7.342E-6
6.176E+0	7.500E-1	-9.933E-6
6.250E+0	7.440E-1	-1.099E-5
6.445E+0	7.380E-1	-1.419E-5
6.519E+0	7.320E-1	-1.716E-5
6.593E+0	7.260E-1	-1.972E-5
6.667E+0	7.200E-1	-2.246E-5
6.743E+0	7.140E-1	-2.486E-5
6.820E+0	7.080E-1	-2.750E-5
6.896E+0	7.020E-1	-2.984E-5
6.972E+0	6.960E-1	-3.235E-5
7.048E+0	6.900E-1	-3.463E-5
7.125E+0	6.840E-1	-3.707E-5
7.201E+0	6.780E-1	-3.929E-5
7.277E+0	6.720E-1	-4.165E-5
7.354E+0	6.660E-1	-4.373E-5
7.430E+0	6.600E-1	-4.602E-5
7.506E+0	6.540E-1	-4.798E-5
7.582E+0	6.480E-1	-5.010E-5
7.658E+0	6.420E-1	-5.220E-5
7.734E+0	6.360E-1	-5.404E-5
7.810E+0	6.300E-1	-5.597E-5
7.887E+0	6.240E-1	-5.770E-5
7.963E+0	6.180E-1	-5.956E-5
8.039E+0	6.120E-1	-6.114E-5
8.115E+0	6.060E-1	-6.290E-5
8.191E+0	6.000E-1	-6.446E-5
8.267E+0	5.940E-1	-6.601E-5
8.343E+0	5.880E-1	-6.743E-5
8.419E+0	5.820E-1	-6.890E-5
8.496E+0	5.760E-1	-7.023E-5
8.572E+0	5.700E-1	-7.164E-5
8.648E+0	5.640E-1	-7.283E-5
8.724E+0	5.580E-1	-7.409E-5
8.800E+0	5.520E-1	-7.514E-5
8.876E+0	5.460E-1	-7.637E-5
8.952E+0	5.400E-1	-7.749E-5
9.028E+0	5.340E-1	-7.839E-5
9.104E+0	5.280E-1	-7.948E-5
9.180E+0	5.220E-1	-8.033E-5
9.257E+0	5.160E-1	-8.128E-5
9.333E+0	5.100E-1	-8.203E-5
9.409E+0	5.040E-1	-8.290E-5
9.485E+0	4.980E-1	-8.365E-5
9.561E+0	4.920E-1	-8.448E-5
9.638E+0	4.860E-1	-8.506E-5
9.714E+0	4.800E-1	-8.579E-5
9.790E+0	4.740E-1	-8.638E-5
9.866E+0	4.680E-1	-8.705E-5
9.942E+0	4.620E-1	-8.754E-5
1.002E+1	4.560E-1	-8.820E-5
1.010E+1	4.500E-1	-8.864E-5
1.017E+1	4.440E-1	-8.919E-5
1.025E+1	4.380E-1	-8.955E-5
1.032E+1	4.320E-1	-9.010E-5
1.040E+1	4.260E-1	-9.055E-5
1.047E+1	4.200E-1	-9.093E-5
1.055E+1	4.140E-1	-9.136E-5
1.063E+1	4.080E-1	-9.160E-5
1.070E+1	4.020E-1	-9.213E-5
1.078E+1	3.960E-1	-9.230E-5
1.086E+1	3.900E-1	-9.271E-5
1.093E+1	3.840E-1	-9.295E-5
1.101E+1	3.780E-1	-9.327E-5
1.109E+1	3.720E-1	-9.350E-5
1.116E+1	3.660E-1	-9.378E-5
1.124E+1	3.600E-1	-9.399E-5
1.131E+1	3.540E-1	-9.428E-5
1.139E+1	3.480E-1	-9.440E-5
1.146E+1	3.420E-1	-9.461E-5
1.154E+1	3.360E-1	-9.473E-5
1.162E+1	3.300E-1	-9.496E-5
1.169E+1	3.240E-1	-9.505E-5
1.177E+1	3.180E-1	-9.531E-5
1.185E+1	3.120E-1	-9.547E-5
1.192E+1	3.060E-1	-9.550E-5
1.200E+1	3.000E-1	-9.577E-5
1.207E+1	2.940E-1	-9.578E-5
1.215E+1	2.880E-1	-9.597E-5
1.223E+1	2.820E-1	-9.609E-5
1.230E+1	2.760E-1	-9.627E-5
1.238E+1	2.700E-1	-9.634E-5
1.246E+1	2.640E-1	-9.653E-5
1.253E+1	2.580E-1	-9.667E-5
1.261E+1	2.520E-1	-9.683E-5
1.268E+1	2.460E-1	-9.695E-5
1.276E+1	2.400E-1	-9.715E-5
1.284E+1	2.340E-1	-9.728E-5
1.291E+1	2.280E-1	-9.745E-5
1.299E+1	2.220E-1	-9.756E-5
1.306E+1	2.160E-1	-9.776E-5
1.314E+1	2.100E-1	-9.795E-5
1.322E+1	2.040E-1	-9.804E-5
1.329E+1	1.980E-1	-9.824E-5
1.337E+1	1.920E-1	-9.837E-5
1.345E+1	1.860E-1	-9.856E-5
1.352E+1	1.800E-1	-9.873E-5
1.360E+1	1.740E-1	-9.889E-5
1.368E+1	1.680E-1	-9.910E-5
1.375E+1	1.620E-1	-9.925E-5
1.383E+1	1.560E-1	-9.938E-5
1.390E+1	1.500E-1	-9.965E-5
1.398E+1	1.440E-1	-9.973E-5
1.406E+1	1.380E-1	-1.001E-4
1.413E+1	1.320E-1	-1.002E-4
1.421E+1	1.260E-1	-1.004E-4
1.428E+1	1.200E-1	-1.005E-4
1.436E+1	1.140E-1	-1.008E-4
1.444E+1	1.080E-1	-1.009E-4
1.451E+1	1.020E-1	-1.012E-4
1.459E+1	9.600E-2	-1.015E-4
1.466E+1	9.000E-2	-1.016E-4
1.474E+1	8.400E-2	-1.018E-4
1.482E+1	7.800E-2	-1.020E-4
1.489E+1	7.200E-2	-1.023E-4
1.497E+1	6.600E-2	-1.024E-4
1.504E+1	6.000E-2	-1.027E-4
1.512E+1	5.400E-2	-1.028E-4
1.520E+1	4.800E-2	-1.030E-4
1.527E+1	4.200E-2	-1.032E-4
1.535E+1	3.600E-2	-1.034E-4
1.543E+1	3.000E-2	-1.036E-4
1.550E+1	2.400E-2	-1.038E-4
1.558E+1	1.800E-2	-1.041E-4
1.565E+1	1.200E-2	-1.043E-4
1.573E+1	6.000E-3	-1.045E-4
1.580E+1	-1.039E-15	-1.048E-4
