1.240E-1	1.200E+0	2.732E-4
2.650E-1	1.194E+0	3.479E-4
3.380E-1	1.188E+0	3.661E-4
4.120E-1	1.182E+0	3.530E-4
4.850E-1	1.176E+0	3.248E-4
5.590E-1	1.170E+0	2.930E-4
6.330E-1	1.164E+0	2.609E-4
7.060E-1	1.158E+0	2.314E-4
7.800E-1	1.152E+0	2.042E-4
8.530E-1	1.146E+0	1.804E-4
9.270E-1	1.140E+0	1.589E-4
1.000E+0	1.134E+0	1.405E-4
1.074E+0	1.128E+0	1.240E-4
1.147E+0	1.122E+0	1.099E-4
1.221E+0	1.116E+0	9.218E-5
1.364E+0	1.110E+0	8.262E-5
1.440E+0	1.104E+0	7.370E-5
1.516E+0	1.098E+0	6.597E-5
1.592E+0	1.092E+0	5.899E-5
1.668E+0	1.086E+0	5.285E-5
1.744E+0	1.080E+0	4.762E-5
1.820E+0	1.074E+0	4.288E-5
1.896E+0	1.068E+0	3.881E-5
1.972E+0	1.062E+0	3.510E-5
2.048E+0	1.056E+0	3.191E-5
2.124E+0	1.050E+0	2.897E-5
2.200E+0	1.044E+0	2.643E-5
2.275E+0	1.038E+0	2.409E-5
2.351E+0	1.032E+0	2.206E-5
2.427E+0	1.026E+0	2.016E-5
2.503E+0	1.020E+0	1.851E-5
2.579E+0	1.014E+0	1.696E-5
2.654E+0	1.008E+0	1.561E-5
2.730E+0	1.002E+0	1.434E-5
2.806E+0	9.960E-1	1.323E-5
2.882E+0	9.900E-1	1.219E-5
2.958E+0	9.840E-1	1.128E-5
3.035E+0	9.780E-1	1.040E-5
3.111E+0	9.720E-1	9.499E-6
3.251E+0	9.660E-1	8.922E-6
3.338E+0	9.600E-1	8.276E-6
3.414E+0	9.540E-1	7.691E-6
3.490E+0	9.480E-1	7.132E-6
3.567E+0	9.420E-1	6.641E-6
3.643E+0	9.360E-1	6.168E-6
3.719E+0	9.300E-1	5.752E-6
3.795E+0	9.240E-1	5.355E-6
3.871E+0	9.180E-1	5.003E-6
3.947E+0	9.120E-1	4.666E-6
4.024E+0	9.060E-1	4.367E-6
4.100E+0	9.000E-1	4.079E-6
4.176E+0	8.940E-1	3.830E-6
4.253E+0	8.880E-1	3.581E-6
4.329E+0	8.820E-1	3.363E-6
4.405E+0	8.760E-1	3.153E-6
4.481E+0	8.700E-1	2.967E-6
4.558E+0	8.640E-1	2.784E-6
4.634E+0	8.580E-1	2.613E-6
4.710E+0	8.520E-1	2.465E-6
4.786E+0	8.460E-1	2.320E-6
4.862E+0	8.400E-1	2.190E-6
4.939E+0	8.340E-1	2.060E-6
5.015E+0	8.280E-1	1.946E-6
5.091E+0	8.220E-1	1.835E-6
5.167E+0	8.160E-1	1.731E-6
5.243E+0	8.100E-1	1.629E-6
5.320E+0	8.040E-1	1.540E-6
5.396E+0	7.980E-1	1.451E-6
5.472E+0	7.920E-1	1.373E-6
5.548E+0	7.860E-1	1.291E-6
5.625E+0	7.800E-1	1.220E-6
5.701E+0	7.740E-1	1.147E-6
5.777E+0	7.680E-1	1.083E-6
5.853E+0	7.620E-1	1.019E-6
5.929E+0	7.560E-1	9.569E-7
6.076E+0	7.500E-1	9.042E-7
6.152E+0	7.440E-1	8.489E-7
6.229E+0	7.380E-1	7.988E-7
6.305E+0	7.320E-1	7.493E-7
6.381E+0	7.260E-1	7.044E-7
6.457E+0	7.200E-1	6.591E-7
6.534E+0	7.140E-1	6.189E-7
6.610E+0	7.080E-1	5.782E-7
6.686E+0	7.020E-1	5.416E-7
6.762E+0	6.960E-1	5.052E-7
6.839E+0	6.900E-1	4.723E-7
6.915E+0	6.840E-1	4.393E-7
6.991E+0	6.780E-1	4.108E-7
7.068E+0	6.720E-1	3.802E-7
7.144E+0	6.660E-1	3.543E-7
7.221E+0	6.600E-1	3.280E-7
7.297E+0	6.540E-1	3.048E-7
7.373E+0	6.480E-1	2.816E-7
7.449E+0	6.420E-1	2.591E-7
7.525E+0	6.360E-1	2.385E-7
7.601E+0	6.300E-1	2.188E-7
7.678E+0	6.240E-1	2.026E-7
7.754E+0	6.180E-1	1.842E-7
7.830E+0	6.120E-1	1.683E-7
7.906E+0	6.060E-1	1.527E-7
7.982E+0	6.000E-1	1.383E-7
8.058E+0	5.940E-1	1.249E-7
8.134E+0	5.880E-1	1.123E-7
8.211E+0	5.820E-1	9.983E-8
8.287E+0	5.760E-1	8.826E-8
8.364E+0	5.700E-1	7.758E-8
8.440E+0	5.640E-1	6.818E-8
8.516E+0	5.580E-1	5.776E-8
8.592E+0	5.520E-1	4.872E-8
8.668E+0	5.460E-1	4.016E-8
8.744E+0	5.400E-1	3.242E-8
8.820E+0	5.340E-1	2.566E-8
8.896E+0	5.280E-1	1.884E-8
8.972E+0	5.220E-1	1.303E-8
9.048E+0	5.160E-1	6.043E-9
9.124E+0	5.100E-1	8.590E-10
9.201E+0	5.040E-1	-4.983E-9
9.277E+0	4.980E-1	-9.476E-9
9.353E+0	4.920E-1	-1.382E-8
9.429E+0	4.860E-1	-1.871E-8
9.505E+0	4.800E-1	-2.245E-8
9.581E+0	4.740E-1	-2.683E-8
9.658E+0	4.680E-1	-3.024E-8
9.734E+0	4.620E-1	-3.334E-8
9.810E+0	4.560E-1	-3.634E-8
9.886E+0	4.500E-1	-3.986E-8
9.962E+0	4.440E-1	-4.187E-8
1.004E+1	4.380E-1	-4.439E-8
1.011E+1	4.320E-1	-4.709E-8
1.019E+1	4.260E-1	-4.955E-8
1.027E+1	4.200E-1	-5.119E-8
1.034E+1	4.140E-1	-5.380E-8
1.042E+1	4.080E-1	-5.548E-8
1.049E+1	4.020E-1	-5.716E-8
1.057E+1	3.960E-1	-5.927E-8
1.065E+1	3.900E-1	-6.094E-8
1.072E+1	3.840E-1	-6.188E-8
1.080E+1	3.780E-1	-6.335E-8
1.088E+1	3.720E-1	-6.458E-8
1.095E+1	3.660E-1	-6.573E-8
1.103E+1	3.600E-1	-6.651E-8
1.111E+1	3.540E-1	-6.791E-8
1.118E+1	3.480E-1	-6.870E-8
1.126E+1	3.420E-1	-6.966E-8
1.133E+1	3.360E-1	-7.046E-8
1.141E+1	3.300E-1	-7.126E-8
1.149E+1	3.240E-1	-7.217E-8
1.156E+1	3.180E-1	-7.294E-8
1.164E+1	3.120E-1	-7.376E-8
1.171E+1	3.060E-1	-7.435E-8
1.179E+1	3.000E-1	-7.518E-8
1.187E+1	2.940E-1	-7.573E-8
1.194E+1	2.880E-1	-7.623E-8
1.202E+1	2.820E-1	-7.699E-8
1.210E+1	2.760E-1	-7.761E-8
1.217E+1	2.700E-1	-7.757E-8
1.225E+1	2.640E-1	-7.841E-8
1.233E+1	2.580E-1	-7.893E-8
1.240E+1	2.520E-1	-7.891E-8
1.248E+1	2.460E-1	-7.935E-8
1.255E+1	2.400E-1	-7.982E-8
1.263E+1	2.340E-1	-7.999E-8
1.271E+1	2.280E-1	-8.032E-8
1.278E+1	2.220E-1	-8.082E-8
1.286E+1	2.160E-1	-8.085E-8
1.294E+1	2.100E-1	-8.160E-8
1.301E+1	2.040E-1	-8.198E-8
1.309E+1	1.980E-1	-8.202E-8
1.316E+1	1.920E-1	-8.258E-8
1.324E+1	1.860E-1	-8.295E-8
1.332E+1	1.800E-1	-8.319E-8
1.339E+1	1.740E-1	-8.338E-8
1.347E+1	1.680E-1	-8.344E-8
1.355E+1	1.620E-1	-8.341E-8
1.362E+1	1.560E-1	-8.367E-8
1.370E+1	1.500E-1	-8.407E-8
1.378E+1	1.440E-1	-8.413E-8
1.385E+1	1.380E-1	-8.430E-8
1.393E+1	1.320E-1	-8.442E-8
1.401E+1	1.260E-1	-8.449E-8
1.408E+1	1.200E-1	-8.469E-8
1.416E+1	1.140E-1	-8.498E-8
1.423E+1	1.080E-1	-8.531E-8
1.431E+1	1.020E-1	-8.561E-8
1.439E+1	9.600E-2	-8.575E-8
1.446E+1	9.000E-2	-8.569E-8
1.454E+1	8.400E-2	-8.592E-8
1.462E+1	7.800E-2	-8.601E-8
1.469E+1	7.200E-2	-8.602E-8
1.477E+1	6.600E-2	-8.623E-8
1.485E+1	6.000E-2	-8.634E-8
1.492E+1	5.400E-2	-8.639E-8
1.500E+1	4.800E-2	-8.641E-8
1.507E+1	4.200E-2	-8.657E-8
1.515E+1	3.600E-2	-8.676E-8
1.523E+1	3.000E-2	-8.692E-8
1.530E+1	2.400E-2	-8.714E-8
1.538E+1	1.800E-2	-8.724E-8
1.546E+1	1.200E-2	-8.739E-8
1.553E+1	6.000E-3	-8.750E-8
1.561E+1	-1.039E-15	-8.766E-8
