1.240E-1	1.200E+0	2.714E-4
2.640E-1	1.194E+0	3.315E-4
3.380E-1	1.188E+0	3.537E-4
4.120E-1	1.182E+0	3.554E-4
4.850E-1	1.176E+0	3.471E-4
5.590E-1	1.170E+0	3.352E-4
6.330E-1	1.164E+0	3.209E-4
7.060E-1	1.158E+0	3.067E-4
7.800E-1	1.152E+0	2.920E-4
8.540E-1	1.146E+0	2.783E-4
9.270E-1	1.140E+0	2.646E-4
1.001E+0	1.134E+0	2.521E-4
1.074E+0	1.128E+0	2.398E-4
1.148E+0	1.122E+0	2.286E-4
1.223E+0	1.116E+0	2.175E-4
1.299E+0	1.110E+0	2.075E-4
1.375E+0	1.104E+0	1.977E-4
1.450E+0	1.098E+0	1.888E-4
1.526E+0	1.092E+0	1.801E-4
1.602E+0	1.086E+0	1.720E-4
1.678E+0	1.080E+0	1.645E-4
1.754E+0	1.074E+0	1.573E-4
1.830E+0	1.068E+0	1.507E-4
1.906E+0	1.062E+0	1.442E-4
1.981E+0	1.056E+0	1.383E-4
2.057E+0	1.050E+0	1.325E-4
2.133E+0	1.044E+0	1.273E-4
2.208E+0	1.038E+0	1.221E-4
2.284E+0	1.032E+0	1.174E-4
2.360E+0	1.026E+0	1.126E-4
2.436E+0	1.020E+0	1.083E-4
2.511E+0	1.014E+0	1.040E-4
2.587E+0	1.008E+0	1.001E-4
2.662E+0	1.002E+0	9.644E-5
2.798E+0	9.960E-1	9.262E-5
2.879E+0	9.900E-1	8.895E-5
2.968E+0	9.840E-1	8.561E-5
3.044E+0	9.780E-1	8.222E-5
3.120E+0	9.720E-1	7.891E-5
3.196E+0	9.660E-1	7.589E-5
3.273E+0	9.600E-1	7.276E-5
3.349E+0	9.540E-1	6.991E-5
3.425E+0	9.480E-1	6.694E-5
3.501E+0	9.420E-1	6.419E-5
3.578E+0	9.360E-1	6.131E-5
3.654E+0	9.300E-1	5.868E-5
3.730E+0	9.240E-1	5.587E-5
3.806E+0	9.180E-1	5.331E-5
3.882E+0	9.120E-1	5.061E-5
3.959E+0	9.060E-1	4.814E-5
4.035E+0	9.000E-1	4.548E-5
4.111E+0	8.940E-1	4.307E-5
4.187E+0	8.880E-1	4.046E-5
4.264E+0	8.820E-1	3.811E-5
4.340E+0	8.760E-1	3.559E-5
4.416E+0	8.700E-1	3.328E-5
4.492E+0	8.640E-1	3.079E-5
4.569E+0	8.580E-1	2.835E-5
4.645E+0	8.520E-1	2.611E-5
4.721E+0	8.460E-1	2.369E-5
4.797E+0	8.400E-1	2.150E-5
4.874E+0	8.340E-1	1.914E-5
4.950E+0	8.280E-1	1.700E-5
5.026E+0	8.220E-1	1.469E-5
5.102E+0	8.160E-1	1.261E-5
5.179E+0	8.100E-1	1.036E-5
5.255E+0	8.040E-1	9.293E-6
5.394E+0	7.980E-1	6.448E-6
5.481E+0	7.920E-1	4.350E-6
5.557E+0	7.860E-1	2.143E-6
5.634E+0	7.800E-1	1.616E-6
5.903E+0	7.740E-1	-1.051E-6
5.985E+0	7.680E-1	-3.165E-6
6.067E+0	7.620E-1	-5.241E-6
6.153E+0	7.560E-1	-7.248E-6
6.230E+0	7.500E-1	-9.042E-6
6.306E+0	7.440E-1	-1.050E-5
6.382E+0	7.380E-1	-1.175E-5
6.577E+0	7.320E-1	-1.392E-5
6.651E+0	7.260E-1	-1.567E-5
6.725E+0	7.200E-1	-1.750E-5
6.798E+0	7.140E-1	-1.911E-5
6.872E+0	7.080E-1	-2.084E-5
6.946E+0	7.020E-1	-2.237E-5
7.020E+0	6.960E-1	-2.404E-5
7.094E+0	6.900E-1	-2.550E-5
7.168E+0	6.840E-1	-2.709E-5
7.242E+0	6.780E-1	-2.848E-5
7.316E+0	6.720E-1	-3.001E-5
7.389E+0	6.660E-1	-3.136E-5
7.463E+0	6.600E-1	-3.284E-5
7.537E+0	6.540E-1	-3.417E-5
7.611E+0	6.480E-1	-3.556E-5
7.685E+0	6.420E-1	-3.696E-5
7.759E+0	6.360E-1	-3.817E-5
7.832E+0	6.300E-1	-3.951E-5
7.906E+0	6.240E-1	-4.062E-5
7.980E+0	6.180E-1	-4.192E-5
8.054E+0	6.120E-1	-4.300E-5
8.128E+0	6.060E-1	-4.423E-5
8.202E+0	6.000E-1	-4.527E-5
8.277E+0	5.940E-1	-4.641E-5
8.353E+0	5.880E-1	-4.737E-5
8.429E+0	5.820E-1	-4.848E-5
8.505E+0	5.760E-1	-4.939E-5
8.582E+0	5.700E-1	-5.043E-5
8.658E+0	5.640E-1	-5.131E-5
8.734E+0	5.580E-1	-5.229E-5
8.810E+0	5.520E-1	-5.310E-5
8.886E+0	5.460E-1	-5.403E-5
8.962E+0	5.400E-1	-5.490E-5
9.038E+0	5.340E-1	-5.567E-5
9.115E+0	5.280E-1	-5.656E-5
9.191E+0	5.220E-1	-5.725E-5
9.267E+0	5.160E-1	-5.807E-5
9.344E+0	5.100E-1	-5.877E-5
9.420E+0	5.040E-1	-5.952E-5
9.496E+0	4.980E-1	-6.018E-5
9.573E+0	4.920E-1	-6.091E-5
9.649E+0	4.860E-1	-6.148E-5
9.725E+0	4.800E-1	-6.216E-5
9.801E+0	4.740E-1	-6.272E-5
9.877E+0	4.680E-1	-6.334E-5
9.954E+0	4.620E-1	-6.384E-5
1.003E+1	4.560E-1	-6.446E-5
1.011E+1	4.500E-1	-6.492E-5
1.018E+1	4.440E-1	-6.547E-5
1.026E+1	4.380E-1	-6.596E-5
1.033E+1	4.320E-1	-6.648E-5
1.041E+1	4.260E-1	-6.697E-5
1.049E+1	4.200E-1	-6.740E-5
1.056E+1	4.140E-1	-6.789E-5
1.064E+1	4.080E-1	-6.829E-5
1.071E+1	4.020E-1	-6.877E-5
1.079E+1	3.960E-1	-6.912E-5
1.087E+1	3.900E-1	-6.954E-5
1.094E+1	3.840E-1	-6.993E-5
1.102E+1	3.780E-1	-7.031E-5
1.110E+1	3.720E-1	-7.062E-5
1.117E+1	3.660E-1	-7.103E-5
1.125E+1	3.600E-1	-7.135E-5
1.132E+1	3.540E-1	-7.164E-5
1.140E+1	3.480E-1	-7.194E-5
1.148E+1	3.420E-1	-7.229E-5
1.155E+1	3.360E-1	-7.254E-5
1.163E+1	3.300E-1	-7.287E-5
1.171E+1	3.240E-1	-7.315E-5
1.178E+1	3.180E-1	-7.345E-5
1.186E+1	3.120E-1	-7.373E-5
1.193E+1	3.060E-1	-7.390E-5
1.201E+1	3.000E-1	-7.422E-5
1.209E+1	2.940E-1	-7.438E-5
1.216E+1	2.880E-1	-7.462E-5
1.224E+1	2.820E-1	-7.484E-5
1.231E+1	2.760E-1	-7.501E-5
1.239E+1	2.700E-1	-7.519E-5
1.247E+1	2.640E-1	-7.542E-5
1.254E+1	2.580E-1	-7.563E-5
1.262E+1	2.520E-1	-7.585E-5
1.270E+1	2.460E-1	-7.601E-5
1.277E+1	2.400E-1	-7.626E-5
1.285E+1	2.340E-1	-7.632E-5
1.292E+1	2.280E-1	-7.658E-5
1.300E+1	2.220E-1	-7.671E-5
1.308E+1	2.160E-1	-7.693E-5
1.315E+1	2.100E-1	-7.712E-5
1.323E+1	2.040E-1	-7.718E-5
1.330E+1	1.980E-1	-7.737E-5
1.338E+1	1.920E-1	-7.748E-5
1.346E+1	1.860E-1	-7.768E-5
1.353E+1	1.800E-1	-7.781E-5
1.361E+1	1.740E-1	-7.800E-5
1.369E+1	1.680E-1	-7.811E-5
1.376E+1	1.620E-1	-7.827E-5
1.384E+1	1.560E-1	-7.843E-5
1.391E+1	1.500E-1	-7.860E-5
1.399E+1	1.440E-1	-7.876E-5
1.407E+1	1.380E-1	-7.894E-5
1.414E+1	1.320E-1	-7.903E-5
1.422E+1	1.260E-1	-7.937E-5
1.430E+1	1.200E-1	-7.944E-5
1.437E+1	1.140E-1	-7.964E-5
1.445E+1	1.080E-1	-7.980E-5
1.453E+1	1.020E-1	-8.001E-5
1.460E+1	9.600E-2	-8.028E-5
1.468E+1	9.000E-2	-8.038E-5
1.475E+1	8.400E-2	-8.064E-5
1.483E+1	7.800E-2	-8.075E-5
1.490E+1	7.200E-2	-8.104E-5
1.498E+1	6.600E-2	-8.117E-5
1.506E+1	6.000E-2	-8.138E-5
1.513E+1	5.400E-2	-8.158E-5
1.521E+1	4.800E-2	-8.186E-5
1.529E+1	4.200E-2	-8.198E-5
1.536E+1	3.600E-2	-8.232E-5
1.544E+1	3.000E-2	-8.243E-5
1.552E+1	2.400E-2	-8.270E-5
1.559E+1	1.800E-2	-8.295E-5
1.567E+1	1.200E-2	-8.318E-5
1.574E+1	6.000E-3	-8.337E-5
1.582E+1	-1.039E-15	-8.361E-5
