1.200E-1	1.200E+0	5.027E-5
2.640E-1	1.194E+0	6.010E-5
3.370E-1	1.188E+0	6.736E-5
4.110E-1	1.182E+0	7.258E-5
4.850E-1	1.176E+0	7.620E-5
5.590E-1	1.170E+0	7.790E-5
6.330E-1	1.164E+0	7.815E-5
7.070E-1	1.158E+0	7.792E-5
7.800E-1	1.152E+0	7.568E-5
8.540E-1	1.146E+0	7.347E-5
9.280E-1	1.140E+0	7.075E-5
1.002E+0	1.134E+0	6.793E-5
1.076E+0	1.128E+0	6.461E-5
1.149E+0	1.122E+0	6.091E-5
1.223E+0	1.116E+0	5.746E-5
1.297E+0	1.110E+0	5.416E-5
1.371E+0	1.104E+0	5.101E-5
1.447E+0	1.098E+0	4.756E-5
1.523E+0	1.092E+0	4.430E-5
1.599E+0	1.086E+0	4.149E-5
1.675E+0	1.080E+0	3.848E-5
1.751E+0	1.074E+0	3.569E-5
1.827E+0	1.068E+0	3.324E-5
1.903E+0	1.062E+0	3.079E-5
1.979E+0	1.056E+0	2.872E-5
2.055E+0	1.050E+0	2.670E-5
2.131E+0	1.044E+0	2.490E-5
2.207E+0	1.038E+0	2.301E-5
2.282E+0	1.032E+0	2.140E-5
2.358E+0	1.026E+0	1.986E-5
2.434E+0	1.020E+0	1.858E-5
2.510E+0	1.014E+0	1.725E-5
2.586E+0	1.008E+0	1.607E-5
2.662E+0	1.002E+0	1.462E-5
2.738E+0	9.960E-1	1.380E-5
2.814E+0	9.900E-1	1.294E-5
2.890E+0	9.840E-1	1.200E-5
2.967E+0	9.780E-1	1.111E-5
3.043E+0	9.720E-1	1.022E-5
3.119E+0	9.660E-1	9.625E-6
3.259E+0	9.600E-1	9.060E-6
3.346E+0	9.540E-1	8.447E-6
3.423E+0	9.480E-1	8.213E-6
3.499E+0	9.420E-1	7.822E-6
3.575E+0	9.360E-1	7.377E-6
3.662E+0	9.300E-1	6.939E-6
3.736E+0	9.240E-1	6.669E-6
3.811E+0	9.180E-1	6.436E-6
3.886E+0	9.120E-1	6.107E-6
3.961E+0	9.060E-1	5.718E-6
4.036E+0	9.000E-1	5.390E-6
4.111E+0	8.940E-1	5.361E-6
4.186E+0	8.880E-1	5.099E-6
4.261E+0	8.820E-1	4.878E-6
4.336E+0	8.760E-1	4.687E-6
4.411E+0	8.700E-1	4.704E-6
4.488E+0	8.640E-1	4.676E-6
4.564E+0	8.580E-1	4.529E-6
4.640E+0	8.520E-1	4.360E-6
4.717E+0	8.460E-1	4.235E-6
4.793E+0	8.400E-1	4.243E-6
4.869E+0	8.340E-1	4.115E-6
4.945E+0	8.280E-1	4.027E-6
5.022E+0	8.220E-1	3.957E-6
5.098E+0	8.160E-1	3.878E-6
5.174E+0	8.100E-1	3.832E-6
5.251E+0	8.040E-1	3.755E-6
5.327E+0	7.980E-1	3.672E-6
5.403E+0	7.920E-1	3.543E-6
5.480E+0	7.860E-1	3.494E-6
5.556E+0	7.800E-1	3.526E-6
5.632E+0	7.740E-1	3.419E-6
5.709E+0	7.680E-1	3.120E-6
5.785E+0	7.620E-1	3.032E-6
5.861E+0	7.560E-1	2.961E-6
5.937E+0	7.500E-1	2.893E-6
6.014E+0	7.440E-1	2.998E-6
6.090E+0	7.380E-1	2.955E-6
6.166E+0	7.320E-1	2.735E-6
6.243E+0	7.260E-1	2.703E-6
6.319E+0	7.200E-1	2.681E-6
6.395E+0	7.140E-1	2.651E-6
6.472E+0	7.080E-1	2.567E-6
6.548E+0	7.020E-1	2.691E-6
6.624E+0	6.960E-1	2.648E-6
6.701E+0	6.900E-1	2.570E-6
6.777E+0	6.840E-1	2.488E-6
6.853E+0	6.780E-1	2.359E-6
6.930E+0	6.720E-1	2.334E-6
7.006E+0	6.660E-1	2.225E-6
7.082E+0	6.600E-1	2.305E-6
7.159E+0	6.540E-1	2.288E-6
7.235E+0	6.480E-1	2.188E-6
7.311E+0	6.420E-1	2.148E-6
7.387E+0	6.360E-1	2.180E-6
7.463E+0	6.300E-1	2.133E-6
7.539E+0	6.240E-1	2.139E-6
7.616E+0	6.180E-1	2.133E-6
7.692E+0	6.120E-1	2.065E-6
7.768E+0	6.060E-1	2.052E-6
7.844E+0	6.000E-1	2.071E-6
7.920E+0	5.940E-1	2.110E-6
7.996E+0	5.880E-1	2.109E-6
8.072E+0	5.820E-1	2.068E-6
8.149E+0	5.760E-1	1.971E-6
8.225E+0	5.700E-1	1.967E-6
8.301E+0	5.640E-1	1.906E-6
8.378E+0	5.580E-1	1.898E-6
8.454E+0	5.520E-1	1.910E-6
8.530E+0	5.460E-1	1.797E-6
8.606E+0	5.400E-1	1.918E-6
8.683E+0	5.340E-1	1.835E-6
8.759E+0	5.280E-1	1.836E-6
8.835E+0	5.220E-1	1.760E-6
8.911E+0	5.160E-1	1.769E-6
8.988E+0	5.100E-1	1.719E-6
9.064E+0	5.040E-1	1.724E-6
9.140E+0	4.980E-1	1.635E-6
9.216E+0	4.920E-1	1.636E-6
9.293E+0	4.860E-1	1.648E-6
9.369E+0	4.800E-1	1.643E-6
9.445E+0	4.740E-1	1.597E-6
9.522E+0	4.680E-1	1.524E-6
9.598E+0	4.620E-1	1.515E-6
9.674E+0	4.560E-1	1.467E-6
9.751E+0	4.500E-1	1.447E-6
9.827E+0	4.440E-1	1.412E-6
9.903E+0	4.380E-1	1.409E-6
9.979E+0	4.320E-1	1.366E-6
1.006E+1	4.260E-1	1.379E-6
1.013E+1	4.200E-1	1.325E-6
1.021E+1	4.140E-1	1.336E-6
1.028E+1	4.080E-1	1.336E-6
1.036E+1	4.020E-1	1.295E-6
1.044E+1	3.960E-1	1.243E-6
1.051E+1	3.900E-1	1.220E-6
1.059E+1	3.840E-1	1.252E-6
1.067E+1	3.780E-1	1.246E-6
1.074E+1	3.720E-1	1.201E-6
1.082E+1	3.660E-1	1.154E-6
1.089E+1	3.600E-1	1.147E-6
1.097E+1	3.540E-1	1.119E-6
1.105E+1	3.480E-1	1.079E-6
1.112E+1	3.420E-1	1.057E-6
1.120E+1	3.360E-1	1.096E-6
1.128E+1	3.300E-1	1.057E-6
1.135E+1	3.240E-1	1.072E-6
1.143E+1	3.180E-1	1.058E-6
1.150E+1	3.120E-1	1.055E-6
1.158E+1	3.060E-1	1.077E-6
1.166E+1	3.000E-1	1.066E-6
1.173E+1	2.940E-1	1.069E-6
1.181E+1	2.880E-1	1.041E-6
1.188E+1	2.820E-1	1.094E-6
1.215E+1	2.760E-1	1.029E-6
1.224E+1	2.700E-1	1.028E-6
1.232E+1	2.640E-1	1.003E-6
1.248E+1	2.580E-1	9.655E-7
1.255E+1	2.520E-1	9.608E-7
1.263E+1	2.460E-1	9.239E-7
1.271E+1	2.400E-1	8.915E-7
1.278E+1	2.340E-1	7.763E-7
1.286E+1	2.280E-1	7.400E-7
1.294E+1	2.220E-1	7.143E-7
1.301E+1	2.160E-1	6.928E-7
1.309E+1	2.100E-1	7.034E-7
1.316E+1	2.040E-1	6.737E-7
1.324E+1	1.980E-1	6.640E-7
1.332E+1	1.920E-1	6.523E-7
1.339E+1	1.860E-1	6.420E-7
1.347E+1	1.800E-1	6.366E-7
1.354E+1	1.740E-1	5.990E-7
1.362E+1	1.680E-1	5.818E-7
1.370E+1	1.620E-1	5.767E-7
1.378E+1	1.560E-1	5.643E-7
1.385E+1	1.500E-1	5.362E-7
1.393E+1	1.440E-1	5.176E-7
1.400E+1	1.380E-1	4.890E-7
1.408E+1	1.320E-1	4.726E-7
1.416E+1	1.260E-1	4.492E-7
1.423E+1	1.200E-1	4.331E-7
1.431E+1	1.140E-1	4.085E-7
1.438E+1	1.080E-1	3.694E-7
1.446E+1	1.020E-1	3.260E-7
1.454E+1	9.600E-2	2.956E-7
1.461E+1	9.000E-2	2.980E-7
1.469E+1	8.400E-2	2.794E-7
1.477E+1	7.800E-2	2.324E-7
1.484E+1	7.200E-2	2.203E-7
1.492E+1	6.600E-2	1.916E-7
1.500E+1	6.000E-2	1.732E-7
1.507E+1	5.400E-2	1.590E-7
1.515E+1	4.800E-2	1.406E-7
1.523E+1	4.200E-2	1.219E-7
1.530E+1	3.600E-2	9.516E-8
1.538E+1	3.000E-2	6.895E-8
1.546E+1	2.400E-2	3.964E-8
1.553E+1	1.800E-2	1.247E-8
1.561E+1	1.200E-2	-1.555E-8
1.569E+1	6.000E-3	-4.223E-8
1.576E+1	-1.039E-15	-7.028E-8
