1.240E-1	1.200E+0	1.234E-4
2.640E-1	1.194E+0	1.280E-4
3.380E-1	1.188E+0	1.353E-4
4.110E-1	1.182E+0	1.406E-4
4.850E-1	1.176E+0	1.429E-4
5.590E-1	1.170E+0	1.437E-4
6.320E-1	1.164E+0	1.428E-4
7.060E-1	1.158E+0	1.410E-4
7.800E-1	1.152E+0	1.377E-4
8.530E-1	1.146E+0	1.345E-4
9.270E-1	1.140E+0	1.307E-4
1.000E+0	1.134E+0	1.271E-4
1.074E+0	1.128E+0	1.231E-4
1.148E+0	1.122E+0	1.192E-4
1.221E+0	1.116E+0	1.152E-4
1.295E+0	1.110E+0	1.116E-4
1.369E+0	1.104E+0	1.079E-4
1.445E+0	1.098E+0	1.045E-4
1.520E+0	1.092E+0	1.011E-4
1.596E+0	1.086E+0	9.769E-5
1.732E+0	1.080E+0	9.476E-5
1.820E+0	1.074E+0	9.158E-5
1.896E+0	1.068E+0	8.889E-5
1.972E+0	1.062E+0	8.606E-5
2.048E+0	1.056E+0	8.348E-5
2.124E+0	1.050E+0	8.078E-5
2.199E+0	1.044E+0	7.820E-5
2.275E+0	1.038E+0	7.577E-5
2.351E+0	1.032E+0	7.343E-5
2.427E+0	1.026E+0	7.115E-5
2.502E+0	1.020E+0	6.913E-5
2.578E+0	1.014E+0	6.674E-5
2.654E+0	1.008E+0	6.482E-5
2.730E+0	1.002E+0	6.272E-5
2.805E+0	9.960E-1	6.073E-5
2.882E+0	9.900E-1	5.844E-5
2.958E+0	9.840E-1	5.657E-5
3.034E+0	9.780E-1	5.472E-5
3.111E+0	9.720E-1	5.278E-5
3.187E+0	9.660E-1	5.112E-5
3.263E+0	9.600E-1	4.931E-5
3.339E+0	9.540E-1	4.760E-5
3.416E+0	9.480E-1	4.582E-5
3.492E+0	9.420E-1	4.407E-5
3.568E+0	9.360E-1	4.226E-5
3.644E+0	9.300E-1	4.071E-5
3.720E+0	9.240E-1	3.899E-5
3.797E+0	9.180E-1	3.752E-5
3.873E+0	9.120E-1	3.580E-5
3.949E+0	9.060E-1	3.420E-5
4.025E+0	9.000E-1	3.261E-5
4.102E+0	8.940E-1	3.102E-5
4.178E+0	8.880E-1	2.945E-5
4.254E+0	8.820E-1	2.787E-5
4.331E+0	8.760E-1	2.634E-5
4.407E+0	8.700E-1	2.503E-5
4.483E+0	8.640E-1	2.342E-5
4.559E+0	8.580E-1	2.188E-5
4.635E+0	8.520E-1	2.044E-5
4.712E+0	8.460E-1	1.898E-5
4.788E+0	8.400E-1	1.759E-5
4.864E+0	8.340E-1	1.618E-5
4.940E+0	8.280E-1	1.485E-5
5.017E+0	8.220E-1	1.354E-5
5.093E+0	8.160E-1	1.226E-5
5.169E+0	8.100E-1	1.106E-5
5.245E+0	8.040E-1	1.005E-5
5.321E+0	7.980E-1	9.191E-6
5.461E+0	7.920E-1	7.671E-6
5.544E+0	7.860E-1	6.340E-6
5.633E+0	7.800E-1	5.198E-6
5.709E+0	7.740E-1	3.992E-6
5.787E+0	7.680E-1	2.849E-6
5.863E+0	7.620E-1	1.716E-6
5.939E+0	7.560E-1	7.906E-7
6.086E+0	7.500E-1	-8.847E-8
6.162E+0	7.440E-1	-1.281E-6
6.364E+0	7.380E-1	-2.408E-6
6.446E+0	7.320E-1	-3.548E-6
6.528E+0	7.260E-1	-4.603E-6
6.617E+0	7.200E-1	-5.593E-6
6.693E+0	7.140E-1	-6.578E-6
6.769E+0	7.080E-1	-7.569E-6
6.845E+0	7.020E-1	-8.470E-6
6.922E+0	6.960E-1	-9.416E-6
6.998E+0	6.900E-1	-1.023E-5
7.074E+0	6.840E-1	-1.075E-5
7.270E+0	6.780E-1	-1.167E-5
7.344E+0	6.720E-1	-1.261E-5
7.418E+0	6.660E-1	-1.347E-5
7.491E+0	6.600E-1	-1.435E-5
7.565E+0	6.540E-1	-1.508E-5
7.639E+0	6.480E-1	-1.588E-5
7.713E+0	6.420E-1	-1.669E-5
7.786E+0	6.360E-1	-1.742E-5
7.860E+0	6.300E-1	-1.819E-5
7.934E+0	6.240E-1	-1.887E-5
8.008E+0	6.180E-1	-1.959E-5
8.082E+0	6.120E-1	-2.027E-5
8.156E+0	6.060E-1	-2.098E-5
8.229E+0	6.000E-1	-2.160E-5
8.303E+0	5.940E-1	-2.227E-5
8.377E+0	5.880E-1	-2.287E-5
8.451E+0	5.820E-1	-2.353E-5
8.524E+0	5.760E-1	-2.412E-5
8.598E+0	5.700E-1	-2.480E-5
8.672E+0	5.640E-1	-2.538E-5
8.746E+0	5.580E-1	-2.597E-5
8.820E+0	5.520E-1	-2.652E-5
8.894E+0	5.460E-1	-2.713E-5
8.968E+0	5.400E-1	-2.774E-5
9.044E+0	5.340E-1	-2.822E-5
9.120E+0	5.280E-1	-2.877E-5
9.196E+0	5.220E-1	-2.924E-5
9.272E+0	5.160E-1	-2.981E-5
9.348E+0	5.100E-1	-3.026E-5
9.425E+0	5.040E-1	-3.080E-5
9.501E+0	4.980E-1	-3.125E-5
9.577E+0	4.920E-1	-3.175E-5
9.653E+0	4.860E-1	-3.219E-5
9.729E+0	4.800E-1	-3.270E-5
9.805E+0	4.740E-1	-3.309E-5
9.882E+0	4.680E-1	-3.358E-5
9.958E+0	4.620E-1	-3.394E-5
1.003E+1	4.560E-1	-3.441E-5
1.011E+1	4.500E-1	-3.479E-5
1.019E+1	4.440E-1	-3.526E-5
1.026E+1	4.380E-1	-3.558E-5
1.034E+1	4.320E-1	-3.606E-5
1.041E+1	4.260E-1	-3.641E-5
1.049E+1	4.200E-1	-3.681E-5
1.057E+1	4.140E-1	-3.724E-5
1.064E+1	4.080E-1	-3.757E-5
1.072E+1	4.020E-1	-3.803E-5
1.080E+1	3.960E-1	-3.841E-5
1.087E+1	3.900E-1	-3.873E-5
1.095E+1	3.840E-1	-3.906E-5
1.103E+1	3.780E-1	-3.945E-5
1.110E+1	3.720E-1	-3.974E-5
1.118E+1	3.660E-1	-4.008E-5
1.125E+1	3.600E-1	-4.032E-5
1.133E+1	3.540E-1	-4.070E-5
1.141E+1	3.480E-1	-4.101E-5
1.148E+1	3.420E-1	-4.137E-5
1.156E+1	3.360E-1	-4.161E-5
1.163E+1	3.300E-1	-4.196E-5
1.171E+1	3.240E-1	-4.225E-5
1.179E+1	3.180E-1	-4.254E-5
1.186E+1	3.120E-1	-4.288E-5
1.194E+1	3.060E-1	-4.317E-5
1.202E+1	3.000E-1	-4.347E-5
1.209E+1	2.940E-1	-4.372E-5
1.217E+1	2.880E-1	-4.402E-5
1.224E+1	2.820E-1	-4.430E-5
1.232E+1	2.760E-1	-4.460E-5
1.240E+1	2.700E-1	-4.485E-5
1.247E+1	2.640E-1	-4.517E-5
1.255E+1	2.580E-1	-4.541E-5
1.262E+1	2.520E-1	-4.573E-5
1.270E+1	2.460E-1	-4.600E-5
1.278E+1	2.400E-1	-4.629E-5
1.285E+1	2.340E-1	-4.659E-5
1.293E+1	2.280E-1	-4.691E-5
1.301E+1	2.220E-1	-4.717E-5
1.308E+1	2.160E-1	-4.749E-5
1.316E+1	2.100E-1	-4.781E-5
1.323E+1	2.040E-1	-4.801E-5
1.331E+1	1.980E-1	-4.827E-5
1.339E+1	1.920E-1	-4.856E-5
1.346E+1	1.860E-1	-4.885E-5
1.354E+1	1.800E-1	-4.912E-5
1.362E+1	1.740E-1	-4.944E-5
1.369E+1	1.680E-1	-4.974E-5
1.377E+1	1.620E-1	-5.009E-5
1.384E+1	1.560E-1	-5.037E-5
1.392E+1	1.500E-1	-5.071E-5
1.400E+1	1.440E-1	-5.100E-5
1.407E+1	1.380E-1	-5.129E-5
1.415E+1	1.320E-1	-5.155E-5
1.422E+1	1.260E-1	-5.190E-5
1.430E+1	1.200E-1	-5.222E-5
1.438E+1	1.140E-1	-5.253E-5
1.445E+1	1.080E-1	-5.280E-5
1.453E+1	1.020E-1	-5.315E-5
1.461E+1	9.600E-2	-5.348E-5
1.468E+1	9.000E-2	-5.376E-5
1.476E+1	8.400E-2	-5.411E-5
1.483E+1	7.800E-2	-5.437E-5
1.491E+1	7.200E-2	-5.470E-5
1.499E+1	6.600E-2	-5.497E-5
1.506E+1	6.000E-2	-5.531E-5
1.514E+1	5.400E-2	-5.559E-5
1.522E+1	4.800E-2	-5.594E-5
1.529E+1	4.200E-2	-5.625E-5
1.537E+1	3.600E-2	-5.656E-5
1.545E+1	3.000E-2	-5.689E-5
1.552E+1	2.400E-2	-5.725E-5
1.560E+1	1.800E-2	-5.754E-5
1.567E+1	1.200E-2	-5.789E-5
1.575E+1	6.000E-3	-5.817E-5
1.583E+1	-1.039E-15	-5.852E-5
