1.230E-1	1.200E+0	4.443E-4
2.640E-1	1.194E+0	6.092E-4
3.370E-1	1.188E+0	6.564E-4
4.110E-1	1.182E+0	6.544E-4
4.840E-1	1.176E+0	6.207E-4
5.580E-1	1.170E+0	5.780E-4
6.320E-1	1.164E+0	5.315E-4
7.050E-1	1.158E+0	4.884E-4
7.790E-1	1.152E+0	4.448E-4
8.520E-1	1.146E+0	4.082E-4
9.260E-1	1.140E+0	3.704E-4
1.000E+0	1.134E+0	3.375E-4
1.073E+0	1.128E+0	3.064E-4
1.147E+0	1.122E+0	2.807E-4
1.220E+0	1.116E+0	2.560E-4
1.294E+0	1.110E+0	2.336E-4
1.367E+0	1.104E+0	2.136E-4
1.441E+0	1.098E+0	1.956E-4
1.514E+0	1.092E+0	1.779E-4
1.590E+0	1.086E+0	1.640E-4
1.666E+0	1.080E+0	1.518E-4
1.742E+0	1.074E+0	1.394E-4
1.818E+0	1.068E+0	1.293E-4
1.893E+0	1.062E+0	1.210E-4
1.969E+0	1.056E+0	1.123E-4
2.045E+0	1.050E+0	1.040E-4
2.120E+0	1.044E+0	9.570E-5
2.255E+0	1.038E+0	8.831E-5
2.336E+0	1.032E+0	8.417E-5
2.425E+0	1.026E+0	7.832E-5
2.500E+0	1.020E+0	7.440E-5
2.576E+0	1.014E+0	7.022E-5
2.652E+0	1.008E+0	6.629E-5
2.727E+0	1.002E+0	6.206E-5
2.803E+0	9.960E-1	5.895E-5
2.879E+0	9.900E-1	5.539E-5
2.955E+0	9.840E-1	5.372E-5
3.031E+0	9.780E-1	5.100E-5
3.108E+0	9.720E-1	4.916E-5
3.184E+0	9.660E-1	4.622E-5
3.260E+0	9.600E-1	4.439E-5
3.336E+0	9.540E-1	4.182E-5
3.413E+0	9.480E-1	3.958E-5
3.489E+0	9.420E-1	3.843E-5
3.565E+0	9.360E-1	3.652E-5
3.641E+0	9.300E-1	3.487E-5
3.717E+0	9.240E-1	3.300E-5
3.793E+0	9.180E-1	3.174E-5
3.869E+0	9.120E-1	3.003E-5
3.945E+0	9.060E-1	2.907E-5
4.022E+0	9.000E-1	2.846E-5
4.098E+0	8.940E-1	2.725E-5
4.174E+0	8.880E-1	2.563E-5
4.250E+0	8.820E-1	2.507E-5
4.327E+0	8.760E-1	2.434E-5
4.403E+0	8.700E-1	2.327E-5
4.479E+0	8.640E-1	2.269E-5
4.555E+0	8.580E-1	2.207E-5
4.631E+0	8.520E-1	2.089E-5
4.707E+0	8.460E-1	2.071E-5
4.783E+0	8.400E-1	1.983E-5
4.860E+0	8.340E-1	1.950E-5
4.936E+0	8.280E-1	1.901E-5
5.012E+0	8.220E-1	1.805E-5
5.088E+0	8.160E-1	1.771E-5
5.164E+0	8.100E-1	1.739E-5
5.241E+0	8.040E-1	1.680E-5
5.317E+0	7.980E-1	1.581E-5
5.393E+0	7.920E-1	1.553E-5
5.469E+0	7.860E-1	1.506E-5
5.545E+0	7.800E-1	1.476E-5
5.621E+0	7.740E-1	1.418E-5
5.698E+0	7.680E-1	1.425E-5
5.774E+0	7.620E-1	1.366E-5
5.850E+0	7.560E-1	1.348E-5
5.926E+0	7.500E-1	1.297E-5
6.002E+0	7.440E-1	1.265E-5
6.078E+0	7.380E-1	1.250E-5
6.154E+0	7.320E-1	1.259E-5
6.231E+0	7.260E-1	1.188E-5
6.307E+0	7.200E-1	1.152E-5
6.383E+0	7.140E-1	1.127E-5
6.459E+0	7.080E-1	1.093E-5
6.535E+0	7.020E-1	1.071E-5
6.611E+0	6.960E-1	1.047E-5
6.687E+0	6.900E-1	1.042E-5
6.764E+0	6.840E-1	1.009E-5
6.840E+0	6.780E-1	9.811E-6
6.979E+0	6.720E-1	9.614E-6
7.067E+0	6.660E-1	9.538E-6
7.143E+0	6.600E-1	9.186E-6
7.219E+0	6.540E-1	9.161E-6
7.295E+0	6.480E-1	9.040E-6
7.371E+0	6.420E-1	8.593E-6
7.447E+0	6.360E-1	8.599E-6
7.523E+0	6.300E-1	8.326E-6
7.600E+0	6.240E-1	8.548E-6
7.676E+0	6.180E-1	8.206E-6
7.752E+0	6.120E-1	8.090E-6
7.828E+0	6.060E-1	8.012E-6
7.904E+0	6.000E-1	7.763E-6
7.980E+0	5.940E-1	7.838E-6
8.056E+0	5.880E-1	7.708E-6
8.132E+0	5.820E-1	7.405E-6
8.208E+0	5.760E-1	7.308E-6
8.285E+0	5.700E-1	7.209E-6
8.361E+0	5.640E-1	7.029E-6
8.437E+0	5.580E-1	6.890E-6
8.513E+0	5.520E-1	6.907E-6
8.589E+0	5.460E-1	6.536E-6
8.665E+0	5.400E-1	6.489E-6
8.741E+0	5.340E-1	6.461E-6
8.817E+0	5.280E-1	6.418E-6
8.893E+0	5.220E-1	6.270E-6
8.969E+0	5.160E-1	6.278E-6
9.045E+0	5.100E-1	6.012E-6
9.121E+0	5.040E-1	5.965E-6
9.197E+0	4.980E-1	5.943E-6
9.273E+0	4.920E-1	5.995E-6
9.350E+0	4.860E-1	5.842E-6
9.426E+0	4.800E-1	5.698E-6
9.502E+0	4.740E-1	5.468E-6
9.578E+0	4.680E-1	5.539E-6
9.654E+0	4.620E-1	5.423E-6
9.730E+0	4.560E-1	5.214E-6
9.806E+0	4.500E-1	5.238E-6
9.883E+0	4.440E-1	5.357E-6
9.959E+0	4.380E-1	5.161E-6
1.004E+1	4.320E-1	4.985E-6
1.011E+1	4.260E-1	4.837E-6
1.019E+1	4.200E-1	4.881E-6
1.026E+1	4.140E-1	4.613E-6
1.034E+1	4.080E-1	4.482E-6
1.042E+1	4.020E-1	4.453E-6
1.049E+1	3.960E-1	4.447E-6
1.057E+1	3.900E-1	4.346E-6
1.064E+1	3.840E-1	4.243E-6
1.072E+1	3.780E-1	4.108E-6
1.080E+1	3.720E-1	4.080E-6
1.087E+1	3.660E-1	3.948E-6
1.095E+1	3.600E-1	3.849E-6
1.103E+1	3.540E-1	3.868E-6
1.110E+1	3.480E-1	3.687E-6
1.118E+1	3.420E-1	3.586E-6
1.125E+1	3.360E-1	3.502E-6
1.133E+1	3.300E-1	3.293E-6
1.141E+1	3.240E-1	3.220E-6
1.148E+1	3.180E-1	3.051E-6
1.156E+1	3.120E-1	2.961E-6
1.163E+1	3.060E-1	2.920E-6
1.171E+1	3.000E-1	2.888E-6
1.179E+1	2.940E-1	2.851E-6
1.186E+1	2.880E-1	2.671E-6
1.194E+1	2.820E-1	2.631E-6
1.202E+1	2.760E-1	2.636E-6
1.209E+1	2.700E-1	2.480E-6
1.217E+1	2.640E-1	2.445E-6
1.224E+1	2.580E-1	2.340E-6
1.232E+1	2.520E-1	2.331E-6
1.240E+1	2.460E-1	2.188E-6
1.247E+1	2.400E-1	2.130E-6
1.255E+1	2.340E-1	2.117E-6
1.262E+1	2.280E-1	2.006E-6
1.270E+1	2.220E-1	1.868E-6
1.278E+1	2.160E-1	1.812E-6
1.285E+1	2.100E-1	1.801E-6
1.293E+1	2.040E-1	1.845E-6
1.301E+1	1.980E-1	1.739E-6
1.308E+1	1.920E-1	1.716E-6
1.316E+1	1.860E-1	1.618E-6
1.323E+1	1.800E-1	1.602E-6
1.331E+1	1.740E-1	1.543E-6
1.339E+1	1.680E-1	1.402E-6
1.346E+1	1.620E-1	1.384E-6
1.354E+1	1.560E-1	1.328E-6
1.361E+1	1.500E-1	1.297E-6
1.369E+1	1.440E-1	1.249E-6
1.377E+1	1.380E-1	1.164E-6
1.384E+1	1.320E-1	1.121E-6
1.392E+1	1.260E-1	1.058E-6
1.399E+1	1.200E-1	9.790E-7
1.414E+1	1.140E-1	8.824E-7
1.422E+1	1.080E-1	8.306E-7
1.429E+1	1.020E-1	7.903E-7
1.437E+1	9.600E-2	7.771E-7
1.445E+1	9.000E-2	7.365E-7
1.452E+1	8.400E-2	6.595E-7
1.460E+1	7.800E-2	5.696E-7
1.468E+1	7.200E-2	5.274E-7
1.475E+1	6.600E-2	4.572E-7
1.483E+1	6.000E-2	4.332E-7
1.490E+1	5.400E-2	3.787E-7
1.498E+1	4.800E-2	3.615E-7
1.506E+1	4.200E-2	2.816E-7
1.513E+1	3.600E-2	2.138E-7
1.521E+1	3.000E-2	1.674E-7
1.529E+1	2.400E-2	1.126E-7
1.536E+1	1.800E-2	5.913E-8
1.544E+1	1.200E-2	5.339E-9
1.551E+1	6.000E-3	-3.812E-8
1.559E+1	-1.039E-15	-8.748E-8
