1.240E-1	1.200E+0	1.032E-3
2.640E-1	1.194E+0	8.674E-4
3.960E-1	1.188E+0	7.709E-4
4.690E-1	1.182E+0	6.900E-4
5.430E-1	1.176E+0	6.179E-4
6.170E-1	1.170E+0	5.567E-4
6.900E-1	1.164E+0	5.006E-4
7.640E-1	1.158E+0	4.526E-4
8.380E-1	1.152E+0	4.073E-4
9.120E-1	1.146E+0	3.693E-4
9.860E-1	1.140E+0	3.333E-4
1.061E+0	1.134E+0	3.019E-4
1.137E+0	1.128E+0	2.726E-4
1.213E+0	1.122E+0	2.479E-4
1.289E+0	1.116E+0	2.243E-4
1.364E+0	1.110E+0	2.040E-4
1.440E+0	1.104E+0	1.847E-4
1.516E+0	1.098E+0	1.678E-4
1.592E+0	1.092E+0	1.520E-4
1.668E+0	1.086E+0	1.377E-4
1.743E+0	1.080E+0	1.256E-4
1.819E+0	1.074E+0	1.143E-4
1.895E+0	1.068E+0	1.043E-4
1.970E+0	1.062E+0	9.611E-5
2.106E+0	1.056E+0	8.692E-5
2.187E+0	1.050E+0	7.865E-5
2.275E+0	1.044E+0	7.107E-5
2.350E+0	1.038E+0	6.395E-5
2.426E+0	1.032E+0	5.758E-5
2.502E+0	1.026E+0	5.115E-5
2.577E+0	1.020E+0	4.566E-5
2.653E+0	1.014E+0	4.042E-5
2.729E+0	1.008E+0	3.538E-5
2.804E+0	1.002E+0	3.033E-5
2.880E+0	9.960E-1	2.582E-5
2.956E+0	9.900E-1	2.069E-5
3.032E+0	9.840E-1	1.659E-5
3.108E+0	9.780E-1	1.183E-5
3.185E+0	9.720E-1	9.231E-6
3.324E+0	9.660E-1	4.727E-6
3.411E+0	9.600E-1	4.154E-6
3.680E+0	9.540E-1	1.581E-7
3.832E+0	9.480E-1	-2.662E-6
4.041E+0	9.420E-1	-8.039E-6
4.116E+0	9.360E-1	-1.043E-5
4.311E+0	9.300E-1	-1.584E-5
4.384E+0	9.240E-1	-2.063E-5
4.458E+0	9.180E-1	-2.492E-5
4.532E+0	9.120E-1	-3.014E-5
4.605E+0	9.060E-1	-3.439E-5
4.679E+0	9.000E-1	-3.907E-5
4.753E+0	8.940E-1	-4.357E-5
4.828E+0	8.880E-1	-4.835E-5
4.904E+0	8.820E-1	-5.240E-5
4.981E+0	8.760E-1	-5.731E-5
5.057E+0	8.700E-1	-6.166E-5
5.133E+0	8.640E-1	-6.625E-5
5.209E+0	8.580E-1	-7.083E-5
5.285E+0	8.520E-1	-7.505E-5
5.361E+0	8.460E-1	-7.987E-5
5.437E+0	8.400E-1	-8.449E-5
5.513E+0	8.340E-1	-8.927E-5
5.590E+0	8.280E-1	-9.357E-5
5.666E+0	8.220E-1	-9.875E-5
5.742E+0	8.160E-1	-1.031E-4
5.818E+0	8.100E-1	-1.022E-4
6.007E+0	8.040E-1	-1.069E-4
6.080E+0	7.980E-1	-1.130E-4
6.154E+0	7.920E-1	-1.179E-4
6.228E+0	7.860E-1	-1.237E-4
6.302E+0	7.800E-1	-1.285E-4
6.376E+0	7.740E-1	-1.337E-4
6.450E+0	7.680E-1	-1.386E-4
6.523E+0	7.620E-1	-1.442E-4
6.597E+0	7.560E-1	-1.498E-4
6.670E+0	7.500E-1	-1.545E-4
6.744E+0	7.440E-1	-1.600E-4
6.818E+0	7.380E-1	-1.650E-4
6.891E+0	7.320E-1	-1.703E-4
6.965E+0	7.260E-1	-1.752E-4
7.038E+0	7.200E-1	-1.806E-4
7.112E+0	7.140E-1	-1.854E-4
7.186E+0	7.080E-1	-1.910E-4
7.260E+0	7.020E-1	-1.957E-4
7.333E+0	6.960E-1	-2.012E-4
7.407E+0	6.900E-1	-2.062E-4
7.481E+0	6.840E-1	-2.119E-4
7.557E+0	6.780E-1	-2.167E-4
7.633E+0	6.720E-1	-2.222E-4
7.709E+0	6.660E-1	-2.270E-4
7.785E+0	6.600E-1	-2.325E-4
7.861E+0	6.540E-1	-2.372E-4
7.937E+0	6.480E-1	-2.430E-4
8.013E+0	6.420E-1	-2.484E-4
8.089E+0	6.360E-1	-2.534E-4
8.165E+0	6.300E-1	-2.588E-4
8.241E+0	6.240E-1	-2.634E-4
8.317E+0	6.180E-1	-2.688E-4
8.393E+0	6.120E-1	-2.737E-4
8.469E+0	6.060E-1	-2.793E-4
8.545E+0	6.000E-1	-2.837E-4
8.621E+0	5.940E-1	-2.892E-4
8.697E+0	5.880E-1	-2.935E-4
8.773E+0	5.820E-1	-2.990E-4
8.849E+0	5.760E-1	-3.033E-4
8.925E+0	5.700E-1	-3.085E-4
9.001E+0	5.640E-1	-3.127E-4
9.077E+0	5.580E-1	-3.177E-4
9.153E+0	5.520E-1	-3.220E-4
9.229E+0	5.460E-1	-3.271E-4
9.305E+0	5.400E-1	-3.318E-4
9.381E+0	5.340E-1	-3.355E-4
9.457E+0	5.280E-1	-3.400E-4
9.533E+0	5.220E-1	-3.436E-4
9.609E+0	5.160E-1	-3.479E-4
9.685E+0	5.100E-1	-3.515E-4
9.761E+0	5.040E-1	-3.556E-4
9.836E+0	4.980E-1	-3.590E-4
9.912E+0	4.920E-1	-3.629E-4
9.988E+0	4.860E-1	-3.662E-4
1.006E+1	4.800E-1	-3.698E-4
1.014E+1	4.740E-1	-3.731E-4
1.022E+1	4.680E-1	-3.767E-4
1.029E+1	4.620E-1	-3.800E-4
1.037E+1	4.560E-1	-3.837E-4
1.045E+1	4.500E-1	-3.866E-4
1.052E+1	4.440E-1	-3.902E-4
1.060E+1	4.380E-1	-3.928E-4
1.067E+1	4.320E-1	-3.968E-4
1.075E+1	4.260E-1	-3.999E-4
1.083E+1	4.200E-1	-4.024E-4
1.090E+1	4.140E-1	-4.061E-4
1.098E+1	4.080E-1	-4.092E-4
1.105E+1	4.020E-1	-4.130E-4
1.113E+1	3.960E-1	-4.156E-4
1.121E+1	3.900E-1	-4.193E-4
1.128E+1	3.840E-1	-4.224E-4
1.136E+1	3.780E-1	-4.259E-4
1.143E+1	3.720E-1	-4.289E-4
1.151E+1	3.660E-1	-4.323E-4
1.159E+1	3.600E-1	-4.353E-4
1.166E+1	3.540E-1	-4.386E-4
1.174E+1	3.480E-1	-4.415E-4
1.181E+1	3.420E-1	-4.445E-4
1.189E+1	3.360E-1	-4.478E-4
1.197E+1	3.300E-1	-4.509E-4
1.204E+1	3.240E-1	-4.537E-4
1.212E+1	3.180E-1	-4.567E-4
1.219E+1	3.120E-1	-4.597E-4
1.227E+1	3.060E-1	-4.621E-4
1.235E+1	3.000E-1	-4.653E-4
1.242E+1	2.940E-1	-4.677E-4
1.250E+1	2.880E-1	-4.702E-4
1.257E+1	2.820E-1	-4.726E-4
1.265E+1	2.760E-1	-4.752E-4
1.273E+1	2.700E-1	-4.775E-4
1.280E+1	2.640E-1	-4.795E-4
1.288E+1	2.580E-1	-4.814E-4
1.296E+1	2.520E-1	-4.838E-4
1.303E+1	2.460E-1	-4.859E-4
1.311E+1	2.400E-1	-4.881E-4
1.318E+1	2.340E-1	-4.902E-4
1.326E+1	2.280E-1	-4.919E-4
1.334E+1	2.220E-1	-4.934E-4
1.341E+1	2.160E-1	-4.956E-4
1.349E+1	2.100E-1	-4.968E-4
1.356E+1	2.040E-1	-4.983E-4
1.364E+1	1.980E-1	-4.998E-4
1.372E+1	1.920E-1	-5.015E-4
1.379E+1	1.860E-1	-5.031E-4
1.387E+1	1.800E-1	-5.043E-4
1.394E+1	1.740E-1	-5.061E-4
1.402E+1	1.680E-1	-5.068E-4
1.410E+1	1.620E-1	-5.081E-4
1.417E+1	1.560E-1	-5.091E-4
1.425E+1	1.500E-1	-5.103E-4
1.432E+1	1.440E-1	-5.111E-4
1.440E+1	1.380E-1	-5.120E-4
1.448E+1	1.320E-1	-5.127E-4
1.455E+1	1.260E-1	-5.137E-4
1.463E+1	1.200E-1	-5.141E-4
1.470E+1	1.140E-1	-5.150E-4
1.478E+1	1.080E-1	-5.153E-4
1.486E+1	1.020E-1	-5.158E-4
1.493E+1	9.600E-2	-5.170E-4
1.501E+1	9.000E-2	-5.178E-4
1.508E+1	8.400E-2	-5.178E-4
1.516E+1	7.800E-2	-5.190E-4
1.524E+1	7.200E-2	-5.197E-4
1.531E+1	6.600E-2	-5.197E-4
1.539E+1	6.000E-2	-5.200E-4
1.546E+1	5.400E-2	-5.204E-4
1.554E+1	4.800E-2	-5.212E-4
1.562E+1	4.200E-2	-5.217E-4
1.569E+1	3.600E-2	-5.215E-4
1.577E+1	3.000E-2	-5.223E-4
1.585E+1	2.400E-2	-5.224E-4
1.592E+1	1.800E-2	-5.228E-4
1.600E+1	1.200E-2	-5.231E-4
1.607E+1	6.000E-3	-5.228E-4
1.615E+1	-1.039E-15	-5.235E-4
