1.240E-1	1.200E+0	1.393E-3
3.800E-1	1.194E+0	1.403E-3
4.530E-1	1.188E+0	1.327E-3
5.270E-1	1.182E+0	1.220E-3
6.000E-1	1.176E+0	1.099E-3
6.760E-1	1.170E+0	9.575E-4
8.080E-1	1.164E+0	8.435E-4
8.890E-1	1.158E+0	7.439E-4
9.770E-1	1.152E+0	6.510E-4
1.053E+0	1.146E+0	5.741E-4
1.128E+0	1.140E+0	5.027E-4
1.204E+0	1.134E+0	4.434E-4
1.280E+0	1.128E+0	3.889E-4
1.356E+0	1.122E+0	3.437E-4
1.431E+0	1.116E+0	3.024E-4
1.507E+0	1.110E+0	2.681E-4
1.583E+0	1.104E+0	2.364E-4
1.659E+0	1.098E+0	2.105E-4
1.734E+0	1.092E+0	1.865E-4
1.810E+0	1.086E+0	1.654E-4
1.886E+0	1.080E+0	1.476E-4
1.962E+0	1.074E+0	1.307E-4
2.038E+0	1.068E+0	1.164E-4
2.113E+0	1.062E+0	1.025E-4
2.189E+0	1.056E+0	9.298E-5
2.324E+0	1.050E+0	7.965E-5
2.405E+0	1.044E+0	6.894E-5
2.493E+0	1.038E+0	5.814E-5
2.569E+0	1.032E+0	4.871E-5
2.644E+0	1.026E+0	3.894E-5
2.720E+0	1.020E+0	3.045E-5
2.796E+0	1.014E+0	2.165E-5
2.872E+0	1.008E+0	1.363E-5
2.947E+0	1.002E+0	1.222E-5
3.206E+0	9.960E-1	4.468E-6
3.346E+0	9.900E-1	-3.544E-6
3.421E+0	9.840E-1	-7.969E-6
3.674E+0	9.780E-1	-1.876E-5
3.748E+0	9.720E-1	-2.804E-5
3.822E+0	9.660E-1	-3.580E-5
3.896E+0	9.600E-1	-4.454E-5
3.972E+0	9.540E-1	-5.195E-5
4.048E+0	9.480E-1	-5.987E-5
4.124E+0	9.420E-1	-6.696E-5
4.201E+0	9.360E-1	-7.501E-5
4.277E+0	9.300E-1	-8.218E-5
4.353E+0	9.240E-1	-9.029E-5
4.429E+0	9.180E-1	-9.746E-5
4.505E+0	9.120E-1	-1.050E-4
4.581E+0	9.060E-1	-1.046E-4
4.770E+0	9.000E-1	-1.138E-4
4.843E+0	8.940E-1	-1.224E-4
4.917E+0	8.880E-1	-1.315E-4
4.991E+0	8.820E-1	-1.389E-4
5.065E+0	8.760E-1	-1.479E-4
5.138E+0	8.700E-1	-1.554E-4
5.212E+0	8.640E-1	-1.640E-4
5.285E+0	8.580E-1	-1.728E-4
5.359E+0	8.520E-1	-1.801E-4
5.433E+0	8.460E-1	-1.884E-4
5.507E+0	8.400E-1	-1.962E-4
5.580E+0	8.340E-1	-2.047E-4
5.654E+0	8.280E-1	-2.122E-4
5.728E+0	8.220E-1	-2.206E-4
5.801E+0	8.160E-1	-2.280E-4
5.875E+0	8.100E-1	-2.365E-4
5.949E+0	8.040E-1	-2.438E-4
6.022E+0	7.980E-1	-2.523E-4
6.097E+0	7.920E-1	-2.592E-4
6.173E+0	7.860E-1	-2.668E-4
6.250E+0	7.800E-1	-2.735E-4
6.326E+0	7.740E-1	-2.813E-4
6.402E+0	7.680E-1	-2.881E-4
6.478E+0	7.620E-1	-2.954E-4
6.554E+0	7.560E-1	-3.027E-4
6.630E+0	7.500E-1	-3.090E-4
6.706E+0	7.440E-1	-3.160E-4
6.782E+0	7.380E-1	-3.217E-4
6.858E+0	7.320E-1	-3.279E-4
6.934E+0	7.260E-1	-3.338E-4
7.010E+0	7.200E-1	-3.401E-4
7.086E+0	7.140E-1	-3.450E-4
7.162E+0	7.080E-1	-3.512E-4
7.238E+0	7.020E-1	-3.561E-4
7.314E+0	6.960E-1	-3.620E-4
7.390E+0	6.900E-1	-3.662E-4
7.467E+0	6.840E-1	-3.716E-4
7.543E+0	6.780E-1	-3.755E-4
7.619E+0	6.720E-1	-3.804E-4
7.695E+0	6.660E-1	-3.845E-4
7.772E+0	6.600E-1	-3.893E-4
7.848E+0	6.540E-1	-3.931E-4
7.924E+0	6.480E-1	-3.978E-4
8.000E+0	6.420E-1	-4.023E-4
8.076E+0	6.360E-1	-4.060E-4
8.152E+0	6.300E-1	-4.105E-4
8.228E+0	6.240E-1	-4.137E-4
8.303E+0	6.180E-1	-4.183E-4
8.379E+0	6.120E-1	-4.222E-4
8.455E+0	6.060E-1	-4.265E-4
8.532E+0	6.000E-1	-4.304E-4
8.608E+0	5.940E-1	-4.347E-4
8.684E+0	5.880E-1	-4.381E-4
8.760E+0	5.820E-1	-4.422E-4
8.836E+0	5.760E-1	-4.463E-4
8.912E+0	5.700E-1	-4.497E-4
8.988E+0	5.640E-1	-4.534E-4
9.064E+0	5.580E-1	-4.574E-4
9.140E+0	5.520E-1	-4.611E-4
9.216E+0	5.460E-1	-4.653E-4
9.292E+0	5.400E-1	-4.685E-4
9.368E+0	5.340E-1	-4.723E-4
9.444E+0	5.280E-1	-4.759E-4
9.520E+0	5.220E-1	-4.789E-4
9.596E+0	5.160E-1	-4.830E-4
9.672E+0	5.100E-1	-4.855E-4
9.748E+0	5.040E-1	-4.889E-4
9.824E+0	4.980E-1	-4.917E-4
9.900E+0	4.920E-1	-4.956E-4
9.976E+0	4.860E-1	-4.980E-4
1.005E+1	4.800E-1	-5.008E-4
1.013E+1	4.740E-1	-5.038E-4
1.021E+1	4.680E-1	-5.068E-4
1.028E+1	4.620E-1	-5.092E-4
1.036E+1	4.560E-1	-5.117E-4
1.043E+1	4.500E-1	-5.137E-4
1.051E+1	4.440E-1	-5.161E-4
1.059E+1	4.380E-1	-5.180E-4
1.066E+1	4.320E-1	-5.196E-4
1.074E+1	4.260E-1	-5.222E-4
1.081E+1	4.200E-1	-5.239E-4
1.089E+1	4.140E-1	-5.255E-4
1.096E+1	4.080E-1	-5.272E-4
1.104E+1	4.020E-1	-5.287E-4
1.112E+1	3.960E-1	-5.302E-4
1.119E+1	3.900E-1	-5.310E-4
1.127E+1	3.840E-1	-5.321E-4
1.135E+1	3.780E-1	-5.335E-4
1.142E+1	3.720E-1	-5.345E-4
1.150E+1	3.660E-1	-5.350E-4
1.157E+1	3.600E-1	-5.366E-4
1.165E+1	3.540E-1	-5.361E-4
1.172E+1	3.480E-1	-5.381E-4
1.180E+1	3.420E-1	-5.387E-4
1.188E+1	3.360E-1	-5.397E-4
1.195E+1	3.300E-1	-5.403E-4
1.203E+1	3.240E-1	-5.410E-4
1.211E+1	3.180E-1	-5.411E-4
1.218E+1	3.120E-1	-5.416E-4
1.226E+1	3.060E-1	-5.423E-4
1.233E+1	3.000E-1	-5.431E-4
1.241E+1	2.940E-1	-5.428E-4
1.248E+1	2.880E-1	-5.434E-4
1.256E+1	2.820E-1	-5.440E-4
1.264E+1	2.760E-1	-5.440E-4
1.271E+1	2.700E-1	-5.441E-4
1.279E+1	2.640E-1	-5.449E-4
1.287E+1	2.580E-1	-5.448E-4
1.294E+1	2.520E-1	-5.453E-4
1.302E+1	2.460E-1	-5.455E-4
1.309E+1	2.400E-1	-5.457E-4
1.317E+1	2.340E-1	-5.461E-4
1.324E+1	2.280E-1	-5.464E-4
1.332E+1	2.220E-1	-5.467E-4
1.340E+1	2.160E-1	-5.471E-4
1.347E+1	2.100E-1	-5.474E-4
1.355E+1	2.040E-1	-5.475E-4
1.362E+1	1.980E-1	-5.476E-4
1.370E+1	1.920E-1	-5.476E-4
1.378E+1	1.860E-1	-5.478E-4
1.385E+1	1.800E-1	-5.480E-4
1.393E+1	1.740E-1	-5.480E-4
1.401E+1	1.680E-1	-5.481E-4
1.408E+1	1.620E-1	-5.479E-4
1.416E+1	1.560E-1	-5.482E-4
1.423E+1	1.500E-1	-5.478E-4
1.431E+1	1.440E-1	-5.483E-4
1.439E+1	1.380E-1	-5.481E-4
1.446E+1	1.320E-1	-5.482E-4
1.454E+1	1.260E-1	-5.490E-4
1.461E+1	1.200E-1	-5.490E-4
1.469E+1	1.140E-1	-5.495E-4
1.477E+1	1.080E-1	-5.493E-4
1.484E+1	1.020E-1	-5.490E-4
1.492E+1	9.600E-2	-5.496E-4
1.499E+1	9.000E-2	-5.492E-4
1.507E+1	8.400E-2	-5.494E-4
1.515E+1	7.800E-2	-5.498E-4
1.522E+1	7.200E-2	-5.498E-4
1.530E+1	6.600E-2	-5.495E-4
1.537E+1	6.000E-2	-5.498E-4
1.545E+1	5.400E-2	-5.502E-4
1.553E+1	4.800E-2	-5.498E-4
1.560E+1	4.200E-2	-5.502E-4
1.568E+1	3.600E-2	-5.501E-4
1.576E+1	3.000E-2	-5.503E-4
1.583E+1	2.400E-2	-5.506E-4
1.591E+1	1.800E-2	-5.498E-4
1.598E+1	1.200E-2	-5.506E-4
1.606E+1	6.000E-3	-5.503E-4
1.614E+1	-1.039E-15	-5.504E-4
