1.240E-1	1.200E+0	1.700E-3
3.790E-1	1.194E+0	1.692E-3
4.530E-1	1.188E+0	1.557E-3
5.270E-1	1.182E+0	1.393E-3
6.010E-1	1.176E+0	1.222E-3
6.770E-1	1.170E+0	1.065E-3
7.520E-1	1.164E+0	8.719E-4
8.840E-1	1.158E+0	7.486E-4
9.650E-1	1.152E+0	6.374E-4
1.045E+0	1.146E+0	5.454E-4
1.133E+0	1.140E+0	4.649E-4
1.209E+0	1.134E+0	4.008E-4
1.285E+0	1.128E+0	3.447E-4
1.361E+0	1.122E+0	3.001E-4
1.436E+0	1.116E+0	2.615E-4
1.512E+0	1.110E+0	2.296E-4
1.588E+0	1.104E+0	2.023E-4
1.664E+0	1.098E+0	1.803E-4
1.739E+0	1.092E+0	1.609E-4
1.815E+0	1.086E+0	1.453E-4
1.891E+0	1.080E+0	1.322E-4
1.967E+0	1.074E+0	1.214E-4
2.042E+0	1.068E+0	1.113E-4
2.118E+0	1.062E+0	1.030E-4
2.194E+0	1.056E+0	9.665E-5
2.329E+0	1.050E+0	8.937E-5
2.410E+0	1.044E+0	8.395E-5
2.498E+0	1.038E+0	7.816E-5
2.574E+0	1.032E+0	7.400E-5
2.650E+0	1.026E+0	6.994E-5
2.725E+0	1.020E+0	6.682E-5
2.801E+0	1.014E+0	6.289E-5
2.877E+0	1.008E+0	5.962E-5
2.953E+0	1.002E+0	5.685E-5
3.028E+0	9.960E-1	5.453E-5
3.104E+0	9.900E-1	5.187E-5
3.181E+0	9.840E-1	5.021E-5
3.257E+0	9.780E-1	4.742E-5
3.333E+0	9.720E-1	4.521E-5
3.409E+0	9.660E-1	4.402E-5
3.485E+0	9.600E-1	4.226E-5
3.562E+0	9.540E-1	4.156E-5
3.638E+0	9.480E-1	3.993E-5
3.714E+0	9.420E-1	3.808E-5
3.790E+0	9.360E-1	3.648E-5
3.866E+0	9.300E-1	3.507E-5
3.942E+0	9.240E-1	3.336E-5
4.018E+0	9.180E-1	3.213E-5
4.095E+0	9.120E-1	3.052E-5
4.171E+0	9.060E-1	3.033E-5
4.247E+0	9.000E-1	2.911E-5
4.323E+0	8.940E-1	2.816E-5
4.399E+0	8.880E-1	2.725E-5
4.475E+0	8.820E-1	2.640E-5
4.552E+0	8.760E-1	2.509E-5
4.628E+0	8.700E-1	2.429E-5
4.704E+0	8.640E-1	2.397E-5
4.780E+0	8.580E-1	2.301E-5
4.856E+0	8.520E-1	2.285E-5
4.932E+0	8.460E-1	2.180E-5
5.009E+0	8.400E-1	2.135E-5
5.085E+0	8.340E-1	2.095E-5
5.161E+0	8.280E-1	2.053E-5
5.237E+0	8.220E-1	1.980E-5
5.313E+0	8.160E-1	1.932E-5
5.389E+0	8.100E-1	1.874E-5
5.466E+0	8.040E-1	1.840E-5
5.542E+0	7.980E-1	1.844E-5
5.618E+0	7.920E-1	1.801E-5
5.694E+0	7.860E-1	1.742E-5
5.771E+0	7.800E-1	1.689E-5
5.847E+0	7.740E-1	1.692E-5
5.923E+0	7.680E-1	1.654E-5
5.999E+0	7.620E-1	1.606E-5
6.076E+0	7.560E-1	1.573E-5
6.152E+0	7.500E-1	1.536E-5
6.228E+0	7.440E-1	1.444E-5
6.304E+0	7.380E-1	1.437E-5
6.380E+0	7.320E-1	1.391E-5
6.456E+0	7.260E-1	1.356E-5
6.532E+0	7.200E-1	1.314E-5
6.608E+0	7.140E-1	1.311E-5
6.685E+0	7.080E-1	1.271E-5
6.761E+0	7.020E-1	1.340E-5
6.837E+0	6.960E-1	1.343E-5
6.913E+0	6.900E-1	1.343E-5
6.989E+0	6.840E-1	1.342E-5
7.065E+0	6.780E-1	1.176E-5
7.141E+0	6.720E-1	1.202E-5
7.218E+0	6.660E-1	1.104E-5
7.294E+0	6.600E-1	1.069E-5
7.370E+0	6.540E-1	1.123E-5
7.446E+0	6.480E-1	1.073E-5
7.522E+0	6.420E-1	1.070E-5
7.598E+0	6.360E-1	1.097E-5
7.674E+0	6.300E-1	1.074E-5
7.750E+0	6.240E-1	1.013E-5
7.826E+0	6.180E-1	9.881E-6
7.966E+0	6.120E-1	9.725E-6
8.053E+0	6.060E-1	9.916E-6
8.129E+0	6.000E-1	1.001E-5
8.205E+0	5.940E-1	9.625E-6
8.281E+0	5.880E-1	9.643E-6
8.357E+0	5.820E-1	9.257E-6
8.433E+0	5.760E-1	9.353E-6
8.510E+0	5.700E-1	9.428E-6
8.586E+0	5.640E-1	8.994E-6
8.662E+0	5.580E-1	9.611E-6
8.738E+0	5.520E-1	9.414E-6
8.814E+0	5.460E-1	9.118E-6
8.890E+0	5.400E-1	9.060E-6
8.966E+0	5.340E-1	9.181E-6
9.042E+0	5.280E-1	8.913E-6
9.119E+0	5.220E-1	8.675E-6
9.195E+0	5.160E-1	8.568E-6
9.271E+0	5.100E-1	8.299E-6
9.347E+0	5.040E-1	8.614E-6
9.423E+0	4.980E-1	8.616E-6
9.499E+0	4.920E-1	8.417E-6
9.576E+0	4.860E-1	8.066E-6
9.652E+0	4.800E-1	8.079E-6
9.728E+0	4.740E-1	7.783E-6
9.804E+0	4.680E-1	7.836E-6
9.881E+0	4.620E-1	7.552E-6
9.957E+0	4.560E-1	7.866E-6
1.003E+1	4.500E-1	7.850E-6
1.011E+1	4.440E-1	7.486E-6
1.019E+1	4.380E-1	7.306E-6
1.026E+1	4.320E-1	7.301E-6
1.034E+1	4.260E-1	7.478E-6
1.041E+1	4.200E-1	7.354E-6
1.049E+1	4.140E-1	7.272E-6
1.057E+1	4.080E-1	7.273E-6
1.064E+1	4.020E-1	7.108E-6
1.072E+1	3.960E-1	6.978E-6
1.079E+1	3.900E-1	6.898E-6
1.087E+1	3.840E-1	6.821E-6
1.095E+1	3.780E-1	6.697E-6
1.102E+1	3.720E-1	6.439E-6
1.110E+1	3.660E-1	6.163E-6
1.118E+1	3.600E-1	5.971E-6
1.125E+1	3.540E-1	5.745E-6
1.133E+1	3.480E-1	5.613E-6
1.140E+1	3.420E-1	5.240E-6
1.148E+1	3.360E-1	5.617E-6
1.156E+1	3.300E-1	5.558E-6
1.163E+1	3.240E-1	5.836E-6
1.171E+1	3.180E-1	5.851E-6
1.178E+1	3.120E-1	5.963E-6
1.186E+1	3.060E-1	5.391E-6
1.194E+1	3.000E-1	5.481E-6
1.201E+1	2.940E-1	5.319E-6
1.209E+1	2.880E-1	5.217E-6
1.216E+1	2.820E-1	5.038E-6
1.224E+1	2.760E-1	4.896E-6
1.232E+1	2.700E-1	4.744E-6
1.239E+1	2.640E-1	4.786E-6
1.247E+1	2.580E-1	4.677E-6
1.255E+1	2.520E-1	4.503E-6
1.262E+1	2.460E-1	4.337E-6
1.270E+1	2.400E-1	4.233E-6
1.277E+1	2.340E-1	4.478E-6
1.285E+1	2.280E-1	4.333E-6
1.293E+1	2.220E-1	4.185E-6
1.300E+1	2.160E-1	4.107E-6
1.308E+1	2.100E-1	4.074E-6
1.315E+1	2.040E-1	4.037E-6
1.323E+1	1.980E-1	3.845E-6
1.331E+1	1.920E-1	3.823E-6
1.338E+1	1.860E-1	3.769E-6
1.346E+1	1.800E-1	3.591E-6
1.354E+1	1.740E-1	3.502E-6
1.361E+1	1.680E-1	3.423E-6
1.369E+1	1.620E-1	3.212E-6
1.376E+1	1.560E-1	3.164E-6
1.384E+1	1.500E-1	2.895E-6
1.392E+1	1.440E-1	2.893E-6
1.399E+1	1.380E-1	2.724E-6
1.407E+1	1.320E-1	2.655E-6
1.414E+1	1.260E-1	2.622E-6
1.422E+1	1.200E-1	2.571E-6
1.430E+1	1.140E-1	2.379E-6
1.437E+1	1.080E-1	2.263E-6
1.445E+1	1.020E-1	2.136E-6
1.452E+1	9.600E-2	1.983E-6
1.461E+1	9.000E-2	1.930E-6
1.468E+1	8.400E-2	1.795E-6
1.475E+1	7.800E-2	1.656E-6
1.483E+1	7.200E-2	1.517E-6
1.490E+1	6.600E-2	1.401E-6
1.498E+1	6.000E-2	1.255E-6
1.506E+1	5.400E-2	1.107E-6
1.513E+1	4.800E-2	9.833E-7
1.528E+1	4.200E-2	8.466E-7
1.536E+1	3.600E-2	7.087E-7
1.543E+1	3.000E-2	5.858E-7
1.551E+1	2.400E-2	4.463E-7
1.558E+1	1.800E-2	3.222E-7
1.566E+1	1.200E-2	1.819E-7
1.574E+1	6.000E-3	5.135E-8
1.581E+1	-1.039E-15	-8.897E-8
