1.230E-1	1.200E+0	1.832E-3
2.630E-1	1.194E+0	1.797E-3
3.370E-1	1.188E+0	1.577E-3
4.110E-1	1.182E+0	1.364E-3
4.850E-1	1.176E+0	1.171E-3
5.580E-1	1.170E+0	1.010E-3
6.320E-1	1.164E+0	8.335E-4
7.640E-1	1.158E+0	7.246E-4
8.370E-1	1.152E+0	6.274E-4
9.110E-1	1.146E+0	5.487E-4
9.840E-1	1.140E+0	4.782E-4
1.058E+0	1.134E+0	4.188E-4
1.132E+0	1.128E+0	3.684E-4
1.207E+0	1.122E+0	3.248E-4
1.283E+0	1.116E+0	2.874E-4
1.359E+0	1.110E+0	2.548E-4
1.435E+0	1.104E+0	2.265E-4
1.510E+0	1.098E+0	2.026E-4
1.586E+0	1.092E+0	1.807E-4
1.662E+0	1.086E+0	1.622E-4
1.738E+0	1.080E+0	1.466E-4
1.814E+0	1.074E+0	1.322E-4
1.889E+0	1.068E+0	1.185E-4
1.965E+0	1.062E+0	1.070E-4
2.041E+0	1.056E+0	1.002E-4
2.176E+0	1.050E+0	8.871E-5
2.257E+0	1.044E+0	7.955E-5
2.345E+0	1.038E+0	7.178E-5
2.421E+0	1.032E+0	6.176E-5
2.496E+0	1.026E+0	5.449E-5
2.572E+0	1.020E+0	4.777E-5
2.648E+0	1.014E+0	4.066E-5
2.724E+0	1.008E+0	3.426E-5
2.799E+0	1.002E+0	2.704E-5
2.875E+0	9.960E-1	2.085E-5
2.951E+0	9.900E-1	1.462E-5
3.027E+0	9.840E-1	1.659E-5
3.286E+0	9.780E-1	1.352E-5
3.545E+0	9.720E-1	6.873E-6
3.685E+0	9.660E-1	3.951E-6
3.961E+0	9.600E-1	-1.898E-6
4.038E+0	9.540E-1	-9.983E-6
4.114E+0	9.480E-1	-1.242E-5
4.309E+0	9.420E-1	-2.094E-5
4.382E+0	9.360E-1	-2.940E-5
4.456E+0	9.300E-1	-3.576E-5
4.530E+0	9.240E-1	-4.344E-5
4.604E+0	9.180E-1	-4.950E-5
4.677E+0	9.120E-1	-5.649E-5
4.751E+0	9.060E-1	-6.217E-5
4.825E+0	9.000E-1	-6.894E-5
4.899E+0	8.940E-1	-7.506E-5
4.973E+0	8.880E-1	-8.155E-5
5.047E+0	8.820E-1	-8.664E-5
5.120E+0	8.760E-1	-9.390E-5
5.194E+0	8.700E-1	-1.004E-4
5.268E+0	8.640E-1	-1.050E-4
5.341E+0	8.580E-1	-1.055E-4
5.530E+0	8.520E-1	-1.123E-4
5.611E+0	8.460E-1	-1.206E-4
5.700E+0	8.400E-1	-1.272E-4
5.776E+0	8.340E-1	-1.351E-4
5.852E+0	8.280E-1	-1.418E-4
5.928E+0	8.220E-1	-1.496E-4
6.004E+0	8.160E-1	-1.560E-4
6.080E+0	8.100E-1	-1.629E-4
6.156E+0	8.040E-1	-1.694E-4
6.232E+0	7.980E-1	-1.774E-4
6.308E+0	7.920E-1	-1.842E-4
6.385E+0	7.860E-1	-1.917E-4
6.461E+0	7.800E-1	-1.980E-4
6.537E+0	7.740E-1	-2.060E-4
6.613E+0	7.680E-1	-2.115E-4
6.689E+0	7.620E-1	-2.194E-4
6.765E+0	7.560E-1	-2.270E-4
6.841E+0	7.500E-1	-2.339E-4
6.917E+0	7.440E-1	-2.414E-4
6.993E+0	7.380E-1	-2.478E-4
7.069E+0	7.320E-1	-2.559E-4
7.145E+0	7.260E-1	-2.623E-4
7.221E+0	7.200E-1	-2.700E-4
7.298E+0	7.140E-1	-2.761E-4
7.374E+0	7.080E-1	-2.837E-4
7.450E+0	7.020E-1	-2.896E-4
7.526E+0	6.960E-1	-2.964E-4
7.602E+0	6.900E-1	-3.015E-4
7.678E+0	6.840E-1	-3.075E-4
7.754E+0	6.780E-1	-3.134E-4
7.830E+0	6.720E-1	-3.194E-4
7.906E+0	6.660E-1	-3.239E-4
7.983E+0	6.600E-1	-3.294E-4
8.059E+0	6.540E-1	-3.334E-4
8.135E+0	6.480E-1	-3.397E-4
8.212E+0	6.420E-1	-3.446E-4
8.287E+0	6.360E-1	-3.486E-4
8.363E+0	6.300E-1	-3.533E-4
8.439E+0	6.240E-1	-3.567E-4
8.515E+0	6.180E-1	-3.620E-4
8.591E+0	6.120E-1	-3.650E-4
8.667E+0	6.060E-1	-3.703E-4
8.743E+0	6.000E-1	-3.739E-4
8.819E+0	5.940E-1	-3.782E-4
8.895E+0	5.880E-1	-3.818E-4
8.971E+0	5.820E-1	-3.866E-4
9.047E+0	5.760E-1	-3.905E-4
9.123E+0	5.700E-1	-3.950E-4
9.200E+0	5.640E-1	-3.987E-4
9.275E+0	5.580E-1	-4.030E-4
9.351E+0	5.520E-1	-4.067E-4
9.427E+0	5.460E-1	-4.111E-4
9.503E+0	5.400E-1	-4.160E-4
9.579E+0	5.340E-1	-4.199E-4
9.655E+0	5.280E-1	-4.245E-4
9.731E+0	5.220E-1	-4.282E-4
9.807E+0	5.160E-1	-4.332E-4
9.883E+0	5.100E-1	-4.370E-4
9.959E+0	5.040E-1	-4.417E-4
1.004E+1	4.980E-1	-4.456E-4
1.011E+1	4.920E-1	-4.502E-4
1.019E+1	4.860E-1	-4.541E-4
1.026E+1	4.800E-1	-4.586E-4
1.034E+1	4.740E-1	-4.613E-4
1.041E+1	4.680E-1	-4.656E-4
1.049E+1	4.620E-1	-4.701E-4
1.057E+1	4.560E-1	-4.741E-4
1.064E+1	4.500E-1	-4.770E-4
1.072E+1	4.440E-1	-4.815E-4
1.080E+1	4.380E-1	-4.844E-4
1.087E+1	4.320E-1	-4.877E-4
1.095E+1	4.260E-1	-4.905E-4
1.102E+1	4.200E-1	-4.937E-4
1.110E+1	4.140E-1	-4.965E-4
1.118E+1	4.080E-1	-4.992E-4
1.125E+1	4.020E-1	-5.023E-4
1.133E+1	3.960E-1	-5.044E-4
1.140E+1	3.900E-1	-5.079E-4
1.148E+1	3.840E-1	-5.102E-4
1.156E+1	3.780E-1	-5.130E-4
1.163E+1	3.720E-1	-5.152E-4
1.171E+1	3.660E-1	-5.169E-4
1.179E+1	3.600E-1	-5.191E-4
1.186E+1	3.540E-1	-5.215E-4
1.194E+1	3.480E-1	-5.237E-4
1.201E+1	3.420E-1	-5.251E-4
1.209E+1	3.360E-1	-5.266E-4
1.216E+1	3.300E-1	-5.282E-4
1.224E+1	3.240E-1	-5.294E-4
1.232E+1	3.180E-1	-5.305E-4
1.239E+1	3.120E-1	-5.319E-4
1.247E+1	3.060E-1	-5.329E-4
1.254E+1	3.000E-1	-5.340E-4
1.262E+1	2.940E-1	-5.352E-4
1.270E+1	2.880E-1	-5.358E-4
1.277E+1	2.820E-1	-5.371E-4
1.285E+1	2.760E-1	-5.385E-4
1.293E+1	2.700E-1	-5.388E-4
1.300E+1	2.640E-1	-5.394E-4
1.308E+1	2.580E-1	-5.400E-4
1.315E+1	2.520E-1	-5.406E-4
1.323E+1	2.460E-1	-5.406E-4
1.330E+1	2.400E-1	-5.420E-4
1.338E+1	2.340E-1	-5.429E-4
1.346E+1	2.280E-1	-5.432E-4
1.353E+1	2.220E-1	-5.431E-4
1.361E+1	2.160E-1	-5.447E-4
1.369E+1	2.100E-1	-5.450E-4
1.376E+1	2.040E-1	-5.456E-4
1.384E+1	1.980E-1	-5.461E-4
1.391E+1	1.920E-1	-5.464E-4
1.399E+1	1.860E-1	-5.467E-4
1.406E+1	1.800E-1	-5.468E-4
1.414E+1	1.740E-1	-5.477E-4
1.422E+1	1.680E-1	-5.477E-4
1.429E+1	1.620E-1	-5.476E-4
1.437E+1	1.560E-1	-5.475E-4
1.445E+1	1.500E-1	-5.478E-4
1.452E+1	1.440E-1	-5.481E-4
1.460E+1	1.380E-1	-5.490E-4
1.467E+1	1.320E-1	-5.492E-4
1.475E+1	1.260E-1	-5.496E-4
1.482E+1	1.200E-1	-5.497E-4
1.490E+1	1.140E-1	-5.503E-4
1.498E+1	1.080E-1	-5.506E-4
1.505E+1	1.020E-1	-5.513E-4
1.513E+1	9.600E-2	-5.515E-4
1.521E+1	9.000E-2	-5.519E-4
1.528E+1	8.400E-2	-5.519E-4
1.536E+1	7.800E-2	-5.527E-4
1.543E+1	7.200E-2	-5.527E-4
1.551E+1	6.600E-2	-5.535E-4
1.559E+1	6.000E-2	-5.539E-4
1.566E+1	5.400E-2	-5.538E-4
1.574E+1	4.800E-2	-5.542E-4
1.581E+1	4.200E-2	-5.543E-4
1.589E+1	3.600E-2	-5.548E-4
1.597E+1	3.000E-2	-5.550E-4
1.604E+1	2.400E-2	-5.556E-4
1.612E+1	1.800E-2	-5.555E-4
1.620E+1	1.200E-2	-5.559E-4
1.627E+1	6.000E-3	-5.567E-4
1.635E+1	-1.039E-15	-5.568E-4
