1.240E-1	1.200E+0	2.106E-3
3.800E-1	1.194E+0	2.063E-3
4.530E-1	1.188E+0	1.895E-3
5.270E-1	1.182E+0	1.706E-3
6.010E-1	1.176E+0	1.513E-3
6.770E-1	1.170E+0	1.338E-3
7.530E-1	1.164E+0	1.174E-3
8.280E-1	1.158E+0	1.032E-3
9.040E-1	1.152E+0	8.781E-4
1.036E+0	1.146E+0	7.697E-4
1.117E+0	1.140E+0	6.705E-4
1.197E+0	1.134E+0	5.883E-4
1.286E+0	1.128E+0	5.140E-4
1.361E+0	1.122E+0	4.534E-4
1.437E+0	1.116E+0	3.983E-4
1.513E+0	1.110E+0	3.529E-4
1.589E+0	1.104E+0	3.115E-4
1.664E+0	1.098E+0	2.775E-4
1.740E+0	1.092E+0	2.461E-4
1.816E+0	1.086E+0	2.188E-4
1.892E+0	1.080E+0	1.961E-4
1.968E+0	1.074E+0	1.747E-4
2.044E+0	1.068E+0	1.567E-4
2.119E+0	1.062E+0	1.394E-4
2.195E+0	1.056E+0	1.248E-4
2.271E+0	1.050E+0	1.104E-4
2.346E+0	1.044E+0	1.007E-4
2.481E+0	1.038E+0	8.698E-5
2.562E+0	1.032E+0	7.596E-5
2.650E+0	1.026E+0	6.497E-5
2.726E+0	1.020E+0	5.541E-5
2.802E+0	1.014E+0	4.559E-5
2.878E+0	1.008E+0	3.709E-5
2.953E+0	1.002E+0	2.828E-5
3.029E+0	9.960E-1	2.046E-5
3.105E+0	9.900E-1	1.225E-5
3.181E+0	9.840E-1	7.781E-6
3.321E+0	9.780E-1	5.051E-6
3.597E+0	9.720E-1	-2.977E-6
3.672E+0	9.660E-1	-7.246E-6
3.925E+0	9.600E-1	-1.745E-5
3.999E+0	9.540E-1	-2.536E-5
4.073E+0	9.480E-1	-3.350E-5
4.146E+0	9.420E-1	-4.054E-5
4.220E+0	9.360E-1	-4.824E-5
4.294E+0	9.300E-1	-5.491E-5
4.368E+0	9.240E-1	-6.236E-5
4.442E+0	9.180E-1	-6.886E-5
4.516E+0	9.120E-1	-7.613E-5
4.589E+0	9.060E-1	-8.250E-5
4.664E+0	9.000E-1	-8.972E-5
4.741E+0	8.940E-1	-9.591E-5
4.817E+0	8.880E-1	-1.033E-4
4.893E+0	8.820E-1	-1.014E-4
5.082E+0	8.760E-1	-1.100E-4
5.155E+0	8.700E-1	-1.179E-4
5.229E+0	8.640E-1	-1.262E-4
5.303E+0	8.580E-1	-1.343E-4
5.377E+0	8.520E-1	-1.412E-4
5.450E+0	8.460E-1	-1.492E-4
5.524E+0	8.400E-1	-1.562E-4
5.597E+0	8.340E-1	-1.641E-4
5.671E+0	8.280E-1	-1.709E-4
5.745E+0	8.220E-1	-1.788E-4
5.819E+0	8.160E-1	-1.855E-4
5.892E+0	8.100E-1	-1.935E-4
5.966E+0	8.040E-1	-2.002E-4
6.039E+0	7.980E-1	-2.084E-4
6.113E+0	7.920E-1	-2.147E-4
6.187E+0	7.860E-1	-2.229E-4
6.260E+0	7.800E-1	-2.294E-4
6.334E+0	7.740E-1	-2.375E-4
6.408E+0	7.680E-1	-2.440E-4
6.482E+0	7.620E-1	-2.520E-4
6.558E+0	7.560E-1	-2.594E-4
6.634E+0	7.500E-1	-2.655E-4
6.710E+0	7.440E-1	-2.732E-4
6.786E+0	7.380E-1	-2.792E-4
6.862E+0	7.320E-1	-2.864E-4
6.938E+0	7.260E-1	-2.924E-4
7.014E+0	7.200E-1	-2.994E-4
7.090E+0	7.140E-1	-3.051E-4
7.166E+0	7.080E-1	-3.117E-4
7.242E+0	7.020E-1	-3.173E-4
7.318E+0	6.960E-1	-3.236E-4
7.394E+0	6.900E-1	-3.289E-4
7.471E+0	6.840E-1	-3.349E-4
7.547E+0	6.780E-1	-3.399E-4
7.623E+0	6.720E-1	-3.464E-4
7.699E+0	6.660E-1	-3.507E-4
7.775E+0	6.600E-1	-3.562E-4
7.851E+0	6.540E-1	-3.608E-4
7.927E+0	6.480E-1	-3.666E-4
8.005E+0	6.420E-1	-3.714E-4
8.079E+0	6.360E-1	-3.758E-4
8.155E+0	6.300E-1	-3.809E-4
8.231E+0	6.240E-1	-3.847E-4
8.307E+0	6.180E-1	-3.900E-4
8.383E+0	6.120E-1	-3.944E-4
8.459E+0	6.060E-1	-3.991E-4
8.535E+0	6.000E-1	-4.033E-4
8.611E+0	5.940E-1	-4.083E-4
8.687E+0	5.880E-1	-4.128E-4
8.763E+0	5.820E-1	-4.177E-4
8.839E+0	5.760E-1	-4.222E-4
8.915E+0	5.700E-1	-4.274E-4
8.991E+0	5.640E-1	-4.315E-4
9.067E+0	5.580E-1	-4.366E-4
9.143E+0	5.520E-1	-4.408E-4
9.219E+0	5.460E-1	-4.461E-4
9.295E+0	5.400E-1	-4.509E-4
9.371E+0	5.340E-1	-4.553E-4
9.447E+0	5.280E-1	-4.599E-4
9.523E+0	5.220E-1	-4.643E-4
9.599E+0	5.160E-1	-4.690E-4
9.675E+0	5.100E-1	-4.729E-4
9.751E+0	5.040E-1	-4.776E-4
9.827E+0	4.980E-1	-4.817E-4
9.903E+0	4.920E-1	-4.857E-4
9.979E+0	4.860E-1	-4.896E-4
1.005E+1	4.800E-1	-4.938E-4
1.013E+1	4.740E-1	-4.970E-4
1.021E+1	4.680E-1	-5.012E-4
1.028E+1	4.620E-1	-5.049E-4
1.036E+1	4.560E-1	-5.084E-4
1.044E+1	4.500E-1	-5.113E-4
1.051E+1	4.440E-1	-5.143E-4
1.059E+1	4.380E-1	-5.174E-4
1.066E+1	4.320E-1	-5.200E-4
1.074E+1	4.260E-1	-5.233E-4
1.081E+1	4.200E-1	-5.262E-4
1.089E+1	4.140E-1	-5.285E-4
1.097E+1	4.080E-1	-5.306E-4
1.104E+1	4.020E-1	-5.329E-4
1.112E+1	3.960E-1	-5.348E-4
1.120E+1	3.900E-1	-5.364E-4
1.127E+1	3.840E-1	-5.381E-4
1.135E+1	3.780E-1	-5.393E-4
1.142E+1	3.720E-1	-5.414E-4
1.150E+1	3.660E-1	-5.429E-4
1.158E+1	3.600E-1	-5.434E-4
1.165E+1	3.540E-1	-5.454E-4
1.173E+1	3.480E-1	-5.465E-4
1.180E+1	3.420E-1	-5.467E-4
1.188E+1	3.360E-1	-5.487E-4
1.196E+1	3.300E-1	-5.491E-4
1.203E+1	3.240E-1	-5.506E-4
1.211E+1	3.180E-1	-5.515E-4
1.218E+1	3.120E-1	-5.513E-4
1.226E+1	3.060E-1	-5.524E-4
1.234E+1	3.000E-1	-5.533E-4
1.241E+1	2.940E-1	-5.539E-4
1.249E+1	2.880E-1	-5.546E-4
1.256E+1	2.820E-1	-5.549E-4
1.264E+1	2.760E-1	-5.553E-4
1.272E+1	2.700E-1	-5.557E-4
1.279E+1	2.640E-1	-5.566E-4
1.287E+1	2.580E-1	-5.567E-4
1.294E+1	2.520E-1	-5.571E-4
1.302E+1	2.460E-1	-5.574E-4
1.310E+1	2.400E-1	-5.573E-4
1.317E+1	2.340E-1	-5.581E-4
1.325E+1	2.280E-1	-5.581E-4
1.332E+1	2.220E-1	-5.584E-4
1.340E+1	2.160E-1	-5.590E-4
1.348E+1	2.100E-1	-5.591E-4
1.355E+1	2.040E-1	-5.597E-4
1.363E+1	1.980E-1	-5.594E-4
1.370E+1	1.920E-1	-5.600E-4
1.378E+1	1.860E-1	-5.604E-4
1.386E+1	1.800E-1	-5.605E-4
1.393E+1	1.740E-1	-5.608E-4
1.401E+1	1.680E-1	-5.607E-4
1.409E+1	1.620E-1	-5.610E-4
1.416E+1	1.560E-1	-5.613E-4
1.424E+1	1.500E-1	-5.613E-4
1.431E+1	1.440E-1	-5.611E-4
1.439E+1	1.380E-1	-5.618E-4
1.447E+1	1.320E-1	-5.612E-4
1.454E+1	1.260E-1	-5.618E-4
1.462E+1	1.200E-1	-5.620E-4
1.469E+1	1.140E-1	-5.622E-4
1.477E+1	1.080E-1	-5.618E-4
1.485E+1	1.020E-1	-5.622E-4
1.492E+1	9.600E-2	-5.622E-4
1.500E+1	9.000E-2	-5.621E-4
1.507E+1	8.400E-2	-5.622E-4
1.515E+1	7.800E-2	-5.623E-4
1.523E+1	7.200E-2	-5.636E-4
1.530E+1	6.600E-2	-5.626E-4
1.538E+1	6.000E-2	-5.631E-4
1.546E+1	5.400E-2	-5.627E-4
1.553E+1	4.800E-2	-5.628E-4
1.561E+1	4.200E-2	-5.637E-4
1.568E+1	3.600E-2	-5.628E-4
1.576E+1	3.000E-2	-5.635E-4
1.584E+1	2.400E-2	-5.648E-4
1.591E+1	1.800E-2	-5.633E-4
1.599E+1	1.200E-2	-5.643E-4
1.606E+1	6.000E-3	-5.643E-4
1.614E+1	-1.039E-15	-5.648E-4
