1.240E-1	1.200E+0	1.382E-3
3.800E-1	1.194E+0	1.333E-3
4.530E-1	1.188E+0	1.250E-3
5.270E-1	1.182E+0	1.168E-3
6.010E-1	1.176E+0	1.086E-3
6.740E-1	1.170E+0	1.013E-3
7.490E-1	1.164E+0	9.392E-4
8.800E-1	1.158E+0	8.786E-4
9.610E-1	1.152E+0	8.194E-4
1.042E+0	1.146E+0	7.691E-4
1.130E+0	1.140E+0	7.207E-4
1.206E+0	1.134E+0	6.779E-4
1.282E+0	1.128E+0	6.354E-4
1.358E+0	1.122E+0	5.990E-4
1.433E+0	1.116E+0	5.636E-4
1.509E+0	1.110E+0	5.327E-4
1.585E+0	1.104E+0	5.026E-4
1.661E+0	1.098E+0	4.766E-4
1.737E+0	1.092E+0	4.503E-4
1.812E+0	1.086E+0	4.252E-4
1.888E+0	1.080E+0	4.032E-4
1.964E+0	1.074E+0	3.809E-4
2.040E+0	1.068E+0	3.610E-4
2.115E+0	1.062E+0	3.401E-4
2.191E+0	1.056E+0	3.221E-4
2.267E+0	1.050E+0	3.038E-4
2.342E+0	1.044E+0	2.870E-4
2.418E+0	1.038E+0	2.704E-4
2.494E+0	1.032E+0	2.548E-4
2.569E+0	1.026E+0	2.392E-4
2.645E+0	1.020E+0	2.246E-4
2.720E+0	1.014E+0	2.104E-4
2.796E+0	1.008E+0	1.970E-4
2.872E+0	1.002E+0	1.839E-4
2.947E+0	9.960E-1	1.717E-4
3.023E+0	9.900E-1	1.595E-4
3.099E+0	9.840E-1	1.478E-4
3.176E+0	9.780E-1	1.360E-4
3.252E+0	9.720E-1	1.250E-4
3.328E+0	9.660E-1	1.142E-4
3.404E+0	9.600E-1	1.038E-4
3.480E+0	9.540E-1	9.606E-5
3.616E+0	9.480E-1	8.470E-5
3.697E+0	9.420E-1	7.572E-5
3.786E+0	9.360E-1	6.653E-5
3.862E+0	9.300E-1	5.775E-5
3.938E+0	9.240E-1	4.889E-5
4.014E+0	9.180E-1	4.106E-5
4.090E+0	9.120E-1	3.262E-5
4.166E+0	9.060E-1	2.514E-5
4.243E+0	9.000E-1	1.680E-5
4.319E+0	8.940E-1	1.539E-5
4.578E+0	8.880E-1	7.559E-6
4.718E+0	8.820E-1	2.598E-6
4.987E+0	8.760E-1	-5.601E-6
5.062E+0	8.700E-1	-1.190E-5
5.257E+0	8.640E-1	-2.175E-5
5.335E+0	8.580E-1	-2.981E-5
5.412E+0	8.520E-1	-3.755E-5
5.488E+0	8.460E-1	-4.509E-5
5.564E+0	8.400E-1	-5.221E-5
5.640E+0	8.340E-1	-5.948E-5
5.716E+0	8.280E-1	-6.608E-5
5.792E+0	8.220E-1	-7.337E-5
5.868E+0	8.160E-1	-7.956E-5
5.945E+0	8.100E-1	-8.724E-5
6.021E+0	8.040E-1	-9.327E-5
6.097E+0	7.980E-1	-1.004E-4
6.173E+0	7.920E-1	-1.050E-4
6.249E+0	7.860E-1	-1.076E-4
6.438E+0	7.800E-1	-1.149E-4
6.512E+0	7.740E-1	-1.229E-4
6.586E+0	7.680E-1	-1.296E-4
6.659E+0	7.620E-1	-1.372E-4
6.733E+0	7.560E-1	-1.441E-4
6.807E+0	7.500E-1	-1.503E-4
6.880E+0	7.440E-1	-1.575E-4
6.954E+0	7.380E-1	-1.632E-4
7.027E+0	7.320E-1	-1.700E-4
7.101E+0	7.260E-1	-1.757E-4
7.175E+0	7.200E-1	-1.825E-4
7.248E+0	7.140E-1	-1.881E-4
7.322E+0	7.080E-1	-1.947E-4
7.396E+0	7.020E-1	-2.000E-4
7.469E+0	6.960E-1	-2.063E-4
7.543E+0	6.900E-1	-2.116E-4
7.616E+0	6.840E-1	-2.177E-4
7.690E+0	6.780E-1	-2.229E-4
7.764E+0	6.720E-1	-2.287E-4
7.839E+0	6.660E-1	-2.335E-4
7.915E+0	6.600E-1	-2.392E-4
7.991E+0	6.540E-1	-2.436E-4
8.067E+0	6.480E-1	-2.487E-4
8.143E+0	6.420E-1	-2.540E-4
8.219E+0	6.360E-1	-2.583E-4
8.295E+0	6.300E-1	-2.629E-4
8.371E+0	6.240E-1	-2.665E-4
8.447E+0	6.180E-1	-2.711E-4
8.523E+0	6.120E-1	-2.749E-4
8.599E+0	6.060E-1	-2.792E-4
8.675E+0	6.000E-1	-2.825E-4
8.751E+0	5.940E-1	-2.868E-4
8.827E+0	5.880E-1	-2.901E-4
8.904E+0	5.820E-1	-2.945E-4
8.980E+0	5.760E-1	-2.975E-4
9.057E+0	5.700E-1	-3.012E-4
9.133E+0	5.640E-1	-3.038E-4
9.208E+0	5.580E-1	-3.078E-4
9.284E+0	5.520E-1	-3.106E-4
9.360E+0	5.460E-1	-3.145E-4
9.436E+0	5.400E-1	-3.180E-4
9.512E+0	5.340E-1	-3.208E-4
9.588E+0	5.280E-1	-3.247E-4
9.664E+0	5.220E-1	-3.278E-4
9.740E+0	5.160E-1	-3.321E-4
9.816E+0	5.100E-1	-3.353E-4
9.892E+0	5.040E-1	-3.394E-4
9.968E+0	4.980E-1	-3.430E-4
1.004E+1	4.920E-1	-3.471E-4
1.012E+1	4.860E-1	-3.506E-4
1.020E+1	4.800E-1	-3.546E-4
1.027E+1	4.740E-1	-3.584E-4
1.035E+1	4.680E-1	-3.626E-4
1.042E+1	4.620E-1	-3.666E-4
1.050E+1	4.560E-1	-3.710E-4
1.058E+1	4.500E-1	-3.753E-4
1.065E+1	4.440E-1	-3.799E-4
1.073E+1	4.380E-1	-3.840E-4
1.080E+1	4.320E-1	-3.887E-4
1.088E+1	4.260E-1	-3.929E-4
1.096E+1	4.200E-1	-3.967E-4
1.103E+1	4.140E-1	-4.015E-4
1.111E+1	4.080E-1	-4.056E-4
1.119E+1	4.020E-1	-4.098E-4
1.126E+1	3.960E-1	-4.140E-4
1.134E+1	3.900E-1	-4.182E-4
1.141E+1	3.840E-1	-4.222E-4
1.149E+1	3.780E-1	-4.268E-4
1.156E+1	3.720E-1	-4.301E-4
1.164E+1	3.660E-1	-4.343E-4
1.172E+1	3.600E-1	-4.379E-4
1.179E+1	3.540E-1	-4.416E-4
1.187E+1	3.480E-1	-4.451E-4
1.195E+1	3.420E-1	-4.486E-4
1.202E+1	3.360E-1	-4.517E-4
1.210E+1	3.300E-1	-4.549E-4
1.217E+1	3.240E-1	-4.582E-4
1.225E+1	3.180E-1	-4.611E-4
1.232E+1	3.120E-1	-4.646E-4
1.240E+1	3.060E-1	-4.671E-4
1.248E+1	3.000E-1	-4.696E-4
1.255E+1	2.940E-1	-4.720E-4
1.263E+1	2.880E-1	-4.744E-4
1.271E+1	2.820E-1	-4.766E-4
1.278E+1	2.760E-1	-4.789E-4
1.286E+1	2.700E-1	-4.808E-4
1.293E+1	2.640E-1	-4.827E-4
1.301E+1	2.580E-1	-4.849E-4
1.309E+1	2.520E-1	-4.866E-4
1.316E+1	2.460E-1	-4.882E-4
1.324E+1	2.400E-1	-4.901E-4
1.331E+1	2.340E-1	-4.914E-4
1.339E+1	2.280E-1	-4.932E-4
1.347E+1	2.220E-1	-4.941E-4
1.354E+1	2.160E-1	-4.954E-4
1.362E+1	2.100E-1	-4.965E-4
1.370E+1	2.040E-1	-4.977E-4
1.377E+1	1.980E-1	-4.992E-4
1.385E+1	1.920E-1	-4.999E-4
1.392E+1	1.860E-1	-5.007E-4
1.400E+1	1.800E-1	-5.017E-4
1.407E+1	1.740E-1	-5.028E-4
1.415E+1	1.680E-1	-5.036E-4
1.423E+1	1.620E-1	-5.044E-4
1.430E+1	1.560E-1	-5.052E-4
1.438E+1	1.500E-1	-5.065E-4
1.446E+1	1.440E-1	-5.069E-4
1.453E+1	1.380E-1	-5.074E-4
1.461E+1	1.320E-1	-5.080E-4
1.468E+1	1.260E-1	-5.086E-4
1.476E+1	1.200E-1	-5.094E-4
1.484E+1	1.140E-1	-5.096E-4
1.491E+1	1.080E-1	-5.098E-4
1.499E+1	1.020E-1	-5.106E-4
1.506E+1	9.600E-2	-5.110E-4
1.514E+1	9.000E-2	-5.115E-4
1.521E+1	8.400E-2	-5.119E-4
1.529E+1	7.800E-2	-5.122E-4
1.537E+1	7.200E-2	-5.127E-4
1.544E+1	6.600E-2	-5.133E-4
1.552E+1	6.000E-2	-5.137E-4
1.560E+1	5.400E-2	-5.142E-4
1.567E+1	4.800E-2	-5.146E-4
1.575E+1	4.200E-2	-5.147E-4
1.582E+1	3.600E-2	-5.151E-4
1.590E+1	3.000E-2	-5.157E-4
1.598E+1	2.400E-2	-5.160E-4
1.605E+1	1.800E-2	-5.163E-4
1.613E+1	1.200E-2	-5.168E-4
1.620E+1	6.000E-3	-5.169E-4
1.628E+1	-1.039E-15	-5.169E-4
