1.210E-1	1.200E+0	1.366E-3
3.770E-1	1.194E+0	1.394E-3
4.510E-1	1.188E+0	1.307E-3
5.250E-1	1.182E+0	1.177E-3
5.980E-1	1.176E+0	1.028E-3
6.740E-1	1.170E+0	8.533E-4
8.060E-1	1.164E+0	7.229E-4
8.870E-1	1.158E+0	6.134E-4
9.680E-1	1.152E+0	5.165E-4
1.056E+0	1.146E+0	4.382E-4
1.132E+0	1.140E+0	3.709E-4
1.208E+0	1.134E+0	3.174E-4
1.284E+0	1.128E+0	2.705E-4
1.360E+0	1.122E+0	2.333E-4
1.436E+0	1.116E+0	2.009E-4
1.512E+0	1.110E+0	1.750E-4
1.588E+0	1.104E+0	1.523E-4
1.663E+0	1.098E+0	1.341E-4
1.739E+0	1.092E+0	1.179E-4
1.815E+0	1.086E+0	1.043E-4
1.891E+0	1.080E+0	9.416E-5
2.027E+0	1.074E+0	8.376E-5
2.108E+0	1.068E+0	7.556E-5
2.189E+0	1.062E+0	6.810E-5
2.270E+0	1.056E+0	6.215E-5
2.351E+0	1.050E+0	5.663E-5
2.439E+0	1.044E+0	5.205E-5
2.515E+0	1.038E+0	4.779E-5
2.591E+0	1.032E+0	4.422E-5
2.667E+0	1.026E+0	4.107E-5
2.743E+0	1.020E+0	3.823E-5
2.819E+0	1.014E+0	3.554E-5
2.895E+0	1.008E+0	3.319E-5
2.970E+0	1.002E+0	3.104E-5
3.046E+0	9.960E-1	2.921E-5
3.123E+0	9.900E-1	2.742E-5
3.199E+0	9.840E-1	2.588E-5
3.275E+0	9.780E-1	2.434E-5
3.352E+0	9.720E-1	2.295E-5
3.428E+0	9.660E-1	2.170E-5
3.504E+0	9.600E-1	2.067E-5
3.581E+0	9.540E-1	1.951E-5
3.657E+0	9.480E-1	1.847E-5
3.733E+0	9.420E-1	1.754E-5
3.810E+0	9.360E-1	1.663E-5
3.886E+0	9.300E-1	1.578E-5
3.962E+0	9.240E-1	1.498E-5
4.039E+0	9.180E-1	1.415E-5
4.115E+0	9.120E-1	1.334E-5
4.191E+0	9.060E-1	1.265E-5
4.268E+0	9.000E-1	1.199E-5
4.344E+0	8.940E-1	1.135E-5
4.420E+0	8.880E-1	1.072E-5
4.497E+0	8.820E-1	1.017E-5
4.573E+0	8.760E-1	9.701E-6
4.713E+0	8.700E-1	9.182E-6
4.800E+0	8.640E-1	8.622E-6
4.876E+0	8.580E-1	8.169E-6
4.952E+0	8.520E-1	7.729E-6
5.028E+0	8.460E-1	7.510E-6
5.104E+0	8.400E-1	7.040E-6
5.179E+0	8.340E-1	6.518E-6
5.255E+0	8.280E-1	6.120E-6
5.331E+0	8.220E-1	5.841E-6
5.407E+0	8.160E-1	5.486E-6
5.483E+0	8.100E-1	5.141E-6
5.559E+0	8.040E-1	4.866E-6
5.635E+0	7.980E-1	4.583E-6
5.711E+0	7.920E-1	4.330E-6
5.787E+0	7.860E-1	4.094E-6
5.863E+0	7.800E-1	3.870E-6
5.939E+0	7.740E-1	3.653E-6
6.015E+0	7.680E-1	3.441E-6
6.091E+0	7.620E-1	3.239E-6
6.167E+0	7.560E-1	3.058E-6
6.243E+0	7.500E-1	2.883E-6
6.319E+0	7.440E-1	2.704E-6
6.405E+0	7.380E-1	2.541E-6
6.478E+0	7.320E-1	2.401E-6
6.553E+0	7.260E-1	2.269E-6
6.628E+0	7.200E-1	2.106E-6
6.702E+0	7.140E-1	1.993E-6
6.777E+0	7.080E-1	1.861E-6
6.852E+0	7.020E-1	1.732E-6
6.926E+0	6.960E-1	1.648E-6
7.001E+0	6.900E-1	1.570E-6
7.076E+0	6.840E-1	1.495E-6
7.150E+0	6.780E-1	1.392E-6
7.225E+0	6.720E-1	1.280E-6
7.301E+0	6.660E-1	1.232E-6
7.377E+0	6.600E-1	1.192E-6
7.453E+0	6.540E-1	1.117E-6
7.529E+0	6.480E-1	1.047E-6
7.605E+0	6.420E-1	9.749E-7
7.753E+0	6.360E-1	9.313E-7
7.829E+0	6.300E-1	8.722E-7
7.905E+0	6.240E-1	8.139E-7
7.981E+0	6.180E-1	7.569E-7
8.057E+0	6.120E-1	7.165E-7
8.133E+0	6.060E-1	6.839E-7
8.209E+0	6.000E-1	6.670E-7
8.284E+0	5.940E-1	6.383E-7
8.360E+0	5.880E-1	5.738E-7
8.436E+0	5.820E-1	4.932E-7
8.513E+0	5.760E-1	4.750E-7
8.589E+0	5.700E-1	4.701E-7
8.665E+0	5.640E-1	4.313E-7
8.741E+0	5.580E-1	3.690E-7
8.817E+0	5.520E-1	3.538E-7
8.893E+0	5.460E-1	3.840E-7
8.969E+0	5.400E-1	3.471E-7
9.045E+0	5.340E-1	2.409E-7
9.120E+0	5.280E-1	1.977E-7
9.197E+0	5.220E-1	1.737E-7
9.273E+0	5.160E-1	1.501E-7
9.348E+0	5.100E-1	1.384E-7
9.424E+0	5.040E-1	1.107E-7
9.500E+0	4.980E-1	8.901E-8
9.577E+0	4.920E-1	7.136E-8
9.653E+0	4.860E-1	6.091E-8
9.729E+0	4.800E-1	5.024E-8
9.805E+0	4.740E-1	4.047E-8
9.881E+0	4.680E-1	3.093E-8
9.956E+0	4.620E-1	2.237E-8
1.003E+1	4.560E-1	1.411E-8
1.011E+1	4.500E-1	6.616E-9
1.018E+1	4.440E-1	-1.755E-9
1.026E+1	4.380E-1	-8.548E-9
1.034E+1	4.320E-1	-1.566E-8
1.041E+1	4.260E-1	-2.224E-8
1.049E+1	4.200E-1	-2.800E-8
1.056E+1	4.140E-1	-3.403E-8
1.064E+1	4.080E-1	-3.932E-8
1.071E+1	4.020E-1	-4.489E-8
1.079E+1	3.960E-1	-4.958E-8
1.087E+1	3.900E-1	-5.432E-8
1.094E+1	3.840E-1	-5.865E-8
1.102E+1	3.780E-1	-6.325E-8
1.110E+1	3.720E-1	-6.714E-8
1.117E+1	3.660E-1	-7.107E-8
1.125E+1	3.600E-1	-7.455E-8
1.132E+1	3.540E-1	-7.822E-8
1.140E+1	3.480E-1	-8.130E-8
1.148E+1	3.420E-1	-8.440E-8
1.155E+1	3.360E-1	-8.734E-8
1.163E+1	3.300E-1	-9.017E-8
1.170E+1	3.240E-1	-9.251E-8
1.178E+1	3.180E-1	-9.495E-8
1.186E+1	3.120E-1	-9.723E-8
1.193E+1	3.060E-1	-9.913E-8
1.201E+1	3.000E-1	-1.011E-7
1.208E+1	2.940E-1	-1.029E-7
1.216E+1	2.880E-1	-1.047E-7
1.224E+1	2.820E-1	-1.062E-7
1.231E+1	2.760E-1	-1.078E-7
1.239E+1	2.700E-1	-1.091E-7
1.246E+1	2.640E-1	-1.106E-7
1.254E+1	2.580E-1	-1.118E-7
1.262E+1	2.520E-1	-1.130E-7
1.269E+1	2.460E-1	-1.140E-7
1.277E+1	2.400E-1	-1.152E-7
1.285E+1	2.340E-1	-1.160E-7
1.292E+1	2.280E-1	-1.170E-7
1.300E+1	2.220E-1	-1.178E-7
1.307E+1	2.160E-1	-1.186E-7
1.315E+1	2.100E-1	-1.192E-7
1.322E+1	2.040E-1	-1.199E-7
1.330E+1	1.980E-1	-1.205E-7
1.338E+1	1.920E-1	-1.209E-7
1.345E+1	1.860E-1	-1.215E-7
1.353E+1	1.800E-1	-1.220E-7
1.361E+1	1.740E-1	-1.224E-7
1.368E+1	1.680E-1	-1.228E-7
1.376E+1	1.620E-1	-1.232E-7
1.383E+1	1.560E-1	-1.235E-7
1.391E+1	1.500E-1	-1.238E-7
1.399E+1	1.440E-1	-1.241E-7
1.406E+1	1.380E-1	-1.244E-7
1.414E+1	1.320E-1	-1.246E-7
1.421E+1	1.260E-1	-1.249E-7
1.429E+1	1.200E-1	-1.251E-7
1.437E+1	1.140E-1	-1.253E-7
1.444E+1	1.080E-1	-1.255E-7
1.452E+1	1.020E-1	-1.257E-7
1.460E+1	9.600E-2	-1.259E-7
1.467E+1	9.000E-2	-1.260E-7
1.475E+1	8.400E-2	-1.262E-7
1.482E+1	7.800E-2	-1.263E-7
1.490E+1	7.200E-2	-1.264E-7
1.498E+1	6.600E-2	-1.265E-7
1.505E+1	6.000E-2	-1.267E-7
1.513E+1	5.400E-2	-1.267E-7
1.520E+1	4.800E-2	-1.267E-7
1.528E+1	4.200E-2	-1.268E-7
1.536E+1	3.600E-2	-1.269E-7
1.543E+1	3.000E-2	-1.270E-7
1.551E+1	2.400E-2	-1.271E-7
1.559E+1	1.800E-2	-1.272E-7
1.566E+1	1.200E-2	-1.273E-7
1.574E+1	6.000E-3	-1.274E-7
1.581E+1	-1.039E-15	-1.275E-7
