1.230E-1	1.200E+0	1.710E-3
3.790E-1	1.194E+0	1.481E-3
4.520E-1	1.188E+0	1.256E-3
5.260E-1	1.182E+0	1.067E-3
6.000E-1	1.176E+0	8.669E-4
7.310E-1	1.170E+0	7.373E-4
8.120E-1	1.164E+0	6.257E-4
8.920E-1	1.158E+0	5.372E-4
9.800E-1	1.152E+0	4.599E-4
1.056E+0	1.146E+0	3.992E-4
1.132E+0	1.140E+0	3.451E-4
1.208E+0	1.134E+0	3.018E-4
1.283E+0	1.128E+0	2.627E-4
1.359E+0	1.122E+0	2.311E-4
1.435E+0	1.116E+0	2.020E-4
1.510E+0	1.110E+0	1.783E-4
1.586E+0	1.104E+0	1.560E-4
1.662E+0	1.098E+0	1.376E-4
1.737E+0	1.092E+0	1.201E-4
1.813E+0	1.086E+0	1.044E-4
1.889E+0	1.080E+0	9.493E-5
2.024E+0	1.074E+0	7.987E-5
2.105E+0	1.068E+0	6.817E-5
2.193E+0	1.062E+0	5.661E-5
2.269E+0	1.056E+0	4.663E-5
2.345E+0	1.050E+0	3.648E-5
2.421E+0	1.044E+0	2.771E-5
2.496E+0	1.038E+0	1.857E-5
2.572E+0	1.032E+0	1.060E-5
2.647E+0	1.026E+0	5.878E-6
2.787E+0	1.020E+0	4.909E-6
3.063E+0	1.014E+0	-3.332E-6
3.137E+0	1.008E+0	-7.368E-6
3.390E+0	1.002E+0	-1.863E-5
3.464E+0	9.960E-1	-2.727E-5
3.538E+0	9.900E-1	-3.615E-5
3.611E+0	9.840E-1	-4.387E-5
3.685E+0	9.780E-1	-5.223E-5
3.759E+0	9.720E-1	-6.024E-5
3.833E+0	9.660E-1	-6.747E-5
3.906E+0	9.600E-1	-7.573E-5
3.980E+0	9.540E-1	-8.282E-5
4.054E+0	9.480E-1	-9.086E-5
4.130E+0	9.420E-1	-9.780E-5
4.206E+0	9.360E-1	-1.050E-4
4.282E+0	9.300E-1	-1.041E-4
4.470E+0	9.240E-1	-1.136E-4
4.544E+0	9.180E-1	-1.221E-4
4.617E+0	9.120E-1	-1.316E-4
4.691E+0	9.060E-1	-1.396E-4
4.764E+0	9.000E-1	-1.487E-4
4.838E+0	8.940E-1	-1.565E-4
4.912E+0	8.880E-1	-1.654E-4
4.985E+0	8.820E-1	-1.733E-4
5.059E+0	8.760E-1	-1.823E-4
5.133E+0	8.700E-1	-1.901E-4
5.207E+0	8.640E-1	-1.993E-4
5.280E+0	8.580E-1	-2.082E-4
5.354E+0	8.520E-1	-2.161E-4
5.427E+0	8.460E-1	-2.253E-4
5.501E+0	8.400E-1	-2.335E-4
5.575E+0	8.340E-1	-2.425E-4
5.648E+0	8.280E-1	-2.505E-4
5.721E+0	8.220E-1	-2.595E-4
5.796E+0	8.160E-1	-2.671E-4
5.872E+0	8.100E-1	-2.761E-4
5.948E+0	8.040E-1	-2.838E-4
6.024E+0	7.980E-1	-2.927E-4
6.100E+0	7.920E-1	-2.999E-4
6.176E+0	7.860E-1	-3.087E-4
6.252E+0	7.800E-1	-3.158E-4
6.329E+0	7.740E-1	-3.239E-4
6.405E+0	7.680E-1	-3.314E-4
6.481E+0	7.620E-1	-3.389E-4
6.557E+0	7.560E-1	-3.463E-4
6.632E+0	7.500E-1	-3.519E-4
6.708E+0	7.440E-1	-3.587E-4
6.784E+0	7.380E-1	-3.636E-4
6.860E+0	7.320E-1	-3.700E-4
6.937E+0	7.260E-1	-3.753E-4
7.013E+0	7.200E-1	-3.803E-4
7.088E+0	7.140E-1	-3.848E-4
7.165E+0	7.080E-1	-3.897E-4
7.241E+0	7.020E-1	-3.936E-4
7.317E+0	6.960E-1	-3.980E-4
7.393E+0	6.900E-1	-4.010E-4
7.469E+0	6.840E-1	-4.060E-4
7.545E+0	6.780E-1	-4.091E-4
7.621E+0	6.720E-1	-4.141E-4
7.697E+0	6.660E-1	-4.179E-4
7.773E+0	6.600E-1	-4.214E-4
7.849E+0	6.540E-1	-4.257E-4
7.924E+0	6.480E-1	-4.297E-4
8.000E+0	6.420E-1	-4.339E-4
8.076E+0	6.360E-1	-4.375E-4
8.152E+0	6.300E-1	-4.421E-4
8.228E+0	6.240E-1	-4.466E-4
8.304E+0	6.180E-1	-4.507E-4
8.380E+0	6.120E-1	-4.546E-4
8.456E+0	6.060E-1	-4.587E-4
8.531E+0	6.000E-1	-4.623E-4
8.607E+0	5.940E-1	-4.666E-4
8.683E+0	5.880E-1	-4.703E-4
8.759E+0	5.820E-1	-4.741E-4
8.835E+0	5.760E-1	-4.772E-4
8.911E+0	5.700E-1	-4.816E-4
8.987E+0	5.640E-1	-4.851E-4
9.063E+0	5.580E-1	-4.887E-4
9.139E+0	5.520E-1	-4.916E-4
9.215E+0	5.460E-1	-4.948E-4
9.291E+0	5.400E-1	-4.977E-4
9.367E+0	5.340E-1	-5.006E-4
9.443E+0	5.280E-1	-5.039E-4
9.519E+0	5.220E-1	-5.060E-4
9.594E+0	5.160E-1	-5.088E-4
9.670E+0	5.100E-1	-5.116E-4
9.746E+0	5.040E-1	-5.136E-4
9.822E+0	4.980E-1	-5.154E-4
9.898E+0	4.920E-1	-5.178E-4
9.974E+0	4.860E-1	-5.195E-4
1.005E+1	4.800E-1	-5.215E-4
1.013E+1	4.740E-1	-5.226E-4
1.020E+1	4.680E-1	-5.243E-4
1.028E+1	4.620E-1	-5.250E-4
1.035E+1	4.560E-1	-5.268E-4
1.043E+1	4.500E-1	-5.282E-4
1.051E+1	4.440E-1	-5.293E-4
1.058E+1	4.380E-1	-5.303E-4
1.066E+1	4.320E-1	-5.312E-4
1.073E+1	4.260E-1	-5.322E-4
1.081E+1	4.200E-1	-5.325E-4
1.088E+1	4.140E-1	-5.333E-4
1.096E+1	4.080E-1	-5.341E-4
1.104E+1	4.020E-1	-5.352E-4
1.111E+1	3.960E-1	-5.353E-4
1.119E+1	3.900E-1	-5.358E-4
1.127E+1	3.840E-1	-5.361E-4
1.134E+1	3.780E-1	-5.362E-4
1.142E+1	3.720E-1	-5.367E-4
1.149E+1	3.660E-1	-5.368E-4
1.157E+1	3.600E-1	-5.375E-4
1.164E+1	3.540E-1	-5.372E-4
1.172E+1	3.480E-1	-5.380E-4
1.180E+1	3.420E-1	-5.380E-4
1.187E+1	3.360E-1	-5.389E-4
1.195E+1	3.300E-1	-5.391E-4
1.203E+1	3.240E-1	-5.386E-4
1.210E+1	3.180E-1	-5.401E-4
1.218E+1	3.120E-1	-5.395E-4
1.225E+1	3.060E-1	-5.396E-4
1.233E+1	3.000E-1	-5.396E-4
1.240E+1	2.940E-1	-5.403E-4
1.248E+1	2.880E-1	-5.407E-4
1.256E+1	2.820E-1	-5.402E-4
1.263E+1	2.760E-1	-5.410E-4
1.271E+1	2.700E-1	-5.407E-4
1.278E+1	2.640E-1	-5.413E-4
1.286E+1	2.580E-1	-5.415E-4
1.294E+1	2.520E-1	-5.416E-4
1.301E+1	2.460E-1	-5.419E-4
1.309E+1	2.400E-1	-5.420E-4
1.316E+1	2.340E-1	-5.419E-4
1.324E+1	2.280E-1	-5.417E-4
1.332E+1	2.220E-1	-5.418E-4
1.339E+1	2.160E-1	-5.417E-4
1.347E+1	2.100E-1	-5.418E-4
1.354E+1	2.040E-1	-5.420E-4
1.362E+1	1.980E-1	-5.426E-4
1.370E+1	1.920E-1	-5.425E-4
1.377E+1	1.860E-1	-5.426E-4
1.385E+1	1.800E-1	-5.430E-4
1.392E+1	1.740E-1	-5.426E-4
1.400E+1	1.680E-1	-5.426E-4
1.408E+1	1.620E-1	-5.425E-4
1.415E+1	1.560E-1	-5.427E-4
1.423E+1	1.500E-1	-5.431E-4
1.430E+1	1.440E-1	-5.428E-4
1.438E+1	1.380E-1	-5.431E-4
1.446E+1	1.320E-1	-5.432E-4
1.453E+1	1.260E-1	-5.431E-4
1.461E+1	1.200E-1	-5.427E-4
1.468E+1	1.140E-1	-5.438E-4
1.476E+1	1.080E-1	-5.440E-4
1.484E+1	1.020E-1	-5.433E-4
1.491E+1	9.600E-2	-5.438E-4
1.499E+1	9.000E-2	-5.436E-4
1.506E+1	8.400E-2	-5.439E-4
1.514E+1	7.800E-2	-5.436E-4
1.521E+1	7.200E-2	-5.435E-4
1.529E+1	6.600E-2	-5.438E-4
1.537E+1	6.000E-2	-5.439E-4
1.544E+1	5.400E-2	-5.437E-4
1.552E+1	4.800E-2	-5.441E-4
1.560E+1	4.200E-2	-5.444E-4
1.567E+1	3.600E-2	-5.443E-4
1.575E+1	3.000E-2	-5.443E-4
1.582E+1	2.400E-2	-5.444E-4
1.590E+1	1.800E-2	-5.443E-4
1.597E+1	1.200E-2	-5.444E-4
1.605E+1	6.000E-3	-5.447E-4
1.613E+1	-1.039E-15	-5.448E-4
