1.240E-1	1.200E+0	7.357E-4
2.640E-1	1.194E+0	1.542E-3
4.530E-1	1.188E+0	1.664E-3
5.270E-1	1.182E+0	1.682E-3
6.000E-1	1.176E+0	1.627E-3
6.760E-1	1.170E+0	1.536E-3
7.520E-1	1.164E+0	1.418E-3
8.280E-1	1.158E+0	1.298E-3
9.040E-1	1.152E+0	1.176E-3
9.800E-1	1.146E+0	1.065E-3
1.056E+0	1.140E+0	9.327E-4
1.187E+0	1.134E+0	8.411E-4
1.268E+0	1.128E+0	7.548E-4
1.349E+0	1.122E+0	6.828E-4
1.437E+0	1.116E+0	6.150E-4
1.513E+0	1.110E+0	5.603E-4
1.588E+0	1.104E+0	5.101E-4
1.664E+0	1.098E+0	4.684E-4
1.741E+0	1.092E+0	4.302E-4
1.817E+0	1.086E+0	3.979E-4
1.893E+0	1.080E+0	3.711E-4
1.968E+0	1.074E+0	3.479E-4
2.044E+0	1.068E+0	3.273E-4
2.120E+0	1.062E+0	3.090E-4
2.196E+0	1.056E+0	2.915E-4
2.271E+0	1.050E+0	2.758E-4
2.347E+0	1.044E+0	2.636E-4
2.423E+0	1.038E+0	2.503E-4
2.498E+0	1.032E+0	2.385E-4
2.574E+0	1.026E+0	2.287E-4
2.649E+0	1.020E+0	2.181E-4
2.725E+0	1.014E+0	2.081E-4
2.801E+0	1.008E+0	2.015E-4
2.876E+0	1.002E+0	1.944E-4
2.952E+0	9.960E-1	1.859E-4
3.028E+0	9.900E-1	1.803E-4
3.104E+0	9.840E-1	1.754E-4
3.180E+0	9.780E-1	1.683E-4
3.256E+0	9.720E-1	1.630E-4
3.332E+0	9.660E-1	1.575E-4
3.409E+0	9.600E-1	1.515E-4
3.485E+0	9.540E-1	1.456E-4
3.561E+0	9.480E-1	1.423E-4
3.637E+0	9.420E-1	1.354E-4
3.713E+0	9.360E-1	1.312E-4
3.789E+0	9.300E-1	1.265E-4
3.865E+0	9.240E-1	1.222E-4
3.941E+0	9.180E-1	1.177E-4
4.017E+0	9.120E-1	1.158E-4
4.093E+0	9.060E-1	1.126E-4
4.169E+0	9.000E-1	1.090E-4
4.245E+0	8.940E-1	1.053E-4
4.321E+0	8.880E-1	1.017E-4
4.397E+0	8.820E-1	9.668E-5
4.533E+0	8.760E-1	9.343E-5
4.615E+0	8.700E-1	9.252E-5
4.703E+0	8.640E-1	8.929E-5
4.779E+0	8.580E-1	8.825E-5
4.856E+0	8.520E-1	8.580E-5
4.932E+0	8.460E-1	8.358E-5
5.008E+0	8.400E-1	8.106E-5
5.084E+0	8.340E-1	7.958E-5
5.160E+0	8.280E-1	7.777E-5
5.236E+0	8.220E-1	7.581E-5
5.313E+0	8.160E-1	7.422E-5
5.389E+0	8.100E-1	7.225E-5
5.465E+0	8.040E-1	7.126E-5
5.541E+0	7.980E-1	7.092E-5
5.617E+0	7.920E-1	6.975E-5
5.693E+0	7.860E-1	6.810E-5
5.770E+0	7.800E-1	6.703E-5
5.846E+0	7.740E-1	6.592E-5
5.922E+0	7.680E-1	6.358E-5
5.998E+0	7.620E-1	6.238E-5
6.074E+0	7.560E-1	6.107E-5
6.151E+0	7.500E-1	6.010E-5
6.227E+0	7.440E-1	5.835E-5
6.303E+0	7.380E-1	5.734E-5
6.379E+0	7.320E-1	5.554E-5
6.455E+0	7.260E-1	5.433E-5
6.531E+0	7.200E-1	5.364E-5
6.607E+0	7.140E-1	5.292E-5
6.684E+0	7.080E-1	5.158E-5
6.760E+0	7.020E-1	4.990E-5
6.836E+0	6.960E-1	4.885E-5
6.912E+0	6.900E-1	4.796E-5
6.988E+0	6.840E-1	4.666E-5
7.065E+0	6.780E-1	4.569E-5
7.141E+0	6.720E-1	4.518E-5
7.217E+0	6.660E-1	4.433E-5
7.293E+0	6.600E-1	4.434E-5
7.369E+0	6.540E-1	4.329E-5
7.445E+0	6.480E-1	4.230E-5
7.521E+0	6.420E-1	4.057E-5
7.597E+0	6.360E-1	3.993E-5
7.674E+0	6.300E-1	3.953E-5
7.750E+0	6.240E-1	3.902E-5
7.826E+0	6.180E-1	3.721E-5
7.902E+0	6.120E-1	3.682E-5
7.978E+0	6.060E-1	3.615E-5
8.054E+0	6.000E-1	3.573E-5
8.130E+0	5.940E-1	3.507E-5
8.206E+0	5.880E-1	3.485E-5
8.282E+0	5.820E-1	3.398E-5
8.358E+0	5.760E-1	3.452E-5
8.434E+0	5.700E-1	3.293E-5
8.511E+0	5.640E-1	3.183E-5
8.587E+0	5.580E-1	3.197E-5
8.663E+0	5.520E-1	3.163E-5
8.739E+0	5.460E-1	3.024E-5
8.815E+0	5.400E-1	2.957E-5
8.891E+0	5.340E-1	2.870E-5
8.967E+0	5.280E-1	2.833E-5
9.043E+0	5.220E-1	2.743E-5
9.119E+0	5.160E-1	2.695E-5
9.195E+0	5.100E-1	2.637E-5
9.271E+0	5.040E-1	2.535E-5
9.347E+0	4.980E-1	2.457E-5
9.424E+0	4.920E-1	2.407E-5
9.500E+0	4.860E-1	2.335E-5
9.576E+0	4.800E-1	2.268E-5
9.652E+0	4.740E-1	2.133E-5
9.728E+0	4.680E-1	2.140E-5
9.804E+0	4.620E-1	2.064E-5
9.881E+0	4.560E-1	1.927E-5
9.957E+0	4.500E-1	1.913E-5
1.003E+1	4.440E-1	1.847E-5
1.011E+1	4.380E-1	1.759E-5
1.019E+1	4.320E-1	1.679E-5
1.026E+1	4.260E-1	1.632E-5
1.034E+1	4.200E-1	1.574E-5
1.041E+1	4.140E-1	1.546E-5
1.049E+1	4.080E-1	1.524E-5
1.057E+1	4.020E-1	1.454E-5
1.064E+1	3.960E-1	1.438E-5
1.072E+1	3.900E-1	1.377E-5
1.079E+1	3.840E-1	1.343E-5
1.087E+1	3.780E-1	1.301E-5
1.095E+1	3.720E-1	1.261E-5
1.102E+1	3.660E-1	1.220E-5
1.110E+1	3.600E-1	1.169E-5
1.118E+1	3.540E-1	1.149E-5
1.125E+1	3.480E-1	1.143E-5
1.133E+1	3.420E-1	1.101E-5
1.140E+1	3.360E-1	1.079E-5
1.148E+1	3.300E-1	1.009E-5
1.156E+1	3.240E-1	9.752E-6
1.170E+1	3.180E-1	9.579E-6
1.178E+1	3.120E-1	9.192E-6
1.186E+1	3.060E-1	8.787E-6
1.195E+1	3.000E-1	8.507E-6
1.202E+1	2.940E-1	8.196E-6
1.210E+1	2.880E-1	7.803E-6
1.218E+1	2.820E-1	7.561E-6
1.225E+1	2.760E-1	7.363E-6
1.233E+1	2.700E-1	7.256E-6
1.240E+1	2.640E-1	6.678E-6
1.248E+1	2.580E-1	6.531E-6
1.256E+1	2.520E-1	6.132E-6
1.263E+1	2.460E-1	6.206E-6
1.271E+1	2.400E-1	5.890E-6
1.279E+1	2.340E-1	5.607E-6
1.286E+1	2.280E-1	5.461E-6
1.294E+1	2.220E-1	5.066E-6
1.301E+1	2.160E-1	4.653E-6
1.309E+1	2.100E-1	4.628E-6
1.316E+1	2.040E-1	4.388E-6
1.324E+1	1.980E-1	4.056E-6
1.332E+1	1.920E-1	3.897E-6
1.339E+1	1.860E-1	3.696E-6
1.347E+1	1.800E-1	3.538E-6
1.355E+1	1.740E-1	3.217E-6
1.362E+1	1.680E-1	3.097E-6
1.370E+1	1.620E-1	2.932E-6
1.377E+1	1.560E-1	2.735E-6
1.385E+1	1.500E-1	2.492E-6
1.393E+1	1.440E-1	2.327E-6
1.400E+1	1.380E-1	2.063E-6
1.408E+1	1.320E-1	1.907E-6
1.415E+1	1.260E-1	1.814E-6
1.423E+1	1.200E-1	1.691E-6
1.431E+1	1.140E-1	1.568E-6
1.438E+1	1.080E-1	1.411E-6
1.446E+1	1.020E-1	1.340E-6
1.454E+1	9.600E-2	1.222E-6
1.461E+1	9.000E-2	1.126E-6
1.469E+1	8.400E-2	1.020E-6
1.476E+1	7.800E-2	9.124E-7
1.491E+1	7.200E-2	8.066E-7
1.499E+1	6.600E-2	7.049E-7
1.506E+1	6.000E-2	6.307E-7
1.514E+1	5.400E-2	5.431E-7
1.522E+1	4.800E-2	4.510E-7
1.529E+1	4.200E-2	3.784E-7
1.537E+1	3.600E-2	2.932E-7
1.545E+1	3.000E-2	2.179E-7
1.552E+1	2.400E-2	1.439E-7
1.560E+1	1.800E-2	7.015E-8
1.567E+1	1.200E-2	-6.315E-9
1.575E+1	6.000E-3	-7.413E-8
1.583E+1	-1.039E-15	-1.461E-7
