1.240E-1	1.200E+0	2.049E-3
2.640E-1	1.194E+0	2.316E-3
3.380E-1	1.188E+0	2.236E-3
4.120E-1	1.182E+0	2.061E-3
4.850E-1	1.176E+0	1.860E-3
5.590E-1	1.170E+0	1.669E-3
6.330E-1	1.164E+0	1.484E-3
7.060E-1	1.158E+0	1.324E-3
7.800E-1	1.152E+0	1.178E-3
8.530E-1	1.146E+0	1.053E-3
9.280E-1	1.140E+0	9.202E-4
1.058E+0	1.134E+0	8.288E-4
1.133E+0	1.128E+0	7.441E-4
1.209E+0	1.122E+0	6.738E-4
1.285E+0	1.116E+0	6.073E-4
1.361E+0	1.110E+0	5.557E-4
1.436E+0	1.104E+0	5.045E-4
1.512E+0	1.098E+0	4.659E-4
1.588E+0	1.092E+0	4.274E-4
1.664E+0	1.086E+0	3.959E-4
1.739E+0	1.080E+0	3.668E-4
1.815E+0	1.074E+0	3.407E-4
1.891E+0	1.068E+0	3.183E-4
1.967E+0	1.062E+0	2.981E-4
2.042E+0	1.056E+0	2.802E-4
2.118E+0	1.050E+0	2.633E-4
2.194E+0	1.044E+0	2.480E-4
2.269E+0	1.038E+0	2.327E-4
2.345E+0	1.032E+0	2.186E-4
2.421E+0	1.026E+0	2.038E-4
2.496E+0	1.020E+0	1.930E-4
2.572E+0	1.014E+0	1.804E-4
2.648E+0	1.008E+0	1.693E-4
2.723E+0	1.002E+0	1.581E-4
2.799E+0	9.960E-1	1.477E-4
2.875E+0	9.900E-1	1.360E-4
2.951E+0	9.840E-1	1.251E-4
3.027E+0	9.780E-1	1.145E-4
3.103E+0	9.720E-1	1.039E-4
3.179E+0	9.660E-1	9.637E-5
3.315E+0	9.600E-1	8.505E-5
3.396E+0	9.540E-1	7.641E-5
3.485E+0	9.480E-1	6.566E-5
3.561E+0	9.420E-1	5.583E-5
3.637E+0	9.360E-1	4.498E-5
3.713E+0	9.300E-1	3.699E-5
3.790E+0	9.240E-1	2.619E-5
3.866E+0	9.180E-1	1.641E-5
3.942E+0	9.120E-1	1.794E-5
4.201E+0	9.060E-1	1.324E-5
4.459E+0	9.000E-1	5.637E-6
4.727E+0	8.940E-1	-2.259E-6
4.804E+0	8.880E-1	-1.029E-5
4.999E+0	8.820E-1	-2.283E-5
5.072E+0	8.760E-1	-3.495E-5
5.146E+0	8.700E-1	-4.453E-5
5.220E+0	8.640E-1	-5.637E-5
5.294E+0	8.580E-1	-6.788E-5
5.368E+0	8.520E-1	-7.883E-5
5.442E+0	8.460E-1	-8.774E-5
5.515E+0	8.400E-1	-9.745E-5
5.589E+0	8.340E-1	-1.017E-4
5.778E+0	8.280E-1	-1.124E-4
5.853E+0	8.220E-1	-1.243E-4
5.929E+0	8.160E-1	-1.347E-4
6.005E+0	8.100E-1	-1.467E-4
6.081E+0	8.040E-1	-1.573E-4
6.157E+0	7.980E-1	-1.670E-4
6.233E+0	7.920E-1	-1.764E-4
6.310E+0	7.860E-1	-1.865E-4
6.386E+0	7.800E-1	-1.947E-4
6.462E+0	7.740E-1	-2.046E-4
6.538E+0	7.680E-1	-2.118E-4
6.614E+0	7.620E-1	-2.222E-4
6.690E+0	7.560E-1	-2.302E-4
6.766E+0	7.500E-1	-2.372E-4
6.842E+0	7.440E-1	-2.445E-4
6.918E+0	7.380E-1	-2.529E-4
6.994E+0	7.320E-1	-2.608E-4
7.070E+0	7.260E-1	-2.681E-4
7.147E+0	7.200E-1	-2.764E-4
7.223E+0	7.140E-1	-2.828E-4
7.299E+0	7.080E-1	-2.898E-4
7.375E+0	7.020E-1	-2.968E-4
7.451E+0	6.960E-1	-3.042E-4
7.527E+0	6.900E-1	-3.103E-4
7.603E+0	6.840E-1	-3.159E-4
7.679E+0	6.780E-1	-3.210E-4
7.755E+0	6.720E-1	-3.282E-4
7.831E+0	6.660E-1	-3.332E-4
7.907E+0	6.600E-1	-3.392E-4
7.983E+0	6.540E-1	-3.435E-4
8.059E+0	6.480E-1	-3.495E-4
8.135E+0	6.420E-1	-3.541E-4
8.211E+0	6.360E-1	-3.581E-4
8.287E+0	6.300E-1	-3.638E-4
8.363E+0	6.240E-1	-3.679E-4
8.439E+0	6.180E-1	-3.736E-4
8.515E+0	6.120E-1	-3.778E-4
8.592E+0	6.060E-1	-3.827E-4
8.667E+0	6.000E-1	-3.861E-4
8.743E+0	5.940E-1	-3.891E-4
8.819E+0	5.880E-1	-3.933E-4
8.895E+0	5.820E-1	-3.966E-4
8.972E+0	5.760E-1	-4.003E-4
9.047E+0	5.700E-1	-4.040E-4
9.123E+0	5.640E-1	-4.072E-4
9.199E+0	5.580E-1	-4.124E-4
9.275E+0	5.520E-1	-4.161E-4
9.351E+0	5.460E-1	-4.189E-4
9.427E+0	5.400E-1	-4.227E-4
9.503E+0	5.340E-1	-4.264E-4
9.579E+0	5.280E-1	-4.292E-4
9.655E+0	5.220E-1	-4.316E-4
9.731E+0	5.160E-1	-4.357E-4
9.807E+0	5.100E-1	-4.387E-4
9.883E+0	5.040E-1	-4.413E-4
9.959E+0	4.980E-1	-4.439E-4
1.004E+1	4.920E-1	-4.462E-4
1.011E+1	4.860E-1	-4.492E-4
1.019E+1	4.800E-1	-4.518E-4
1.026E+1	4.740E-1	-4.558E-4
1.034E+1	4.680E-1	-4.573E-4
1.042E+1	4.620E-1	-4.601E-4
1.049E+1	4.560E-1	-4.628E-4
1.057E+1	4.500E-1	-4.648E-4
1.064E+1	4.440E-1	-4.678E-4
1.072E+1	4.380E-1	-4.704E-4
1.080E+1	4.320E-1	-4.727E-4
1.087E+1	4.260E-1	-4.750E-4
1.095E+1	4.200E-1	-4.773E-4
1.103E+1	4.140E-1	-4.795E-4
1.110E+1	4.080E-1	-4.813E-4
1.118E+1	4.020E-1	-4.828E-4
1.125E+1	3.960E-1	-4.848E-4
1.133E+1	3.900E-1	-4.869E-4
1.140E+1	3.840E-1	-4.882E-4
1.148E+1	3.780E-1	-4.900E-4
1.156E+1	3.720E-1	-4.914E-4
1.163E+1	3.660E-1	-4.935E-4
1.171E+1	3.600E-1	-4.952E-4
1.179E+1	3.540E-1	-4.968E-4
1.186E+1	3.480E-1	-4.979E-4
1.194E+1	3.420E-1	-4.990E-4
1.201E+1	3.360E-1	-5.006E-4
1.209E+1	3.300E-1	-5.018E-4
1.217E+1	3.240E-1	-5.029E-4
1.224E+1	3.180E-1	-5.036E-4
1.232E+1	3.120E-1	-5.049E-4
1.239E+1	3.060E-1	-5.062E-4
1.247E+1	3.000E-1	-5.073E-4
1.255E+1	2.940E-1	-5.086E-4
1.262E+1	2.880E-1	-5.094E-4
1.270E+1	2.820E-1	-5.111E-4
1.277E+1	2.760E-1	-5.118E-4
1.285E+1	2.700E-1	-5.118E-4
1.293E+1	2.640E-1	-5.133E-4
1.300E+1	2.580E-1	-5.145E-4
1.308E+1	2.520E-1	-5.150E-4
1.315E+1	2.460E-1	-5.155E-4
1.323E+1	2.400E-1	-5.164E-4
1.331E+1	2.340E-1	-5.164E-4
1.338E+1	2.280E-1	-5.170E-4
1.346E+1	2.220E-1	-5.176E-4
1.353E+1	2.160E-1	-5.185E-4
1.361E+1	2.100E-1	-5.187E-4
1.369E+1	2.040E-1	-5.196E-4
1.376E+1	1.980E-1	-5.204E-4
1.384E+1	1.920E-1	-5.209E-4
1.391E+1	1.860E-1	-5.214E-4
1.399E+1	1.800E-1	-5.222E-4
1.407E+1	1.740E-1	-5.222E-4
1.414E+1	1.680E-1	-5.224E-4
1.422E+1	1.620E-1	-5.225E-4
1.429E+1	1.560E-1	-5.232E-4
1.437E+1	1.500E-1	-5.237E-4
1.445E+1	1.440E-1	-5.237E-4
1.452E+1	1.380E-1	-5.247E-4
1.460E+1	1.320E-1	-5.247E-4
1.468E+1	1.260E-1	-5.256E-4
1.475E+1	1.200E-1	-5.257E-4
1.483E+1	1.140E-1	-5.262E-4
1.490E+1	1.080E-1	-5.266E-4
1.498E+1	1.020E-1	-5.273E-4
1.505E+1	9.600E-2	-5.270E-4
1.513E+1	9.000E-2	-5.275E-4
1.521E+1	8.400E-2	-5.281E-4
1.528E+1	7.800E-2	-5.284E-4
1.536E+1	7.200E-2	-5.286E-4
1.544E+1	6.600E-2	-5.287E-4
1.551E+1	6.000E-2	-5.290E-4
1.559E+1	5.400E-2	-5.292E-4
1.566E+1	4.800E-2	-5.294E-4
1.574E+1	4.200E-2	-5.298E-4
1.582E+1	3.600E-2	-5.302E-4
1.589E+1	3.000E-2	-5.302E-4
1.597E+1	2.400E-2	-5.304E-4
1.604E+1	1.800E-2	-5.304E-4
1.612E+1	1.200E-2	-5.310E-4
1.620E+1	6.000E-3	-5.309E-4
1.627E+1	-1.039E-15	-5.312E-4
