1.240E-1	1.200E+0	4.906E-4
2.640E-1	1.194E+0	1.652E-3
4.530E-1	1.188E+0	1.821E-3
5.270E-1	1.182E+0	1.842E-3
6.000E-1	1.176E+0	1.766E-3
6.740E-1	1.170E+0	1.644E-3
7.480E-1	1.164E+0	1.494E-3
8.240E-1	1.158E+0	1.342E-3
9.000E-1	1.152E+0	1.186E-3
9.760E-1	1.146E+0	1.044E-3
1.051E+0	1.140E+0	8.763E-4
1.183E+0	1.134E+0	7.592E-4
1.264E+0	1.128E+0	6.505E-4
1.345E+0	1.122E+0	5.586E-4
1.433E+0	1.116E+0	4.756E-4
1.508E+0	1.110E+0	4.083E-4
1.584E+0	1.104E+0	3.481E-4
1.660E+0	1.098E+0	2.993E-4
1.736E+0	1.092E+0	2.562E-4
1.811E+0	1.086E+0	2.201E-4
1.887E+0	1.080E+0	1.912E-4
1.963E+0	1.074E+0	1.658E-4
2.039E+0	1.068E+0	1.456E-4
2.115E+0	1.062E+0	1.278E-4
2.190E+0	1.056E+0	1.136E-4
2.266E+0	1.050E+0	1.010E-4
2.341E+0	1.044E+0	9.058E-5
2.477E+0	1.038E+0	8.136E-5
2.557E+0	1.032E+0	7.396E-5
2.646E+0	1.026E+0	6.729E-5
2.721E+0	1.020E+0	6.184E-5
2.797E+0	1.014E+0	5.685E-5
2.873E+0	1.008E+0	5.274E-5
2.948E+0	1.002E+0	4.891E-5
3.024E+0	9.960E-1	4.569E-5
3.100E+0	9.900E-1	4.266E-5
3.177E+0	9.840E-1	4.008E-5
3.253E+0	9.780E-1	3.764E-5
3.329E+0	9.720E-1	3.544E-5
3.405E+0	9.660E-1	3.354E-5
3.481E+0	9.600E-1	3.172E-5
3.558E+0	9.540E-1	3.013E-5
3.634E+0	9.480E-1	2.860E-5
3.710E+0	9.420E-1	2.726E-5
3.786E+0	9.360E-1	2.595E-5
3.862E+0	9.300E-1	2.480E-5
3.938E+0	9.240E-1	2.367E-5
4.014E+0	9.180E-1	2.267E-5
4.091E+0	9.120E-1	2.169E-5
4.167E+0	9.060E-1	2.081E-5
4.243E+0	9.000E-1	1.994E-5
4.319E+0	8.940E-1	1.916E-5
4.395E+0	8.880E-1	1.839E-5
4.472E+0	8.820E-1	1.769E-5
4.548E+0	8.760E-1	1.700E-5
4.624E+0	8.700E-1	1.637E-5
4.700E+0	8.640E-1	1.574E-5
4.776E+0	8.580E-1	1.515E-5
4.853E+0	8.520E-1	1.461E-5
4.929E+0	8.460E-1	1.406E-5
5.005E+0	8.400E-1	1.357E-5
5.081E+0	8.340E-1	1.307E-5
5.157E+0	8.280E-1	1.262E-5
5.233E+0	8.220E-1	1.216E-5
5.309E+0	8.160E-1	1.175E-5
5.385E+0	8.100E-1	1.133E-5
5.462E+0	8.040E-1	1.095E-5
5.538E+0	7.980E-1	1.057E-5
5.614E+0	7.920E-1	1.022E-5
5.690E+0	7.860E-1	9.847E-6
5.830E+0	7.800E-1	9.531E-6
5.917E+0	7.740E-1	9.206E-6
5.993E+0	7.680E-1	8.909E-6
6.069E+0	7.620E-1	8.605E-6
6.145E+0	7.560E-1	8.313E-6
6.222E+0	7.500E-1	8.045E-6
6.298E+0	7.440E-1	7.775E-6
6.374E+0	7.380E-1	7.529E-6
6.450E+0	7.320E-1	7.280E-6
6.526E+0	7.260E-1	7.051E-6
6.602E+0	7.200E-1	6.819E-6
6.678E+0	7.140E-1	6.606E-6
6.755E+0	7.080E-1	6.389E-6
6.831E+0	7.020E-1	6.190E-6
6.907E+0	6.960E-1	5.986E-6
6.983E+0	6.900E-1	5.803E-6
7.059E+0	6.840E-1	5.614E-6
7.135E+0	6.780E-1	5.435E-6
7.212E+0	6.720E-1	5.260E-6
7.288E+0	6.660E-1	5.100E-6
7.364E+0	6.600E-1	4.934E-6
7.440E+0	6.540E-1	4.780E-6
7.516E+0	6.480E-1	4.624E-6
7.592E+0	6.420E-1	4.473E-6
7.668E+0	6.360E-1	4.336E-6
7.744E+0	6.300E-1	4.193E-6
7.820E+0	6.240E-1	4.065E-6
7.896E+0	6.180E-1	3.931E-6
7.973E+0	6.120E-1	3.810E-6
8.049E+0	6.060E-1	3.683E-6
8.125E+0	6.000E-1	3.568E-6
8.200E+0	5.940E-1	3.449E-6
8.277E+0	5.880E-1	3.340E-6
8.353E+0	5.820E-1	3.227E-6
8.429E+0	5.760E-1	3.124E-6
8.505E+0	5.700E-1	3.019E-6
8.581E+0	5.640E-1	2.922E-6
8.657E+0	5.580E-1	2.823E-6
8.733E+0	5.520E-1	2.732E-6
8.809E+0	5.460E-1	2.638E-6
8.885E+0	5.400E-1	2.547E-6
8.961E+0	5.340E-1	2.460E-6
9.037E+0	5.280E-1	2.374E-6
9.113E+0	5.220E-1	2.294E-6
9.189E+0	5.160E-1	2.211E-6
9.265E+0	5.100E-1	2.136E-6
9.342E+0	5.040E-1	2.058E-6
9.417E+0	4.980E-1	1.988E-6
9.494E+0	4.920E-1	1.914E-6
9.570E+0	4.860E-1	1.846E-6
9.646E+0	4.800E-1	1.776E-6
9.722E+0	4.740E-1	1.712E-6
9.799E+0	4.680E-1	1.647E-6
9.875E+0	4.620E-1	1.586E-6
9.951E+0	4.560E-1	1.525E-6
1.003E+1	4.500E-1	1.468E-6
1.010E+1	4.440E-1	1.408E-6
1.018E+1	4.380E-1	1.355E-6
1.026E+1	4.320E-1	1.300E-6
1.033E+1	4.260E-1	1.246E-6
1.041E+1	4.200E-1	1.197E-6
1.048E+1	4.140E-1	1.146E-6
1.056E+1	4.080E-1	1.099E-6
1.064E+1	4.020E-1	1.050E-6
1.071E+1	3.960E-1	1.007E-6
1.079E+1	3.900E-1	9.634E-7
1.094E+1	3.840E-1	9.212E-7
1.101E+1	3.780E-1	8.780E-7
1.109E+1	3.720E-1	8.385E-7
1.116E+1	3.660E-1	7.977E-7
1.124E+1	3.600E-1	7.613E-7
1.132E+1	3.540E-1	7.231E-7
1.139E+1	3.480E-1	6.884E-7
1.147E+1	3.420E-1	6.526E-7
1.154E+1	3.360E-1	6.195E-7
1.162E+1	3.300E-1	5.858E-7
1.170E+1	3.240E-1	5.555E-7
1.177E+1	3.180E-1	5.235E-7
1.185E+1	3.120E-1	4.934E-7
1.193E+1	3.060E-1	4.660E-7
1.200E+1	3.000E-1	4.372E-7
1.208E+1	2.940E-1	4.120E-7
1.215E+1	2.880E-1	3.854E-7
1.223E+1	2.820E-1	3.615E-7
1.231E+1	2.760E-1	3.372E-7
1.238E+1	2.700E-1	3.141E-7
1.246E+1	2.640E-1	2.921E-7
1.254E+1	2.580E-1	2.709E-7
1.261E+1	2.520E-1	2.499E-7
1.269E+1	2.460E-1	2.309E-7
1.276E+1	2.400E-1	2.114E-7
1.284E+1	2.340E-1	1.926E-7
1.292E+1	2.280E-1	1.746E-7
1.299E+1	2.220E-1	1.576E-7
1.307E+1	2.160E-1	1.415E-7
1.314E+1	2.100E-1	1.260E-7
1.322E+1	2.040E-1	1.118E-7
1.330E+1	1.980E-1	9.721E-8
1.337E+1	1.920E-1	8.430E-8
1.345E+1	1.860E-1	7.070E-8
1.353E+1	1.800E-1	5.899E-8
1.360E+1	1.740E-1	4.703E-8
1.368E+1	1.680E-1	3.615E-8
1.376E+1	1.620E-1	2.500E-8
1.383E+1	1.560E-1	1.498E-8
1.391E+1	1.500E-1	5.145E-9
1.398E+1	1.440E-1	-4.064E-9
1.406E+1	1.380E-1	-1.332E-8
1.413E+1	1.320E-1	-2.153E-8
1.421E+1	1.260E-1	-2.945E-8
1.429E+1	1.200E-1	-3.699E-8
1.436E+1	1.140E-1	-4.463E-8
1.444E+1	1.080E-1	-5.123E-8
1.452E+1	1.020E-1	-5.784E-8
1.459E+1	9.600E-2	-6.428E-8
1.467E+1	9.000E-2	-6.972E-8
1.474E+1	8.400E-2	-7.554E-8
1.482E+1	7.800E-2	-8.084E-8
1.490E+1	7.200E-2	-8.628E-8
1.497E+1	6.600E-2	-9.109E-8
1.505E+1	6.000E-2	-9.581E-8
1.513E+1	5.400E-2	-1.002E-7
1.520E+1	4.800E-2	-1.049E-7
1.528E+1	4.200E-2	-1.091E-7
1.535E+1	3.600E-2	-1.134E-7
1.543E+1	3.000E-2	-1.173E-7
1.551E+1	2.400E-2	-1.214E-7
1.558E+1	1.800E-2	-1.252E-7
1.566E+1	1.200E-2	-1.293E-7
1.573E+1	6.000E-3	-1.330E-7
1.581E+1	-1.039E-15	-1.372E-7
