1.250E-1	1.200E+0	2.297E-3
2.650E-1	1.194E+0	2.438E-3
3.390E-1	1.188E+0	2.257E-3
4.120E-1	1.182E+0	2.022E-3
4.860E-1	1.176E+0	1.780E-3
5.600E-1	1.170E+0	1.562E-3
6.340E-1	1.164E+0	1.359E-3
7.070E-1	1.158E+0	1.184E-3
7.810E-1	1.152E+0	1.024E-3
8.540E-1	1.146E+0	8.625E-4
9.850E-1	1.140E+0	7.433E-4
1.059E+0	1.134E+0	6.436E-4
1.134E+0	1.128E+0	5.532E-4
1.210E+0	1.122E+0	4.786E-4
1.286E+0	1.116E+0	4.112E-4
1.361E+0	1.110E+0	3.564E-4
1.437E+0	1.104E+0	3.068E-4
1.513E+0	1.098E+0	2.667E-4
1.589E+0	1.092E+0	2.304E-4
1.664E+0	1.086E+0	1.993E-4
1.740E+0	1.080E+0	1.740E-4
1.816E+0	1.074E+0	1.506E-4
1.892E+0	1.068E+0	1.314E-4
1.968E+0	1.062E+0	1.135E-4
2.043E+0	1.056E+0	1.016E-4
2.178E+0	1.050E+0	8.591E-5
2.259E+0	1.044E+0	7.343E-5
2.347E+0	1.038E+0	6.142E-5
2.423E+0	1.032E+0	5.113E-5
2.499E+0	1.026E+0	4.085E-5
2.574E+0	1.020E+0	3.203E-5
2.650E+0	1.014E+0	2.292E-5
2.726E+0	1.008E+0	1.502E-5
2.801E+0	1.002E+0	1.439E-5
3.060E+0	9.960E-1	7.027E-6
3.200E+0	9.900E-1	5.636E-8
3.344E+0	9.840E-1	-3.805E-6
3.546E+0	9.780E-1	-8.132E-6
3.799E+0	9.720E-1	-1.828E-5
3.888E+0	9.660E-1	-2.640E-5
3.964E+0	9.600E-1	-3.506E-5
4.040E+0	9.540E-1	-4.255E-5
4.116E+0	9.480E-1	-5.071E-5
4.192E+0	9.420E-1	-5.798E-5
4.269E+0	9.360E-1	-6.597E-5
4.345E+0	9.300E-1	-7.302E-5
4.421E+0	9.240E-1	-8.107E-5
4.497E+0	9.180E-1	-8.812E-5
4.573E+0	9.120E-1	-9.607E-5
4.649E+0	9.060E-1	-1.031E-4
4.725E+0	9.000E-1	-1.018E-4
4.914E+0	8.940E-1	-1.103E-4
4.988E+0	8.880E-1	-1.198E-4
5.061E+0	8.820E-1	-1.278E-4
5.135E+0	8.760E-1	-1.367E-4
5.209E+0	8.700E-1	-1.445E-4
5.283E+0	8.640E-1	-1.534E-4
5.356E+0	8.580E-1	-1.619E-4
5.430E+0	8.520E-1	-1.698E-4
5.504E+0	8.460E-1	-1.785E-4
5.578E+0	8.400E-1	-1.861E-4
5.652E+0	8.340E-1	-1.946E-4
5.726E+0	8.280E-1	-2.022E-4
5.800E+0	8.220E-1	-2.110E-4
5.873E+0	8.160E-1	-2.186E-4
5.947E+0	8.100E-1	-2.271E-4
6.020E+0	8.040E-1	-2.347E-4
6.094E+0	7.980E-1	-2.434E-4
6.167E+0	7.920E-1	-2.507E-4
6.241E+0	7.860E-1	-2.594E-4
6.315E+0	7.800E-1	-2.665E-4
6.390E+0	7.740E-1	-2.748E-4
6.466E+0	7.680E-1	-2.815E-4
6.542E+0	7.620E-1	-2.897E-4
6.619E+0	7.560E-1	-2.977E-4
6.695E+0	7.500E-1	-3.042E-4
6.771E+0	7.440E-1	-3.123E-4
6.847E+0	7.380E-1	-3.187E-4
6.923E+0	7.320E-1	-3.267E-4
6.999E+0	7.260E-1	-3.330E-4
7.075E+0	7.200E-1	-3.400E-4
7.151E+0	7.140E-1	-3.460E-4
7.227E+0	7.080E-1	-3.530E-4
7.303E+0	7.020E-1	-3.587E-4
7.379E+0	6.960E-1	-3.656E-4
7.455E+0	6.900E-1	-3.710E-4
7.531E+0	6.840E-1	-3.772E-4
7.607E+0	6.780E-1	-3.822E-4
7.684E+0	6.720E-1	-3.880E-4
7.760E+0	6.660E-1	-3.926E-4
7.836E+0	6.600E-1	-3.978E-4
7.912E+0	6.540E-1	-4.021E-4
7.988E+0	6.480E-1	-4.072E-4
8.064E+0	6.420E-1	-4.119E-4
8.140E+0	6.360E-1	-4.158E-4
8.216E+0	6.300E-1	-4.203E-4
8.292E+0	6.240E-1	-4.236E-4
8.368E+0	6.180E-1	-4.281E-4
8.444E+0	6.120E-1	-4.316E-4
8.520E+0	6.060E-1	-4.352E-4
8.596E+0	6.000E-1	-4.380E-4
8.671E+0	5.940E-1	-4.415E-4
8.747E+0	5.880E-1	-4.440E-4
8.823E+0	5.820E-1	-4.479E-4
8.899E+0	5.760E-1	-4.505E-4
8.976E+0	5.700E-1	-4.539E-4
9.052E+0	5.640E-1	-4.569E-4
9.128E+0	5.580E-1	-4.605E-4
9.203E+0	5.520E-1	-4.632E-4
9.279E+0	5.460E-1	-4.659E-4
9.355E+0	5.400E-1	-4.696E-4
9.432E+0	5.340E-1	-4.722E-4
9.508E+0	5.280E-1	-4.755E-4
9.584E+0	5.220E-1	-4.785E-4
9.660E+0	5.160E-1	-4.816E-4
9.736E+0	5.100E-1	-4.845E-4
9.812E+0	5.040E-1	-4.878E-4
9.888E+0	4.980E-1	-4.909E-4
9.964E+0	4.920E-1	-4.942E-4
1.004E+1	4.860E-1	-4.971E-4
1.012E+1	4.800E-1	-5.003E-4
1.019E+1	4.740E-1	-5.030E-4
1.027E+1	4.680E-1	-5.057E-4
1.034E+1	4.620E-1	-5.084E-4
1.042E+1	4.560E-1	-5.113E-4
1.050E+1	4.500E-1	-5.138E-4
1.057E+1	4.440E-1	-5.160E-4
1.065E+1	4.380E-1	-5.183E-4
1.072E+1	4.320E-1	-5.206E-4
1.080E+1	4.260E-1	-5.219E-4
1.088E+1	4.200E-1	-5.242E-4
1.095E+1	4.140E-1	-5.265E-4
1.103E+1	4.080E-1	-5.282E-4
1.110E+1	4.020E-1	-5.304E-4
1.118E+1	3.960E-1	-5.319E-4
1.126E+1	3.900E-1	-5.333E-4
1.133E+1	3.840E-1	-5.353E-4
1.141E+1	3.780E-1	-5.364E-4
1.148E+1	3.720E-1	-5.376E-4
1.156E+1	3.660E-1	-5.388E-4
1.164E+1	3.600E-1	-5.400E-4
1.171E+1	3.540E-1	-5.415E-4
1.179E+1	3.480E-1	-5.425E-4
1.187E+1	3.420E-1	-5.437E-4
1.194E+1	3.360E-1	-5.446E-4
1.202E+1	3.300E-1	-5.452E-4
1.209E+1	3.240E-1	-5.461E-4
1.217E+1	3.180E-1	-5.466E-4
1.224E+1	3.120E-1	-5.473E-4
1.232E+1	3.060E-1	-5.473E-4
1.240E+1	3.000E-1	-5.478E-4
1.247E+1	2.940E-1	-5.483E-4
1.255E+1	2.880E-1	-5.488E-4
1.262E+1	2.820E-1	-5.494E-4
1.270E+1	2.760E-1	-5.499E-4
1.278E+1	2.700E-1	-5.507E-4
1.285E+1	2.640E-1	-5.512E-4
1.293E+1	2.580E-1	-5.522E-4
1.301E+1	2.520E-1	-5.522E-4
1.308E+1	2.460E-1	-5.527E-4
1.316E+1	2.400E-1	-5.526E-4
1.323E+1	2.340E-1	-5.527E-4
1.331E+1	2.280E-1	-5.525E-4
1.338E+1	2.220E-1	-5.536E-4
1.346E+1	2.160E-1	-5.529E-4
1.354E+1	2.100E-1	-5.539E-4
1.361E+1	2.040E-1	-5.542E-4
1.369E+1	1.980E-1	-5.537E-4
1.377E+1	1.920E-1	-5.546E-4
1.384E+1	1.860E-1	-5.541E-4
1.392E+1	1.800E-1	-5.550E-4
1.399E+1	1.740E-1	-5.546E-4
1.407E+1	1.680E-1	-5.549E-4
1.415E+1	1.620E-1	-5.554E-4
1.422E+1	1.560E-1	-5.553E-4
1.430E+1	1.500E-1	-5.557E-4
1.437E+1	1.440E-1	-5.559E-4
1.445E+1	1.380E-1	-5.561E-4
1.453E+1	1.320E-1	-5.566E-4
1.460E+1	1.260E-1	-5.568E-4
1.468E+1	1.200E-1	-5.564E-4
1.475E+1	1.140E-1	-5.568E-4
1.483E+1	1.080E-1	-5.569E-4
1.491E+1	1.020E-1	-5.564E-4
1.498E+1	9.600E-2	-5.564E-4
1.506E+1	9.000E-2	-5.561E-4
1.513E+1	8.400E-2	-5.574E-4
1.521E+1	7.800E-2	-5.576E-4
1.529E+1	7.200E-2	-5.579E-4
1.536E+1	6.600E-2	-5.579E-4
1.544E+1	6.000E-2	-5.579E-4
1.552E+1	5.400E-2	-5.578E-4
1.559E+1	4.800E-2	-5.578E-4
1.567E+1	4.200E-2	-5.572E-4
1.574E+1	3.600E-2	-5.585E-4
1.582E+1	3.000E-2	-5.585E-4
1.589E+1	2.400E-2	-5.586E-4
1.597E+1	1.800E-2	-5.586E-4
1.605E+1	1.200E-2	-5.589E-4
1.612E+1	6.000E-3	-5.589E-4
1.620E+1	-1.039E-15	-5.588E-4
