1.260E-1	1.200E+0	1.651E-3
3.810E-1	1.194E+0	1.777E-3
4.550E-1	1.188E+0	1.735E-3
5.290E-1	1.182E+0	1.614E-3
6.020E-1	1.176E+0	1.450E-3
6.770E-1	1.170E+0	1.283E-3
7.530E-1	1.164E+0	1.115E-3
8.290E-1	1.158E+0	9.350E-4
9.610E-1	1.152E+0	7.991E-4
1.041E+0	1.146E+0	6.857E-4
1.122E+0	1.140E+0	5.844E-4
1.210E+0	1.134E+0	5.022E-4
1.286E+0	1.128E+0	4.310E-4
1.362E+0	1.122E+0	3.738E-4
1.438E+0	1.116E+0	3.231E-4
1.513E+0	1.110E+0	2.831E-4
1.589E+0	1.104E+0	2.475E-4
1.665E+0	1.098E+0	2.193E-4
1.742E+0	1.092E+0	1.943E-4
1.818E+0	1.086E+0	1.734E-4
1.894E+0	1.080E+0	1.565E-4
1.969E+0	1.074E+0	1.412E-4
2.045E+0	1.068E+0	1.290E-4
2.121E+0	1.062E+0	1.177E-4
2.196E+0	1.056E+0	1.085E-4
2.272E+0	1.050E+0	1.003E-4
2.407E+0	1.044E+0	9.292E-5
2.488E+0	1.038E+0	8.622E-5
2.576E+0	1.032E+0	8.058E-5
2.652E+0	1.026E+0	7.522E-5
2.727E+0	1.020E+0	7.069E-5
2.803E+0	1.014E+0	6.637E-5
2.879E+0	1.008E+0	6.274E-5
2.954E+0	1.002E+0	5.912E-5
3.030E+0	9.960E-1	5.599E-5
3.106E+0	9.900E-1	5.285E-5
3.182E+0	9.840E-1	5.022E-5
3.259E+0	9.780E-1	4.756E-5
3.335E+0	9.720E-1	4.516E-5
3.411E+0	9.660E-1	4.303E-5
3.487E+0	9.600E-1	4.087E-5
3.563E+0	9.540E-1	3.891E-5
3.640E+0	9.480E-1	3.703E-5
3.716E+0	9.420E-1	3.529E-5
3.792E+0	9.360E-1	3.362E-5
3.868E+0	9.300E-1	3.203E-5
3.944E+0	9.240E-1	3.050E-5
4.020E+0	9.180E-1	2.915E-5
4.096E+0	9.120E-1	2.776E-5
4.173E+0	9.060E-1	2.653E-5
4.249E+0	9.000E-1	2.524E-5
4.325E+0	8.940E-1	2.413E-5
4.401E+0	8.880E-1	2.297E-5
4.477E+0	8.820E-1	2.191E-5
4.554E+0	8.760E-1	2.092E-5
4.630E+0	8.700E-1	2.001E-5
4.706E+0	8.640E-1	1.906E-5
4.782E+0	8.580E-1	1.816E-5
4.858E+0	8.520E-1	1.735E-5
4.934E+0	8.460E-1	1.650E-5
5.010E+0	8.400E-1	1.579E-5
5.087E+0	8.340E-1	1.510E-5
5.163E+0	8.280E-1	1.440E-5
5.239E+0	8.220E-1	1.374E-5
5.315E+0	8.160E-1	1.320E-5
5.391E+0	8.100E-1	1.262E-5
5.467E+0	8.040E-1	1.207E-5
5.543E+0	7.980E-1	1.154E-5
5.620E+0	7.920E-1	1.107E-5
5.696E+0	7.860E-1	1.067E-5
5.772E+0	7.800E-1	1.021E-5
5.848E+0	7.740E-1	9.796E-6
5.988E+0	7.680E-1	9.430E-6
6.075E+0	7.620E-1	9.102E-6
6.151E+0	7.560E-1	8.750E-6
6.228E+0	7.500E-1	8.417E-6
6.304E+0	7.440E-1	8.102E-6
6.380E+0	7.380E-1	7.801E-6
6.456E+0	7.320E-1	7.501E-6
6.532E+0	7.260E-1	7.259E-6
6.609E+0	7.200E-1	7.010E-6
6.685E+0	7.140E-1	6.793E-6
6.761E+0	7.080E-1	6.586E-6
6.837E+0	7.020E-1	6.333E-6
6.913E+0	6.960E-1	6.140E-6
6.989E+0	6.900E-1	5.975E-6
7.065E+0	6.840E-1	5.776E-6
7.142E+0	6.780E-1	5.624E-6
7.218E+0	6.720E-1	5.424E-6
7.294E+0	6.660E-1	5.259E-6
7.370E+0	6.600E-1	5.102E-6
7.447E+0	6.540E-1	4.959E-6
7.523E+0	6.480E-1	4.812E-6
7.599E+0	6.420E-1	4.694E-6
7.675E+0	6.360E-1	4.578E-6
7.751E+0	6.300E-1	4.471E-6
7.827E+0	6.240E-1	4.341E-6
7.903E+0	6.180E-1	4.213E-6
7.979E+0	6.120E-1	4.127E-6
8.055E+0	6.060E-1	3.997E-6
8.131E+0	6.000E-1	3.913E-6
8.207E+0	5.940E-1	3.796E-6
8.283E+0	5.880E-1	3.693E-6
8.360E+0	5.820E-1	3.603E-6
8.436E+0	5.760E-1	3.525E-6
8.512E+0	5.700E-1	3.432E-6
8.588E+0	5.640E-1	3.362E-6
8.664E+0	5.580E-1	3.298E-6
8.740E+0	5.520E-1	3.231E-6
8.816E+0	5.460E-1	3.121E-6
8.892E+0	5.400E-1	3.048E-6
8.968E+0	5.340E-1	2.994E-6
9.044E+0	5.280E-1	2.903E-6
9.120E+0	5.220E-1	2.857E-6
9.196E+0	5.160E-1	2.760E-6
9.273E+0	5.100E-1	2.702E-6
9.349E+0	5.040E-1	2.627E-6
9.425E+0	4.980E-1	2.580E-6
9.501E+0	4.920E-1	2.506E-6
9.577E+0	4.860E-1	2.458E-6
9.653E+0	4.800E-1	2.390E-6
9.730E+0	4.740E-1	2.339E-6
9.806E+0	4.680E-1	2.271E-6
9.882E+0	4.620E-1	2.220E-6
9.958E+0	4.560E-1	2.174E-6
1.003E+1	4.500E-1	2.130E-6
1.011E+1	4.440E-1	2.067E-6
1.019E+1	4.380E-1	2.022E-6
1.026E+1	4.320E-1	1.967E-6
1.034E+1	4.260E-1	1.924E-6
1.041E+1	4.200E-1	1.878E-6
1.049E+1	4.140E-1	1.817E-6
1.057E+1	4.080E-1	1.777E-6
1.064E+1	4.020E-1	1.730E-6
1.072E+1	3.960E-1	1.692E-6
1.080E+1	3.900E-1	1.651E-6
1.087E+1	3.840E-1	1.603E-6
1.095E+1	3.780E-1	1.560E-6
1.102E+1	3.720E-1	1.515E-6
1.110E+1	3.660E-1	1.482E-6
1.118E+1	3.600E-1	1.444E-6
1.125E+1	3.540E-1	1.393E-6
1.133E+1	3.480E-1	1.351E-6
1.140E+1	3.420E-1	1.302E-6
1.148E+1	3.360E-1	1.274E-6
1.156E+1	3.300E-1	1.231E-6
1.163E+1	3.240E-1	1.200E-6
1.171E+1	3.180E-1	1.156E-6
1.179E+1	3.120E-1	1.127E-6
1.186E+1	3.060E-1	1.138E-6
1.194E+1	3.000E-1	1.062E-6
1.201E+1	2.940E-1	1.036E-6
1.209E+1	2.880E-1	1.000E-6
1.216E+1	2.820E-1	9.631E-7
1.231E+1	2.760E-1	9.397E-7
1.239E+1	2.700E-1	9.034E-7
1.246E+1	2.640E-1	8.830E-7
1.254E+1	2.580E-1	8.491E-7
1.262E+1	2.520E-1	8.148E-7
1.269E+1	2.460E-1	7.829E-7
1.277E+1	2.400E-1	7.552E-7
1.285E+1	2.340E-1	7.254E-7
1.292E+1	2.280E-1	6.934E-7
1.300E+1	2.220E-1	6.685E-7
1.307E+1	2.160E-1	6.419E-7
1.315E+1	2.100E-1	6.175E-7
1.323E+1	2.040E-1	5.980E-7
1.330E+1	1.980E-1	5.651E-7
1.338E+1	1.920E-1	5.412E-7
1.346E+1	1.860E-1	5.113E-7
1.353E+1	1.800E-1	4.896E-7
1.361E+1	1.740E-1	4.588E-7
1.368E+1	1.680E-1	4.403E-7
1.376E+1	1.620E-1	4.147E-7
1.384E+1	1.560E-1	3.913E-7
1.391E+1	1.500E-1	3.672E-7
1.399E+1	1.440E-1	3.436E-7
1.406E+1	1.380E-1	3.201E-7
1.414E+1	1.320E-1	3.005E-7
1.422E+1	1.260E-1	2.804E-7
1.429E+1	1.200E-1	2.582E-7
1.437E+1	1.140E-1	2.384E-7
1.445E+1	1.080E-1	2.157E-7
1.452E+1	1.020E-1	1.967E-7
1.460E+1	9.600E-2	1.782E-7
1.467E+1	9.000E-2	1.627E-7
1.475E+1	8.400E-2	1.427E-7
1.483E+1	7.800E-2	1.242E-7
1.490E+1	7.200E-2	1.042E-7
1.498E+1	6.600E-2	8.589E-8
1.506E+1	6.000E-2	6.749E-8
1.513E+1	5.400E-2	5.062E-8
1.521E+1	4.800E-2	3.375E-8
1.528E+1	4.200E-2	1.785E-8
1.536E+1	3.600E-2	1.315E-9
1.544E+1	3.000E-2	-1.486E-8
1.551E+1	2.400E-2	-3.121E-8
1.559E+1	1.800E-2	-4.675E-8
1.566E+1	1.200E-2	-6.320E-8
1.574E+1	6.000E-3	-7.816E-8
1.582E+1	-1.039E-15	-9.398E-8
