1.230E-1	1.200E+0	1.996E-3
2.640E-1	1.194E+0	2.086E-3
3.370E-1	1.188E+0	1.846E-3
4.110E-1	1.182E+0	1.587E-3
4.850E-1	1.176E+0	1.349E-3
5.580E-1	1.170E+0	1.152E-3
6.320E-1	1.164E+0	9.487E-4
7.630E-1	1.158E+0	8.151E-4
8.370E-1	1.152E+0	6.977E-4
9.100E-1	1.146E+0	6.037E-4
9.840E-1	1.140E+0	5.203E-4
1.057E+0	1.134E+0	4.534E-4
1.131E+0	1.128E+0	3.935E-4
1.207E+0	1.122E+0	3.453E-4
1.283E+0	1.116E+0	3.013E-4
1.358E+0	1.110E+0	2.657E-4
1.434E+0	1.104E+0	2.328E-4
1.510E+0	1.098E+0	2.060E-4
1.586E+0	1.092E+0	1.807E-4
1.661E+0	1.086E+0	1.585E-4
1.737E+0	1.080E+0	1.400E-4
1.813E+0	1.074E+0	1.219E-4
1.889E+0	1.068E+0	1.068E-4
1.964E+0	1.062E+0	9.645E-5
2.100E+0	1.056E+0	8.117E-5
2.180E+0	1.050E+0	6.754E-5
2.269E+0	1.044E+0	5.584E-5
2.344E+0	1.038E+0	4.392E-5
2.420E+0	1.032E+0	3.361E-5
2.496E+0	1.026E+0	2.275E-5
2.571E+0	1.020E+0	1.340E-5
2.647E+0	1.014E+0	1.345E-5
2.906E+0	1.008E+0	4.105E-6
3.045E+0	1.002E+0	-4.233E-6
3.120E+0	9.960E-1	-1.133E-5
3.315E+0	9.900E-1	-2.408E-5
3.389E+0	9.840E-1	-3.392E-5
3.463E+0	9.780E-1	-4.420E-5
3.536E+0	9.720E-1	-5.389E-5
3.610E+0	9.660E-1	-6.255E-5
3.684E+0	9.600E-1	-7.222E-5
3.758E+0	9.540E-1	-8.050E-5
3.832E+0	9.480E-1	-8.994E-5
3.905E+0	9.420E-1	-9.803E-5
3.979E+0	9.360E-1	-1.050E-4
4.053E+0	9.300E-1	-1.067E-4
4.242E+0	9.240E-1	-1.175E-4
4.315E+0	9.180E-1	-1.269E-4
4.389E+0	9.120E-1	-1.372E-4
4.463E+0	9.060E-1	-1.458E-4
4.536E+0	9.000E-1	-1.559E-4
4.610E+0	8.940E-1	-1.643E-4
4.684E+0	8.880E-1	-1.745E-4
4.757E+0	8.820E-1	-1.827E-4
4.831E+0	8.760E-1	-1.927E-4
4.905E+0	8.700E-1	-2.010E-4
4.979E+0	8.640E-1	-2.109E-4
5.052E+0	8.580E-1	-2.202E-4
5.126E+0	8.520E-1	-2.287E-4
5.200E+0	8.460E-1	-2.383E-4
5.273E+0	8.400E-1	-2.467E-4
5.347E+0	8.340E-1	-2.560E-4
5.421E+0	8.280E-1	-2.641E-4
5.494E+0	8.220E-1	-2.732E-4
5.568E+0	8.160E-1	-2.812E-4
5.644E+0	8.100E-1	-2.900E-4
5.720E+0	8.040E-1	-2.972E-4
5.796E+0	7.980E-1	-3.058E-4
5.872E+0	7.920E-1	-3.128E-4
5.948E+0	7.860E-1	-3.208E-4
6.025E+0	7.800E-1	-3.278E-4
6.101E+0	7.740E-1	-3.350E-4
6.177E+0	7.680E-1	-3.412E-4
6.253E+0	7.620E-1	-3.485E-4
6.329E+0	7.560E-1	-3.554E-4
6.405E+0	7.500E-1	-3.608E-4
6.481E+0	7.440E-1	-3.670E-4
6.557E+0	7.380E-1	-3.721E-4
6.633E+0	7.320E-1	-3.777E-4
6.709E+0	7.260E-1	-3.824E-4
6.785E+0	7.200E-1	-3.878E-4
6.862E+0	7.140E-1	-3.921E-4
6.938E+0	7.080E-1	-3.969E-4
7.014E+0	7.020E-1	-4.009E-4
7.090E+0	6.960E-1	-4.054E-4
7.166E+0	6.900E-1	-4.090E-4
7.242E+0	6.840E-1	-4.134E-4
7.318E+0	6.780E-1	-4.170E-4
7.394E+0	6.720E-1	-4.208E-4
7.470E+0	6.660E-1	-4.243E-4
7.546E+0	6.600E-1	-4.281E-4
7.622E+0	6.540E-1	-4.309E-4
7.699E+0	6.480E-1	-4.350E-4
7.774E+0	6.420E-1	-4.387E-4
7.850E+0	6.360E-1	-4.413E-4
7.926E+0	6.300E-1	-4.450E-4
8.002E+0	6.240E-1	-4.481E-4
8.078E+0	6.180E-1	-4.516E-4
8.154E+0	6.120E-1	-4.545E-4
8.230E+0	6.060E-1	-4.578E-4
8.306E+0	6.000E-1	-4.613E-4
8.381E+0	5.940E-1	-4.646E-4
8.457E+0	5.880E-1	-4.677E-4
8.534E+0	5.820E-1	-4.707E-4
8.610E+0	5.760E-1	-4.737E-4
8.686E+0	5.700E-1	-4.772E-4
8.762E+0	5.640E-1	-4.798E-4
8.838E+0	5.580E-1	-4.829E-4
8.914E+0	5.520E-1	-4.854E-4
8.990E+0	5.460E-1	-4.890E-4
9.066E+0	5.400E-1	-4.919E-4
9.142E+0	5.340E-1	-4.949E-4
9.218E+0	5.280E-1	-4.971E-4
9.294E+0	5.220E-1	-4.996E-4
9.370E+0	5.160E-1	-5.025E-4
9.446E+0	5.100E-1	-5.045E-4
9.522E+0	5.040E-1	-5.075E-4
9.598E+0	4.980E-1	-5.091E-4
9.674E+0	4.920E-1	-5.116E-4
9.750E+0	4.860E-1	-5.133E-4
9.826E+0	4.800E-1	-5.150E-4
9.902E+0	4.740E-1	-5.169E-4
9.978E+0	4.680E-1	-5.183E-4
1.005E+1	4.620E-1	-5.197E-4
1.013E+1	4.560E-1	-5.214E-4
1.021E+1	4.500E-1	-5.228E-4
1.028E+1	4.440E-1	-5.240E-4
1.036E+1	4.380E-1	-5.252E-4
1.044E+1	4.320E-1	-5.266E-4
1.051E+1	4.260E-1	-5.278E-4
1.059E+1	4.200E-1	-5.286E-4
1.066E+1	4.140E-1	-5.301E-4
1.074E+1	4.080E-1	-5.308E-4
1.082E+1	4.020E-1	-5.314E-4
1.089E+1	3.960E-1	-5.324E-4
1.097E+1	3.900E-1	-5.328E-4
1.104E+1	3.840E-1	-5.336E-4
1.112E+1	3.780E-1	-5.343E-4
1.120E+1	3.720E-1	-5.345E-4
1.127E+1	3.660E-1	-5.354E-4
1.135E+1	3.600E-1	-5.358E-4
1.142E+1	3.540E-1	-5.363E-4
1.150E+1	3.480E-1	-5.369E-4
1.158E+1	3.420E-1	-5.372E-4
1.165E+1	3.360E-1	-5.372E-4
1.173E+1	3.300E-1	-5.373E-4
1.180E+1	3.240E-1	-5.381E-4
1.188E+1	3.180E-1	-5.380E-4
1.196E+1	3.120E-1	-5.385E-4
1.203E+1	3.060E-1	-5.388E-4
1.211E+1	3.000E-1	-5.385E-4
1.218E+1	2.940E-1	-5.393E-4
1.226E+1	2.880E-1	-5.391E-4
1.234E+1	2.820E-1	-5.395E-4
1.241E+1	2.760E-1	-5.396E-4
1.249E+1	2.700E-1	-5.393E-4
1.256E+1	2.640E-1	-5.398E-4
1.264E+1	2.580E-1	-5.400E-4
1.272E+1	2.520E-1	-5.404E-4
1.279E+1	2.460E-1	-5.405E-4
1.287E+1	2.400E-1	-5.407E-4
1.294E+1	2.340E-1	-5.410E-4
1.302E+1	2.280E-1	-5.412E-4
1.310E+1	2.220E-1	-5.413E-4
1.317E+1	2.160E-1	-5.416E-4
1.325E+1	2.100E-1	-5.415E-4
1.332E+1	2.040E-1	-5.417E-4
1.340E+1	1.980E-1	-5.416E-4
1.348E+1	1.920E-1	-5.418E-4
1.355E+1	1.860E-1	-5.422E-4
1.363E+1	1.800E-1	-5.422E-4
1.370E+1	1.740E-1	-5.425E-4
1.378E+1	1.680E-1	-5.426E-4
1.386E+1	1.620E-1	-5.427E-4
1.393E+1	1.560E-1	-5.428E-4
1.401E+1	1.500E-1	-5.421E-4
1.408E+1	1.440E-1	-5.424E-4
1.416E+1	1.380E-1	-5.425E-4
1.424E+1	1.320E-1	-5.427E-4
1.431E+1	1.260E-1	-5.425E-4
1.439E+1	1.200E-1	-5.426E-4
1.446E+1	1.140E-1	-5.427E-4
1.454E+1	1.080E-1	-5.432E-4
1.462E+1	1.020E-1	-5.427E-4
1.469E+1	9.600E-2	-5.427E-4
1.477E+1	9.000E-2	-5.431E-4
1.484E+1	8.400E-2	-5.433E-4
1.492E+1	7.800E-2	-5.434E-4
1.500E+1	7.200E-2	-5.433E-4
1.507E+1	6.600E-2	-5.436E-4
1.515E+1	6.000E-2	-5.432E-4
1.522E+1	5.400E-2	-5.438E-4
1.530E+1	4.800E-2	-5.444E-4
1.538E+1	4.200E-2	-5.439E-4
1.545E+1	3.600E-2	-5.440E-4
1.553E+1	3.000E-2	-5.437E-4
1.561E+1	2.400E-2	-5.440E-4
1.568E+1	1.800E-2	-5.439E-4
1.576E+1	1.200E-2	-5.444E-4
1.583E+1	6.000E-3	-5.445E-4
1.591E+1	-1.039E-15	-5.449E-4
