1.240E-1	1.200E+0	1.927E-3
3.790E-1	1.194E+0	2.206E-3
4.530E-1	1.188E+0	2.281E-3
5.270E-1	1.182E+0	2.235E-3
6.000E-1	1.176E+0	2.106E-3
6.740E-1	1.170E+0	1.947E-3
7.500E-1	1.164E+0	1.764E-3
8.260E-1	1.158E+0	1.591E-3
9.020E-1	1.152E+0	1.422E-3
9.780E-1	1.146E+0	1.270E-3
1.054E+0	1.140E+0	1.128E-3
1.129E+0	1.134E+0	1.008E-3
1.205E+0	1.128E+0	8.812E-4
1.337E+0	1.122E+0	7.909E-4
1.418E+0	1.116E+0	7.076E-4
1.498E+0	1.110E+0	6.414E-4
1.586E+0	1.104E+0	5.809E-4
1.662E+0	1.098E+0	5.342E-4
1.738E+0	1.092E+0	4.911E-4
1.814E+0	1.086E+0	4.544E-4
1.890E+0	1.080E+0	4.259E-4
1.965E+0	1.074E+0	3.987E-4
2.041E+0	1.068E+0	3.785E-4
2.117E+0	1.062E+0	3.584E-4
2.193E+0	1.056E+0	3.417E-4
2.268E+0	1.050E+0	3.272E-4
2.344E+0	1.044E+0	3.141E-4
2.420E+0	1.038E+0	3.013E-4
2.495E+0	1.032E+0	2.915E-4
2.571E+0	1.026E+0	2.802E-4
2.647E+0	1.020E+0	2.719E-4
2.722E+0	1.014E+0	2.627E-4
2.798E+0	1.008E+0	2.553E-4
2.873E+0	1.002E+0	2.473E-4
2.949E+0	9.960E-1	2.408E-4
3.025E+0	9.900E-1	2.356E-4
3.101E+0	9.840E-1	2.300E-4
3.177E+0	9.780E-1	2.245E-4
3.254E+0	9.720E-1	2.198E-4
3.330E+0	9.660E-1	2.149E-4
3.406E+0	9.600E-1	2.110E-4
3.482E+0	9.540E-1	2.065E-4
3.558E+0	9.480E-1	2.024E-4
3.634E+0	9.420E-1	1.987E-4
3.710E+0	9.360E-1	1.948E-4
3.786E+0	9.300E-1	1.911E-4
3.862E+0	9.240E-1	1.873E-4
3.938E+0	9.180E-1	1.827E-4
4.014E+0	9.120E-1	1.792E-4
4.091E+0	9.060E-1	1.763E-4
4.167E+0	9.000E-1	1.737E-4
4.243E+0	8.940E-1	1.705E-4
4.319E+0	8.880E-1	1.670E-4
4.395E+0	8.820E-1	1.644E-4
4.471E+0	8.760E-1	1.618E-4
4.548E+0	8.700E-1	1.585E-4
4.624E+0	8.640E-1	1.559E-4
4.700E+0	8.580E-1	1.532E-4
4.776E+0	8.520E-1	1.502E-4
4.852E+0	8.460E-1	1.472E-4
4.928E+0	8.400E-1	1.456E-4
5.004E+0	8.340E-1	1.422E-4
5.080E+0	8.280E-1	1.395E-4
5.156E+0	8.220E-1	1.380E-4
5.232E+0	8.160E-1	1.354E-4
5.308E+0	8.100E-1	1.331E-4
5.384E+0	8.040E-1	1.308E-4
5.460E+0	7.980E-1	1.281E-4
5.536E+0	7.920E-1	1.255E-4
5.612E+0	7.860E-1	1.234E-4
5.688E+0	7.800E-1	1.211E-4
5.764E+0	7.740E-1	1.187E-4
5.841E+0	7.680E-1	1.164E-4
5.917E+0	7.620E-1	1.142E-4
5.993E+0	7.560E-1	1.119E-4
6.069E+0	7.500E-1	1.099E-4
6.145E+0	7.440E-1	1.083E-4
6.221E+0	7.380E-1	1.061E-4
6.297E+0	7.320E-1	1.043E-4
6.373E+0	7.260E-1	1.024E-4
6.449E+0	7.200E-1	1.013E-4
6.525E+0	7.140E-1	9.894E-5
6.660E+0	7.080E-1	9.711E-5
6.741E+0	7.020E-1	9.533E-5
6.830E+0	6.960E-1	9.309E-5
6.907E+0	6.900E-1	9.176E-5
6.983E+0	6.840E-1	8.955E-5
7.059E+0	6.780E-1	8.771E-5
7.135E+0	6.720E-1	8.661E-5
7.212E+0	6.660E-1	8.503E-5
7.288E+0	6.600E-1	8.341E-5
7.364E+0	6.540E-1	8.208E-5
7.440E+0	6.480E-1	8.042E-5
7.516E+0	6.420E-1	7.880E-5
7.592E+0	6.360E-1	7.742E-5
7.668E+0	6.300E-1	7.600E-5
7.744E+0	6.240E-1	7.453E-5
7.820E+0	6.180E-1	7.283E-5
7.896E+0	6.120E-1	7.160E-5
7.972E+0	6.060E-1	6.990E-5
8.048E+0	6.000E-1	6.846E-5
8.124E+0	5.940E-1	6.709E-5
8.200E+0	5.880E-1	6.586E-5
8.276E+0	5.820E-1	6.449E-5
8.352E+0	5.760E-1	6.344E-5
8.428E+0	5.700E-1	6.197E-5
8.504E+0	5.640E-1	6.075E-5
8.580E+0	5.580E-1	5.923E-5
8.657E+0	5.520E-1	5.797E-5
8.733E+0	5.460E-1	5.698E-5
8.809E+0	5.400E-1	5.593E-5
8.885E+0	5.340E-1	5.498E-5
8.961E+0	5.280E-1	5.397E-5
9.037E+0	5.220E-1	5.261E-5
9.113E+0	5.160E-1	5.132E-5
9.189E+0	5.100E-1	5.024E-5
9.265E+0	5.040E-1	4.896E-5
9.341E+0	4.980E-1	4.802E-5
9.417E+0	4.920E-1	4.705E-5
9.494E+0	4.860E-1	4.610E-5
9.570E+0	4.800E-1	4.491E-5
9.646E+0	4.740E-1	4.396E-5
9.722E+0	4.680E-1	4.273E-5
9.798E+0	4.620E-1	4.176E-5
9.874E+0	4.560E-1	4.086E-5
9.950E+0	4.500E-1	3.992E-5
1.003E+1	4.440E-1	3.878E-5
1.010E+1	4.380E-1	3.791E-5
1.018E+1	4.320E-1	3.672E-5
1.026E+1	4.260E-1	3.591E-5
1.033E+1	4.200E-1	3.503E-5
1.041E+1	4.140E-1	3.384E-5
1.048E+1	4.080E-1	3.309E-5
1.056E+1	4.020E-1	3.225E-5
1.064E+1	3.960E-1	3.124E-5
1.071E+1	3.900E-1	3.041E-5
1.079E+1	3.840E-1	2.978E-5
1.086E+1	3.780E-1	2.888E-5
1.094E+1	3.720E-1	2.850E-5
1.102E+1	3.660E-1	2.768E-5
1.109E+1	3.600E-1	2.700E-5
1.117E+1	3.540E-1	2.603E-5
1.124E+1	3.480E-1	2.549E-5
1.132E+1	3.420E-1	2.464E-5
1.140E+1	3.360E-1	2.401E-5
1.147E+1	3.300E-1	2.324E-5
1.155E+1	3.240E-1	2.266E-5
1.163E+1	3.180E-1	2.190E-5
1.170E+1	3.120E-1	2.108E-5
1.178E+1	3.060E-1	2.039E-5
1.185E+1	3.000E-1	1.964E-5
1.193E+1	2.940E-1	1.888E-5
1.201E+1	2.880E-1	1.826E-5
1.208E+1	2.820E-1	1.764E-5
1.216E+1	2.760E-1	1.688E-5
1.223E+1	2.700E-1	1.641E-5
1.231E+1	2.640E-1	1.565E-5
1.239E+1	2.580E-1	1.499E-5
1.246E+1	2.520E-1	1.446E-5
1.254E+1	2.460E-1	1.383E-5
1.262E+1	2.400E-1	1.332E-5
1.269E+1	2.340E-1	1.271E-5
1.277E+1	2.280E-1	1.214E-5
1.284E+1	2.220E-1	1.165E-5
1.292E+1	2.160E-1	1.111E-5
1.300E+1	2.100E-1	1.057E-5
1.307E+1	2.040E-1	1.009E-5
1.315E+1	1.980E-1	9.618E-6
1.329E+1	1.920E-1	9.149E-6
1.337E+1	1.860E-1	8.703E-6
1.345E+1	1.800E-1	8.244E-6
1.353E+1	1.740E-1	7.742E-6
1.360E+1	1.680E-1	7.407E-6
1.368E+1	1.620E-1	6.952E-6
1.376E+1	1.560E-1	6.579E-6
1.383E+1	1.500E-1	6.169E-6
1.391E+1	1.440E-1	5.781E-6
1.398E+1	1.380E-1	5.425E-6
1.406E+1	1.320E-1	5.145E-6
1.414E+1	1.260E-1	4.809E-6
1.421E+1	1.200E-1	4.510E-6
1.429E+1	1.140E-1	4.161E-6
1.437E+1	1.080E-1	3.855E-6
1.444E+1	1.020E-1	3.563E-6
1.452E+1	9.600E-2	3.241E-6
1.459E+1	9.000E-2	3.052E-6
1.467E+1	8.400E-2	2.806E-6
1.475E+1	7.800E-2	2.555E-6
1.482E+1	7.200E-2	2.302E-6
1.490E+1	6.600E-2	2.088E-6
1.497E+1	6.000E-2	1.867E-6
1.505E+1	5.400E-2	1.649E-6
1.513E+1	4.800E-2	1.386E-6
1.520E+1	4.200E-2	1.200E-6
1.528E+1	3.600E-2	1.016E-6
1.543E+1	3.000E-2	8.146E-7
1.550E+1	2.400E-2	6.075E-7
1.558E+1	1.800E-2	4.231E-7
1.565E+1	1.200E-2	2.334E-7
1.573E+1	6.000E-3	5.559E-8
1.581E+1	-1.039E-15	-1.338E-7
