1.230E-1	1.200E+0	2.410E-3
2.630E-1	1.194E+0	2.959E-3
3.370E-1	1.188E+0	2.937E-3
4.110E-1	1.182E+0	2.737E-3
4.840E-1	1.176E+0	2.480E-3
5.580E-1	1.170E+0	2.229E-3
6.320E-1	1.164E+0	1.983E-3
7.060E-1	1.158E+0	1.765E-3
7.790E-1	1.152E+0	1.563E-3
8.530E-1	1.146E+0	1.388E-3
9.260E-1	1.140E+0	1.228E-3
1.000E+0	1.134E+0	1.093E-3
1.073E+0	1.128E+0	9.557E-4
1.205E+0	1.122E+0	8.518E-4
1.293E+0	1.116E+0	7.597E-4
1.368E+0	1.110E+0	6.835E-4
1.444E+0	1.104E+0	6.145E-4
1.520E+0	1.098E+0	5.582E-4
1.596E+0	1.092E+0	5.085E-4
1.671E+0	1.086E+0	4.647E-4
1.747E+0	1.080E+0	4.275E-4
1.823E+0	1.074E+0	3.937E-4
1.899E+0	1.068E+0	3.666E-4
1.975E+0	1.062E+0	3.410E-4
2.050E+0	1.056E+0	3.194E-4
2.126E+0	1.050E+0	2.984E-4
2.202E+0	1.044E+0	2.810E-4
2.277E+0	1.038E+0	2.637E-4
2.353E+0	1.032E+0	2.490E-4
2.428E+0	1.026E+0	2.332E-4
2.504E+0	1.020E+0	2.205E-4
2.580E+0	1.014E+0	2.072E-4
2.656E+0	1.008E+0	1.952E-4
2.731E+0	1.002E+0	1.835E-4
2.806E+0	9.960E-1	1.730E-4
2.883E+0	9.900E-1	1.616E-4
2.959E+0	9.840E-1	1.518E-4
3.035E+0	9.780E-1	1.410E-4
3.111E+0	9.720E-1	1.301E-4
3.187E+0	9.660E-1	1.218E-4
3.263E+0	9.600E-1	1.115E-4
3.339E+0	9.540E-1	1.019E-4
3.415E+0	9.480E-1	9.819E-5
3.551E+0	9.420E-1	8.641E-5
3.632E+0	9.360E-1	7.566E-5
3.721E+0	9.300E-1	6.682E-5
3.797E+0	9.240E-1	5.605E-5
3.873E+0	9.180E-1	4.657E-5
3.950E+0	9.120E-1	3.655E-5
4.026E+0	9.060E-1	2.700E-5
4.102E+0	9.000E-1	1.647E-5
4.178E+0	8.940E-1	2.297E-5
4.437E+0	8.880E-1	2.019E-5
4.696E+0	8.820E-1	1.595E-5
4.955E+0	8.760E-1	1.335E-5
5.350E+0	8.700E-1	1.355E-6
5.489E+0	8.640E-1	-7.167E-6
5.684E+0	8.580E-1	-2.353E-5
5.758E+0	8.520E-1	-3.629E-5
5.834E+0	8.460E-1	-4.940E-5
5.910E+0	8.400E-1	-6.073E-5
5.987E+0	8.340E-1	-7.303E-5
6.063E+0	8.280E-1	-8.376E-5
6.139E+0	8.220E-1	-9.539E-5
6.215E+0	8.160E-1	-1.050E-4
6.291E+0	8.100E-1	-1.063E-4
6.480E+0	8.040E-1	-1.193E-4
6.553E+0	7.980E-1	-1.322E-4
6.627E+0	7.920E-1	-1.437E-4
6.701E+0	7.860E-1	-1.556E-4
6.774E+0	7.800E-1	-1.659E-4
6.848E+0	7.740E-1	-1.772E-4
6.922E+0	7.680E-1	-1.869E-4
6.996E+0	7.620E-1	-1.974E-4
7.070E+0	7.560E-1	-2.087E-4
7.143E+0	7.500E-1	-2.170E-4
7.217E+0	7.440E-1	-2.278E-4
7.291E+0	7.380E-1	-2.364E-4
7.365E+0	7.320E-1	-2.464E-4
7.438E+0	7.260E-1	-2.552E-4
7.512E+0	7.200E-1	-2.646E-4
7.585E+0	7.140E-1	-2.720E-4
7.661E+0	7.080E-1	-2.813E-4
7.738E+0	7.020E-1	-2.883E-4
7.814E+0	6.960E-1	-2.966E-4
7.890E+0	6.900E-1	-3.033E-4
7.966E+0	6.840E-1	-3.115E-4
8.042E+0	6.780E-1	-3.181E-4
8.118E+0	6.720E-1	-3.254E-4
8.194E+0	6.660E-1	-3.310E-4
8.271E+0	6.600E-1	-3.375E-4
8.347E+0	6.540E-1	-3.432E-4
8.422E+0	6.480E-1	-3.491E-4
8.498E+0	6.420E-1	-3.549E-4
8.574E+0	6.360E-1	-3.599E-4
8.650E+0	6.300E-1	-3.651E-4
8.726E+0	6.240E-1	-3.690E-4
8.802E+0	6.180E-1	-3.743E-4
8.878E+0	6.120E-1	-3.782E-4
8.954E+0	6.060E-1	-3.834E-4
9.030E+0	6.000E-1	-3.873E-4
9.106E+0	5.940E-1	-3.919E-4
9.182E+0	5.880E-1	-3.959E-4
9.258E+0	5.820E-1	-4.012E-4
9.334E+0	5.760E-1	-4.050E-4
9.410E+0	5.700E-1	-4.093E-4
9.486E+0	5.640E-1	-4.137E-4
9.562E+0	5.580E-1	-4.176E-4
9.638E+0	5.520E-1	-4.217E-4
9.714E+0	5.460E-1	-4.256E-4
9.790E+0	5.400E-1	-4.302E-4
9.866E+0	5.340E-1	-4.342E-4
9.942E+0	5.280E-1	-4.380E-4
1.002E+1	5.220E-1	-4.424E-4
1.009E+1	5.160E-1	-4.470E-4
1.017E+1	5.100E-1	-4.500E-4
1.025E+1	5.040E-1	-4.542E-4
1.032E+1	4.980E-1	-4.579E-4
1.040E+1	4.920E-1	-4.618E-4
1.047E+1	4.860E-1	-4.652E-4
1.055E+1	4.800E-1	-4.684E-4
1.063E+1	4.740E-1	-4.713E-4
1.070E+1	4.680E-1	-4.747E-4
1.078E+1	4.620E-1	-4.770E-4
1.086E+1	4.560E-1	-4.799E-4
1.093E+1	4.500E-1	-4.826E-4
1.101E+1	4.440E-1	-4.850E-4
1.108E+1	4.380E-1	-4.880E-4
1.116E+1	4.320E-1	-4.906E-4
1.123E+1	4.260E-1	-4.939E-4
1.131E+1	4.200E-1	-4.960E-4
1.139E+1	4.140E-1	-4.982E-4
1.146E+1	4.080E-1	-5.009E-4
1.154E+1	4.020E-1	-5.025E-4
1.162E+1	3.960E-1	-5.049E-4
1.169E+1	3.900E-1	-5.068E-4
1.177E+1	3.840E-1	-5.083E-4
1.184E+1	3.780E-1	-5.101E-4
1.192E+1	3.720E-1	-5.118E-4
1.199E+1	3.660E-1	-5.132E-4
1.207E+1	3.600E-1	-5.147E-4
1.215E+1	3.540E-1	-5.161E-4
1.222E+1	3.480E-1	-5.174E-4
1.230E+1	3.420E-1	-5.188E-4
1.238E+1	3.360E-1	-5.197E-4
1.245E+1	3.300E-1	-5.210E-4
1.253E+1	3.240E-1	-5.221E-4
1.260E+1	3.180E-1	-5.234E-4
1.268E+1	3.120E-1	-5.242E-4
1.276E+1	3.060E-1	-5.248E-4
1.283E+1	3.000E-1	-5.258E-4
1.291E+1	2.940E-1	-5.263E-4
1.298E+1	2.880E-1	-5.275E-4
1.306E+1	2.820E-1	-5.284E-4
1.314E+1	2.760E-1	-5.290E-4
1.321E+1	2.700E-1	-5.292E-4
1.329E+1	2.640E-1	-5.304E-4
1.336E+1	2.580E-1	-5.307E-4
1.344E+1	2.520E-1	-5.318E-4
1.352E+1	2.460E-1	-5.325E-4
1.359E+1	2.400E-1	-5.334E-4
1.367E+1	2.340E-1	-5.337E-4
1.374E+1	2.280E-1	-5.343E-4
1.382E+1	2.220E-1	-5.350E-4
1.390E+1	2.160E-1	-5.360E-4
1.397E+1	2.100E-1	-5.361E-4
1.405E+1	2.040E-1	-5.371E-4
1.412E+1	1.980E-1	-5.372E-4
1.420E+1	1.920E-1	-5.378E-4
1.428E+1	1.860E-1	-5.385E-4
1.435E+1	1.800E-1	-5.388E-4
1.443E+1	1.740E-1	-5.403E-4
1.450E+1	1.680E-1	-5.401E-4
1.458E+1	1.620E-1	-5.407E-4
1.466E+1	1.560E-1	-5.416E-4
1.473E+1	1.500E-1	-5.414E-4
1.481E+1	1.440E-1	-5.418E-4
1.488E+1	1.380E-1	-5.422E-4
1.496E+1	1.320E-1	-5.423E-4
1.504E+1	1.260E-1	-5.433E-4
1.511E+1	1.200E-1	-5.432E-4
1.519E+1	1.140E-1	-5.440E-4
1.526E+1	1.080E-1	-5.442E-4
1.534E+1	1.020E-1	-5.449E-4
1.542E+1	9.600E-2	-5.454E-4
1.549E+1	9.000E-2	-5.452E-4
1.557E+1	8.400E-2	-5.456E-4
1.564E+1	7.800E-2	-5.458E-4
1.572E+1	7.200E-2	-5.452E-4
1.580E+1	6.600E-2	-5.464E-4
1.587E+1	6.000E-2	-5.467E-4
1.595E+1	5.400E-2	-5.467E-4
1.602E+1	4.800E-2	-5.477E-4
1.610E+1	4.200E-2	-5.473E-4
1.618E+1	3.600E-2	-5.480E-4
1.625E+1	3.000E-2	-5.481E-4
1.633E+1	2.400E-2	-5.483E-4
1.641E+1	1.800E-2	-5.482E-4
1.648E+1	1.200E-2	-5.490E-4
1.656E+1	6.000E-3	-5.494E-4
1.663E+1	-1.039E-15	-5.488E-4
