1.230E-1	1.200E+0	1.617E-3
3.790E-1	1.194E+0	1.569E-3
4.520E-1	1.188E+0	1.462E-3
5.260E-1	1.182E+0	1.332E-3
6.000E-1	1.176E+0	1.190E-3
6.760E-1	1.170E+0	1.054E-3
7.510E-1	1.164E+0	8.791E-4
8.830E-1	1.158E+0	7.638E-4
9.640E-1	1.152E+0	6.590E-4
1.045E+0	1.146E+0	5.690E-4
1.133E+0	1.140E+0	4.887E-4
1.209E+0	1.134E+0	4.222E-4
1.284E+0	1.128E+0	3.650E-4
1.360E+0	1.122E+0	3.155E-4
1.436E+0	1.116E+0	2.719E-4
1.512E+0	1.110E+0	2.358E-4
1.588E+0	1.104E+0	2.037E-4
1.663E+0	1.098E+0	1.766E-4
1.739E+0	1.092E+0	1.535E-4
1.815E+0	1.086E+0	1.335E-4
1.891E+0	1.080E+0	1.169E-4
1.966E+0	1.074E+0	1.018E-4
2.042E+0	1.068E+0	8.782E-5
2.178E+0	1.062E+0	7.707E-5
2.259E+0	1.056E+0	6.778E-5
2.347E+0	1.050E+0	5.838E-5
2.423E+0	1.044E+0	5.279E-5
2.498E+0	1.038E+0	4.696E-5
2.574E+0	1.032E+0	4.239E-5
2.653E+0	1.026E+0	3.856E-5
2.725E+0	1.020E+0	3.545E-5
2.801E+0	1.014E+0	3.199E-5
2.877E+0	1.008E+0	2.968E-5
2.953E+0	1.002E+0	2.681E-5
3.028E+0	9.960E-1	2.317E-5
3.105E+0	9.900E-1	2.190E-5
3.181E+0	9.840E-1	2.087E-5
3.257E+0	9.780E-1	1.976E-5
3.333E+0	9.720E-1	1.856E-5
3.409E+0	9.660E-1	1.723E-5
3.486E+0	9.600E-1	1.654E-5
3.562E+0	9.540E-1	1.582E-5
3.638E+0	9.480E-1	1.417E-5
3.714E+0	9.420E-1	1.324E-5
3.790E+0	9.360E-1	1.380E-5
3.867E+0	9.300E-1	1.206E-5
3.943E+0	9.240E-1	1.157E-5
4.019E+0	9.180E-1	1.136E-5
4.095E+0	9.120E-1	1.086E-5
4.171E+0	9.060E-1	1.088E-5
4.247E+0	9.000E-1	1.060E-5
4.323E+0	8.940E-1	9.521E-6
4.463E+0	8.880E-1	9.763E-6
4.550E+0	8.820E-1	9.534E-6
4.626E+0	8.760E-1	9.423E-6
4.703E+0	8.700E-1	9.697E-6
4.779E+0	8.640E-1	9.529E-6
4.855E+0	8.580E-1	9.115E-6
4.931E+0	8.520E-1	9.176E-6
5.007E+0	8.460E-1	8.538E-6
5.084E+0	8.400E-1	7.469E-6
5.160E+0	8.340E-1	7.319E-6
5.236E+0	8.280E-1	7.339E-6
5.312E+0	8.220E-1	7.486E-6
5.388E+0	8.160E-1	7.407E-6
5.464E+0	8.100E-1	7.542E-6
5.540E+0	8.040E-1	7.366E-6
5.616E+0	7.980E-1	6.836E-6
5.693E+0	7.920E-1	6.324E-6
5.769E+0	7.860E-1	7.033E-6
5.845E+0	7.800E-1	6.041E-6
5.921E+0	7.740E-1	6.746E-6
5.997E+0	7.680E-1	6.373E-6
6.074E+0	7.620E-1	6.663E-6
6.150E+0	7.560E-1	7.423E-6
6.226E+0	7.500E-1	6.979E-6
6.302E+0	7.440E-1	6.215E-6
6.378E+0	7.380E-1	6.770E-6
6.454E+0	7.320E-1	7.165E-6
6.531E+0	7.260E-1	6.969E-6
6.607E+0	7.200E-1	6.600E-6
6.683E+0	7.140E-1	6.798E-6
6.759E+0	7.080E-1	6.199E-6
6.835E+0	7.020E-1	6.772E-6
6.911E+0	6.960E-1	5.992E-6
6.988E+0	6.900E-1	5.761E-6
7.064E+0	6.840E-1	6.002E-6
7.140E+0	6.780E-1	6.045E-6
7.216E+0	6.720E-1	6.405E-6
7.292E+0	6.660E-1	5.595E-6
7.368E+0	6.600E-1	5.708E-6
7.445E+0	6.540E-1	5.805E-6
7.521E+0	6.480E-1	5.905E-6
7.597E+0	6.420E-1	5.906E-6
7.673E+0	6.360E-1	5.257E-6
7.749E+0	6.300E-1	5.896E-6
7.825E+0	6.240E-1	5.362E-6
7.901E+0	6.180E-1	5.157E-6
7.977E+0	6.120E-1	5.105E-6
8.053E+0	6.060E-1	5.207E-6
8.129E+0	6.000E-1	4.701E-6
8.205E+0	5.940E-1	5.124E-6
8.281E+0	5.880E-1	4.477E-6
8.357E+0	5.820E-1	4.714E-6
8.434E+0	5.760E-1	5.088E-6
8.510E+0	5.700E-1	5.158E-6
8.586E+0	5.640E-1	4.942E-6
8.662E+0	5.580E-1	4.929E-6
8.738E+0	5.520E-1	4.917E-6
8.814E+0	5.460E-1	4.155E-6
8.890E+0	5.400E-1	4.139E-6
8.966E+0	5.340E-1	4.115E-6
9.042E+0	5.280E-1	4.343E-6
9.118E+0	5.220E-1	4.827E-6
9.194E+0	5.160E-1	4.775E-6
9.271E+0	5.100E-1	3.886E-6
9.347E+0	5.040E-1	3.962E-6
9.423E+0	4.980E-1	3.754E-6
9.499E+0	4.920E-1	3.810E-6
9.575E+0	4.860E-1	3.202E-6
9.651E+0	4.800E-1	3.249E-6
9.728E+0	4.740E-1	3.514E-6
9.804E+0	4.680E-1	3.482E-6
9.880E+0	4.620E-1	3.538E-6
9.956E+0	4.560E-1	3.726E-6
1.003E+1	4.500E-1	3.524E-6
1.011E+1	4.440E-1	4.768E-6
1.019E+1	4.380E-1	5.038E-6
1.026E+1	4.320E-1	4.551E-6
1.034E+1	4.260E-1	3.925E-6
1.041E+1	4.200E-1	5.711E-6
1.049E+1	4.140E-1	5.209E-6
1.056E+1	4.080E-1	5.464E-6
1.064E+1	4.020E-1	5.477E-6
1.072E+1	3.960E-1	4.931E-6
1.079E+1	3.900E-1	5.164E-6
1.087E+1	3.840E-1	5.375E-6
1.095E+1	3.780E-1	5.105E-6
1.102E+1	3.720E-1	4.715E-6
1.110E+1	3.660E-1	4.475E-6
1.118E+1	3.600E-1	4.809E-6
1.125E+1	3.540E-1	4.677E-6
1.133E+1	3.480E-1	5.131E-6
1.140E+1	3.420E-1	4.923E-6
1.148E+1	3.360E-1	4.655E-6
1.155E+1	3.300E-1	4.140E-6
1.163E+1	3.240E-1	4.413E-6
1.171E+1	3.180E-1	4.414E-6
1.178E+1	3.120E-1	3.946E-6
1.186E+1	3.060E-1	3.743E-6
1.194E+1	3.000E-1	4.129E-6
1.201E+1	2.940E-1	3.943E-6
1.209E+1	2.880E-1	3.583E-6
1.216E+1	2.820E-1	3.568E-6
1.224E+1	2.760E-1	3.366E-6
1.232E+1	2.700E-1	3.201E-6
1.239E+1	2.640E-1	2.590E-6
1.247E+1	2.580E-1	2.983E-6
1.255E+1	2.520E-1	2.640E-6
1.262E+1	2.460E-1	2.716E-6
1.270E+1	2.400E-1	2.813E-6
1.278E+1	2.340E-1	2.545E-6
1.285E+1	2.280E-1	2.765E-6
1.293E+1	2.220E-1	2.706E-6
1.300E+1	2.160E-1	2.343E-6
1.308E+1	2.100E-1	2.102E-6
1.315E+1	2.040E-1	1.920E-6
1.323E+1	1.980E-1	1.671E-6
1.331E+1	1.920E-1	1.720E-6
1.338E+1	1.860E-1	1.853E-6
1.346E+1	1.800E-1	1.840E-6
1.354E+1	1.740E-1	1.757E-6
1.361E+1	1.680E-1	2.086E-6
1.369E+1	1.620E-1	1.832E-6
1.377E+1	1.560E-1	1.326E-6
1.384E+1	1.500E-1	1.658E-6
1.392E+1	1.440E-1	1.467E-6
1.399E+1	1.380E-1	1.276E-6
1.407E+1	1.320E-1	1.318E-6
1.414E+1	1.260E-1	1.340E-6
1.422E+1	1.200E-1	1.228E-6
1.430E+1	1.140E-1	1.053E-6
1.437E+1	1.080E-1	1.039E-6
1.445E+1	1.020E-1	8.966E-7
1.460E+1	9.600E-2	7.915E-7
1.468E+1	9.000E-2	7.481E-7
1.475E+1	8.400E-2	6.976E-7
1.483E+1	7.800E-2	7.808E-7
1.490E+1	7.200E-2	8.043E-7
1.498E+1	6.600E-2	6.550E-7
1.506E+1	6.000E-2	6.481E-7
1.513E+1	5.400E-2	5.221E-7
1.521E+1	4.800E-2	4.955E-7
1.529E+1	4.200E-2	3.279E-7
1.536E+1	3.600E-2	2.981E-7
1.544E+1	3.000E-2	2.644E-7
1.551E+1	2.400E-2	1.368E-7
1.559E+1	1.800E-2	1.028E-7
1.567E+1	1.200E-2	4.285E-8
1.574E+1	6.000E-3	-2.409E-8
1.582E+1	-1.039E-15	-1.004E-7
