1.240E-1	1.200E+0	9.837E-4
2.650E-1	1.194E+0	8.685E-4
3.380E-1	1.188E+0	7.466E-4
4.120E-1	1.182E+0	6.456E-4
4.850E-1	1.176E+0	5.565E-4
5.590E-1	1.170E+0	4.844E-4
6.330E-1	1.164E+0	4.159E-4
7.060E-1	1.158E+0	3.629E-4
7.800E-1	1.152E+0	3.138E-4
8.530E-1	1.146E+0	2.718E-4
9.270E-1	1.140E+0	2.329E-4
1.000E+0	1.134E+0	1.992E-4
1.074E+0	1.128E+0	1.708E-4
1.148E+0	1.122E+0	1.494E-4
1.221E+0	1.116E+0	1.265E-4
1.295E+0	1.110E+0	1.072E-4
1.368E+0	1.104E+0	9.367E-5
1.509E+0	1.098E+0	7.500E-5
1.584E+0	1.092E+0	6.087E-5
1.660E+0	1.086E+0	4.771E-5
1.736E+0	1.080E+0	3.480E-5
1.812E+0	1.074E+0	2.477E-5
1.888E+0	1.068E+0	1.451E-5
1.964E+0	1.062E+0	7.800E-6
2.103E+0	1.056E+0	-2.807E-7
2.441E+0	1.050E+0	-9.206E-6
2.516E+0	1.044E+0	-1.661E-5
2.711E+0	1.038E+0	-2.656E-5
2.784E+0	1.032E+0	-3.297E-5
2.858E+0	1.026E+0	-4.424E-5
2.932E+0	1.020E+0	-4.902E-5
3.005E+0	1.014E+0	-6.121E-5
3.079E+0	1.008E+0	-6.295E-5
3.153E+0	1.002E+0	-6.860E-5
3.226E+0	9.960E-1	-7.771E-5
3.300E+0	9.900E-1	-8.824E-5
3.374E+0	9.840E-1	-9.343E-5
3.448E+0	9.780E-1	-1.004E-4
3.524E+0	9.720E-1	-1.084E-4
3.713E+0	9.660E-1	-1.132E-4
3.787E+0	9.600E-1	-1.181E-4
3.860E+0	9.540E-1	-1.241E-4
3.934E+0	9.480E-1	-1.298E-4
4.008E+0	9.420E-1	-1.385E-4
4.082E+0	9.360E-1	-1.459E-4
4.156E+0	9.300E-1	-1.529E-4
4.229E+0	9.240E-1	-1.578E-4
4.303E+0	9.180E-1	-1.640E-4
4.377E+0	9.120E-1	-1.654E-4
4.450E+0	9.060E-1	-1.714E-4
4.524E+0	9.000E-1	-1.774E-4
4.598E+0	8.940E-1	-1.814E-4
4.671E+0	8.880E-1	-1.918E-4
4.745E+0	8.820E-1	-1.977E-4
4.819E+0	8.760E-1	-2.016E-4
4.892E+0	8.700E-1	-2.078E-4
4.966E+0	8.640E-1	-2.126E-4
5.043E+0	8.580E-1	-2.152E-4
5.119E+0	8.520E-1	-2.218E-4
5.195E+0	8.460E-1	-2.252E-4
5.271E+0	8.400E-1	-2.303E-4
5.347E+0	8.340E-1	-2.334E-4
5.423E+0	8.280E-1	-2.335E-4
5.499E+0	8.220E-1	-2.388E-4
5.575E+0	8.160E-1	-2.413E-4
5.651E+0	8.100E-1	-2.448E-4
5.727E+0	8.040E-1	-2.466E-4
5.803E+0	7.980E-1	-2.486E-4
5.879E+0	7.920E-1	-2.506E-4
5.955E+0	7.860E-1	-2.543E-4
6.031E+0	7.800E-1	-2.568E-4
6.107E+0	7.740E-1	-2.571E-4
6.183E+0	7.680E-1	-2.586E-4
6.259E+0	7.620E-1	-2.611E-4
6.335E+0	7.560E-1	-2.630E-4
6.412E+0	7.500E-1	-2.637E-4
6.488E+0	7.440E-1	-2.640E-4
6.564E+0	7.380E-1	-2.643E-4
6.640E+0	7.320E-1	-2.672E-4
6.716E+0	7.260E-1	-2.681E-4
6.792E+0	7.200E-1	-2.673E-4
6.868E+0	7.140E-1	-2.698E-4
6.944E+0	7.080E-1	-2.715E-4
7.020E+0	7.020E-1	-2.720E-4
7.096E+0	6.960E-1	-2.727E-4
7.172E+0	6.900E-1	-2.731E-4
7.249E+0	6.840E-1	-2.757E-4
7.325E+0	6.780E-1	-2.763E-4
7.401E+0	6.720E-1	-2.770E-4
7.477E+0	6.660E-1	-2.777E-4
7.553E+0	6.600E-1	-2.758E-4
7.629E+0	6.540E-1	-2.780E-4
7.706E+0	6.480E-1	-2.794E-4
7.782E+0	6.420E-1	-2.813E-4
7.858E+0	6.360E-1	-2.824E-4
7.934E+0	6.300E-1	-2.833E-4
8.010E+0	6.240E-1	-2.828E-4
8.086E+0	6.180E-1	-2.833E-4
8.162E+0	6.120E-1	-2.844E-4
8.238E+0	6.060E-1	-2.841E-4
8.314E+0	6.000E-1	-2.844E-4
8.389E+0	5.940E-1	-2.849E-4
8.466E+0	5.880E-1	-2.842E-4
8.542E+0	5.820E-1	-2.867E-4
8.618E+0	5.760E-1	-2.884E-4
8.694E+0	5.700E-1	-2.889E-4
8.770E+0	5.640E-1	-2.875E-4
8.846E+0	5.580E-1	-2.893E-4
8.922E+0	5.520E-1	-2.894E-4
8.998E+0	5.460E-1	-2.911E-4
9.074E+0	5.400E-1	-2.913E-4
9.150E+0	5.340E-1	-2.919E-4
9.226E+0	5.280E-1	-2.928E-4
9.302E+0	5.220E-1	-2.940E-4
9.378E+0	5.160E-1	-2.951E-4
9.454E+0	5.100E-1	-2.949E-4
9.530E+0	5.040E-1	-2.956E-4
9.606E+0	4.980E-1	-2.956E-4
9.683E+0	4.920E-1	-2.961E-4
9.759E+0	4.860E-1	-2.963E-4
9.835E+0	4.800E-1	-2.975E-4
9.911E+0	4.740E-1	-2.981E-4
9.987E+0	4.680E-1	-2.985E-4
1.006E+1	4.620E-1	-2.995E-4
1.014E+1	4.560E-1	-2.990E-4
1.021E+1	4.500E-1	-2.992E-4
1.029E+1	4.440E-1	-3.005E-4
1.037E+1	4.380E-1	-3.016E-4
1.044E+1	4.320E-1	-3.016E-4
1.052E+1	4.260E-1	-3.015E-4
1.060E+1	4.200E-1	-3.026E-4
1.067E+1	4.140E-1	-3.032E-4
1.075E+1	4.080E-1	-3.039E-4
1.082E+1	4.020E-1	-3.041E-4
1.090E+1	3.960E-1	-3.048E-4
1.097E+1	3.900E-1	-3.061E-4
1.105E+1	3.840E-1	-3.062E-4
1.113E+1	3.780E-1	-3.073E-4
1.120E+1	3.720E-1	-3.076E-4
1.128E+1	3.660E-1	-3.090E-4
1.136E+1	3.600E-1	-3.095E-4
1.143E+1	3.540E-1	-3.105E-4
1.151E+1	3.480E-1	-3.115E-4
1.158E+1	3.420E-1	-3.116E-4
1.166E+1	3.360E-1	-3.120E-4
1.173E+1	3.300E-1	-3.133E-4
1.181E+1	3.240E-1	-3.135E-4
1.189E+1	3.180E-1	-3.146E-4
1.196E+1	3.120E-1	-3.148E-4
1.204E+1	3.060E-1	-3.162E-4
1.212E+1	3.000E-1	-3.162E-4
1.219E+1	2.940E-1	-3.170E-4
1.227E+1	2.880E-1	-3.172E-4
1.234E+1	2.820E-1	-3.181E-4
1.242E+1	2.760E-1	-3.184E-4
1.249E+1	2.700E-1	-3.188E-4
1.257E+1	2.640E-1	-3.198E-4
1.265E+1	2.580E-1	-3.201E-4
1.272E+1	2.520E-1	-3.206E-4
1.280E+1	2.460E-1	-3.213E-4
1.288E+1	2.400E-1	-3.219E-4
1.295E+1	2.340E-1	-3.220E-4
1.303E+1	2.280E-1	-3.227E-4
1.310E+1	2.220E-1	-3.234E-4
1.318E+1	2.160E-1	-3.243E-4
1.326E+1	2.100E-1	-3.248E-4
1.333E+1	2.040E-1	-3.253E-4
1.341E+1	1.980E-1	-3.260E-4
1.348E+1	1.920E-1	-3.268E-4
1.356E+1	1.860E-1	-3.277E-4
1.364E+1	1.800E-1	-3.286E-4
1.371E+1	1.740E-1	-3.289E-4
1.379E+1	1.680E-1	-3.295E-4
1.386E+1	1.620E-1	-3.301E-4
1.394E+1	1.560E-1	-3.306E-4
1.402E+1	1.500E-1	-3.306E-4
1.409E+1	1.440E-1	-3.317E-4
1.417E+1	1.380E-1	-3.323E-4
1.424E+1	1.320E-1	-3.331E-4
1.432E+1	1.260E-1	-3.336E-4
1.440E+1	1.200E-1	-3.345E-4
1.447E+1	1.140E-1	-3.351E-4
1.455E+1	1.080E-1	-3.356E-4
1.462E+1	1.020E-1	-3.365E-4
1.470E+1	9.600E-2	-3.372E-4
1.478E+1	9.000E-2	-3.376E-4
1.485E+1	8.400E-2	-3.384E-4
1.493E+1	7.800E-2	-3.389E-4
1.501E+1	7.200E-2	-3.396E-4
1.508E+1	6.600E-2	-3.405E-4
1.516E+1	6.000E-2	-3.413E-4
1.523E+1	5.400E-2	-3.419E-4
1.531E+1	4.800E-2	-3.425E-4
1.538E+1	4.200E-2	-3.431E-4
1.546E+1	3.600E-2	-3.437E-4
1.554E+1	3.000E-2	-3.443E-4
1.561E+1	2.400E-2	-3.450E-4
1.569E+1	1.800E-2	-3.458E-4
1.577E+1	1.200E-2	-3.468E-4
1.584E+1	6.000E-3	-3.473E-4
1.592E+1	-1.039E-15	-3.478E-4
