1.240E-1	1.200E+0	1.050E-3
2.640E-1	1.194E+0	8.999E-4
3.380E-1	1.188E+0	7.556E-4
4.110E-1	1.182E+0	6.411E-4
4.850E-1	1.176E+0	5.410E-4
5.580E-1	1.170E+0	4.596E-4
6.320E-1	1.164E+0	3.864E-4
7.050E-1	1.158E+0	3.268E-4
7.790E-1	1.152E+0	2.726E-4
8.520E-1	1.146E+0	2.286E-4
9.260E-1	1.140E+0	1.884E-4
9.990E-1	1.134E+0	1.557E-4
1.073E+0	1.128E+0	1.256E-4
1.147E+0	1.122E+0	1.011E-4
1.220E+0	1.116E+0	8.118E-5
1.356E+0	1.110E+0	5.931E-5
1.437E+0	1.104E+0	4.084E-5
1.525E+0	1.098E+0	2.576E-5
1.601E+0	1.092E+0	1.104E-5
1.677E+0	1.086E+0	1.589E-6
2.009E+0	1.080E+0	-1.045E-5
2.204E+0	1.074E+0	-2.521E-5
2.278E+0	1.068E+0	-3.579E-5
2.351E+0	1.062E+0	-4.657E-5
2.425E+0	1.056E+0	-5.594E-5
2.499E+0	1.050E+0	-6.591E-5
2.572E+0	1.044E+0	-7.483E-5
2.646E+0	1.038E+0	-8.437E-5
2.719E+0	1.032E+0	-9.288E-5
2.793E+0	1.026E+0	-1.023E-4
2.866E+0	1.020E+0	-1.110E-4
3.055E+0	1.014E+0	-1.187E-4
3.135E+0	1.008E+0	-1.272E-4
3.216E+0	1.002E+0	-1.375E-4
3.297E+0	9.960E-1	-1.459E-4
3.385E+0	9.900E-1	-1.551E-4
3.461E+0	9.840E-1	-1.635E-4
3.537E+0	9.780E-1	-1.725E-4
3.613E+0	9.720E-1	-1.814E-4
3.689E+0	9.660E-1	-1.894E-4
3.765E+0	9.600E-1	-1.982E-4
3.842E+0	9.540E-1	-2.059E-4
3.917E+0	9.480E-1	-2.142E-4
3.993E+0	9.420E-1	-2.219E-4
4.069E+0	9.360E-1	-2.299E-4
4.146E+0	9.300E-1	-2.374E-4
4.223E+0	9.240E-1	-2.448E-4
4.299E+0	9.180E-1	-2.513E-4
4.375E+0	9.120E-1	-2.585E-4
4.451E+0	9.060E-1	-2.647E-4
4.527E+0	9.000E-1	-2.712E-4
4.603E+0	8.940E-1	-2.769E-4
4.679E+0	8.880E-1	-2.828E-4
4.755E+0	8.820E-1	-2.878E-4
4.831E+0	8.760E-1	-2.933E-4
4.908E+0	8.700E-1	-2.979E-4
4.984E+0	8.640E-1	-3.028E-4
5.060E+0	8.580E-1	-3.074E-4
5.136E+0	8.520E-1	-3.111E-4
5.212E+0	8.460E-1	-3.150E-4
5.288E+0	8.400E-1	-3.184E-4
5.364E+0	8.340E-1	-3.218E-4
5.440E+0	8.280E-1	-3.246E-4
5.516E+0	8.220E-1	-3.278E-4
5.592E+0	8.160E-1	-3.307E-4
5.668E+0	8.100E-1	-3.332E-4
5.744E+0	8.040E-1	-3.356E-4
5.820E+0	7.980E-1	-3.380E-4
5.896E+0	7.920E-1	-3.399E-4
5.972E+0	7.860E-1	-3.424E-4
6.048E+0	7.800E-1	-3.440E-4
6.125E+0	7.740E-1	-3.460E-4
6.201E+0	7.680E-1	-3.475E-4
6.277E+0	7.620E-1	-3.489E-4
6.353E+0	7.560E-1	-3.511E-4
6.429E+0	7.500E-1	-3.522E-4
6.505E+0	7.440E-1	-3.537E-4
6.581E+0	7.380E-1	-3.551E-4
6.657E+0	7.320E-1	-3.564E-4
6.733E+0	7.260E-1	-3.573E-4
6.809E+0	7.200E-1	-3.589E-4
6.885E+0	7.140E-1	-3.597E-4
6.961E+0	7.080E-1	-3.611E-4
7.037E+0	7.020E-1	-3.624E-4
7.113E+0	6.960E-1	-3.634E-4
7.189E+0	6.900E-1	-3.642E-4
7.265E+0	6.840E-1	-3.654E-4
7.341E+0	6.780E-1	-3.664E-4
7.418E+0	6.720E-1	-3.673E-4
7.494E+0	6.660E-1	-3.681E-4
7.570E+0	6.600E-1	-3.691E-4
7.646E+0	6.540E-1	-3.700E-4
7.722E+0	6.480E-1	-3.707E-4
7.798E+0	6.420E-1	-3.716E-4
7.874E+0	6.360E-1	-3.722E-4
7.950E+0	6.300E-1	-3.733E-4
8.026E+0	6.240E-1	-3.738E-4
8.102E+0	6.180E-1	-3.749E-4
8.178E+0	6.120E-1	-3.756E-4
8.254E+0	6.060E-1	-3.763E-4
8.330E+0	6.000E-1	-3.772E-4
8.406E+0	5.940E-1	-3.776E-4
8.482E+0	5.880E-1	-3.782E-4
8.558E+0	5.820E-1	-3.790E-4
8.634E+0	5.760E-1	-3.797E-4
8.711E+0	5.700E-1	-3.804E-4
8.787E+0	5.640E-1	-3.808E-4
8.863E+0	5.580E-1	-3.815E-4
8.939E+0	5.520E-1	-3.823E-4
9.015E+0	5.460E-1	-3.827E-4
9.091E+0	5.400E-1	-3.839E-4
9.167E+0	5.340E-1	-3.843E-4
9.243E+0	5.280E-1	-3.853E-4
9.319E+0	5.220E-1	-3.859E-4
9.395E+0	5.160E-1	-3.867E-4
9.471E+0	5.100E-1	-3.875E-4
9.547E+0	5.040E-1	-3.881E-4
9.623E+0	4.980E-1	-3.886E-4
9.699E+0	4.920E-1	-3.889E-4
9.775E+0	4.860E-1	-3.898E-4
9.851E+0	4.800E-1	-3.903E-4
9.928E+0	4.740E-1	-3.908E-4
1.000E+1	4.680E-1	-3.913E-4
1.008E+1	4.620E-1	-3.924E-4
1.016E+1	4.560E-1	-3.931E-4
1.023E+1	4.500E-1	-3.935E-4
1.031E+1	4.440E-1	-3.940E-4
1.038E+1	4.380E-1	-3.942E-4
1.046E+1	4.320E-1	-3.953E-4
1.054E+1	4.260E-1	-3.957E-4
1.061E+1	4.200E-1	-3.963E-4
1.069E+1	4.140E-1	-3.970E-4
1.077E+1	4.080E-1	-3.976E-4
1.084E+1	4.020E-1	-3.981E-4
1.092E+1	3.960E-1	-3.990E-4
1.099E+1	3.900E-1	-3.997E-4
1.107E+1	3.840E-1	-3.999E-4
1.115E+1	3.780E-1	-4.005E-4
1.122E+1	3.720E-1	-4.011E-4
1.130E+1	3.660E-1	-4.017E-4
1.137E+1	3.600E-1	-4.022E-4
1.145E+1	3.540E-1	-4.028E-4
1.153E+1	3.480E-1	-4.032E-4
1.160E+1	3.420E-1	-4.040E-4
1.168E+1	3.360E-1	-4.043E-4
1.175E+1	3.300E-1	-4.047E-4
1.183E+1	3.240E-1	-4.051E-4
1.190E+1	3.180E-1	-4.059E-4
1.198E+1	3.120E-1	-4.061E-4
1.206E+1	3.060E-1	-4.066E-4
1.213E+1	3.000E-1	-4.072E-4
1.221E+1	2.940E-1	-4.076E-4
1.228E+1	2.880E-1	-4.085E-4
1.236E+1	2.820E-1	-4.087E-4
1.244E+1	2.760E-1	-4.093E-4
1.251E+1	2.700E-1	-4.096E-4
1.259E+1	2.640E-1	-4.105E-4
1.266E+1	2.580E-1	-4.108E-4
1.274E+1	2.520E-1	-4.116E-4
1.282E+1	2.460E-1	-4.122E-4
1.289E+1	2.400E-1	-4.127E-4
1.297E+1	2.340E-1	-4.130E-4
1.304E+1	2.280E-1	-4.135E-4
1.312E+1	2.220E-1	-4.140E-4
1.320E+1	2.160E-1	-4.145E-4
1.327E+1	2.100E-1	-4.150E-4
1.335E+1	2.040E-1	-4.154E-4
1.343E+1	1.980E-1	-4.161E-4
1.350E+1	1.920E-1	-4.164E-4
1.358E+1	1.860E-1	-4.168E-4
1.365E+1	1.800E-1	-4.174E-4
1.373E+1	1.740E-1	-4.178E-4
1.380E+1	1.680E-1	-4.185E-4
1.388E+1	1.620E-1	-4.189E-4
1.396E+1	1.560E-1	-4.192E-4
1.403E+1	1.500E-1	-4.198E-4
1.411E+1	1.440E-1	-4.201E-4
1.419E+1	1.380E-1	-4.207E-4
1.426E+1	1.320E-1	-4.210E-4
1.434E+1	1.260E-1	-4.220E-4
1.441E+1	1.200E-1	-4.221E-4
1.449E+1	1.140E-1	-4.226E-4
1.456E+1	1.080E-1	-4.231E-4
1.464E+1	1.020E-1	-4.238E-4
1.472E+1	9.600E-2	-4.242E-4
1.479E+1	9.000E-2	-4.246E-4
1.487E+1	8.400E-2	-4.254E-4
1.495E+1	7.800E-2	-4.253E-4
1.502E+1	7.200E-2	-4.261E-4
1.510E+1	6.600E-2	-4.262E-4
1.517E+1	6.000E-2	-4.272E-4
1.525E+1	5.400E-2	-4.277E-4
1.533E+1	4.800E-2	-4.279E-4
1.540E+1	4.200E-2	-4.283E-4
1.548E+1	3.600E-2	-4.289E-4
1.555E+1	3.000E-2	-4.294E-4
1.563E+1	2.400E-2	-4.296E-4
1.571E+1	1.800E-2	-4.300E-4
1.578E+1	1.200E-2	-4.309E-4
1.586E+1	6.000E-3	-4.313E-4
1.594E+1	-1.039E-15	-4.318E-4
