1.230E-1	1.200E+0	2.130E-3
2.640E-1	1.194E+0	2.167E-3
3.380E-1	1.188E+0	2.026E-3
4.110E-1	1.182E+0	1.837E-3
4.850E-1	1.176E+0	1.628E-3
5.580E-1	1.170E+0	1.428E-3
6.320E-1	1.164E+0	1.235E-3
7.060E-1	1.158E+0	1.064E-3
7.790E-1	1.152E+0	8.508E-4
9.110E-1	1.146E+0	7.286E-4
9.840E-1	1.140E+0	6.180E-4
1.058E+0	1.134E+0	5.257E-4
1.131E+0	1.128E+0	4.449E-4
1.207E+0	1.122E+0	3.775E-4
1.283E+0	1.116E+0	3.190E-4
1.359E+0	1.110E+0	2.713E-4
1.435E+0	1.104E+0	2.298E-4
1.510E+0	1.098E+0	1.960E-4
1.586E+0	1.092E+0	1.665E-4
1.662E+0	1.086E+0	1.416E-4
1.738E+0	1.080E+0	1.214E-4
1.814E+0	1.074E+0	1.035E-4
1.889E+0	1.068E+0	8.630E-5
2.025E+0	1.062E+0	7.384E-5
2.106E+0	1.056E+0	6.354E-5
2.194E+0	1.050E+0	5.447E-5
2.270E+0	1.044E+0	4.722E-5
2.345E+0	1.038E+0	4.078E-5
2.421E+0	1.032E+0	3.552E-5
2.497E+0	1.026E+0	3.082E-5
2.572E+0	1.020E+0	2.698E-5
2.648E+0	1.014E+0	2.352E-5
2.724E+0	1.008E+0	2.069E-5
2.800E+0	1.002E+0	1.814E-5
2.875E+0	9.960E-1	1.605E-5
2.952E+0	9.900E-1	1.414E-5
3.028E+0	9.840E-1	1.257E-5
3.104E+0	9.780E-1	1.113E-5
3.180E+0	9.720E-1	9.828E-6
3.320E+0	9.660E-1	8.826E-6
3.407E+0	9.600E-1	7.856E-6
3.484E+0	9.540E-1	7.049E-6
3.560E+0	9.480E-1	6.301E-6
3.636E+0	9.420E-1	5.672E-6
3.712E+0	9.360E-1	5.084E-6
3.788E+0	9.300E-1	4.586E-6
3.864E+0	9.240E-1	4.118E-6
3.940E+0	9.180E-1	3.721E-6
4.016E+0	9.120E-1	3.345E-6
4.092E+0	9.060E-1	3.024E-6
4.168E+0	9.000E-1	2.720E-6
4.245E+0	8.940E-1	2.458E-6
4.321E+0	8.880E-1	2.211E-6
4.397E+0	8.820E-1	1.998E-6
4.473E+0	8.760E-1	1.796E-6
4.550E+0	8.700E-1	1.622E-6
4.626E+0	8.640E-1	1.457E-6
4.702E+0	8.580E-1	1.309E-6
4.778E+0	8.520E-1	1.181E-6
4.854E+0	8.460E-1	1.058E-6
4.930E+0	8.400E-1	9.459E-7
5.077E+0	8.340E-1	8.475E-7
5.153E+0	8.280E-1	7.630E-7
5.229E+0	8.220E-1	6.821E-7
5.306E+0	8.160E-1	6.124E-7
5.382E+0	8.100E-1	5.455E-7
5.458E+0	8.040E-1	4.880E-7
5.534E+0	7.980E-1	4.329E-7
5.610E+0	7.920E-1	3.855E-7
5.687E+0	7.860E-1	3.401E-7
5.763E+0	7.800E-1	3.011E-7
5.839E+0	7.740E-1	2.637E-7
5.915E+0	7.680E-1	2.314E-7
5.992E+0	7.620E-1	2.007E-7
6.068E+0	7.560E-1	1.726E-7
6.144E+0	7.500E-1	1.487E-7
6.220E+0	7.440E-1	1.257E-7
6.296E+0	7.380E-1	1.061E-7
6.372E+0	7.320E-1	8.739E-8
6.449E+0	7.260E-1	7.124E-8
6.525E+0	7.200E-1	5.558E-8
6.601E+0	7.140E-1	4.252E-8
6.677E+0	7.080E-1	3.003E-8
6.753E+0	7.020E-1	1.895E-8
6.829E+0	6.960E-1	8.639E-9
6.905E+0	6.900E-1	-5.936E-11
6.981E+0	6.840E-1	-8.702E-9
7.058E+0	6.780E-1	-1.591E-8
7.134E+0	6.720E-1	-2.294E-8
7.210E+0	6.660E-1	-2.876E-8
7.286E+0	6.600E-1	-3.461E-8
7.362E+0	6.540E-1	-3.947E-8
7.438E+0	6.480E-1	-4.415E-8
7.514E+0	6.420E-1	-4.828E-8
7.590E+0	6.360E-1	-5.193E-8
7.666E+0	6.300E-1	-5.547E-8
7.742E+0	6.240E-1	-5.836E-8
7.818E+0	6.180E-1	-6.130E-8
7.894E+0	6.120E-1	-6.377E-8
7.970E+0	6.060E-1	-6.615E-8
8.046E+0	6.000E-1	-6.808E-8
8.122E+0	5.940E-1	-7.006E-8
8.198E+0	5.880E-1	-7.172E-8
8.275E+0	5.820E-1	-7.339E-8
8.351E+0	5.760E-1	-7.472E-8
8.427E+0	5.700E-1	-7.605E-8
8.503E+0	5.640E-1	-7.713E-8
8.579E+0	5.580E-1	-7.824E-8
8.656E+0	5.520E-1	-7.915E-8
8.732E+0	5.460E-1	-8.011E-8
8.808E+0	5.400E-1	-8.099E-8
8.884E+0	5.340E-1	-8.169E-8
8.960E+0	5.280E-1	-8.243E-8
9.036E+0	5.220E-1	-8.305E-8
9.113E+0	5.160E-1	-8.363E-8
9.189E+0	5.100E-1	-8.418E-8
9.265E+0	5.040E-1	-8.479E-8
9.341E+0	4.980E-1	-8.528E-8
9.417E+0	4.920E-1	-8.581E-8
9.494E+0	4.860E-1	-8.624E-8
9.570E+0	4.800E-1	-8.671E-8
9.646E+0	4.740E-1	-8.706E-8
9.723E+0	4.680E-1	-8.746E-8
9.799E+0	4.620E-1	-8.779E-8
9.875E+0	4.560E-1	-8.822E-8
9.952E+0	4.500E-1	-8.849E-8
1.003E+1	4.440E-1	-8.882E-8
1.010E+1	4.380E-1	-8.906E-8
1.018E+1	4.320E-1	-8.932E-8
1.026E+1	4.260E-1	-8.965E-8
1.033E+1	4.200E-1	-8.980E-8
1.041E+1	4.140E-1	-9.012E-8
1.049E+1	4.080E-1	-9.013E-8
1.056E+1	4.020E-1	-9.056E-8
1.064E+1	3.960E-1	-9.086E-8
1.071E+1	3.900E-1	-9.110E-8
1.079E+1	3.840E-1	-9.136E-8
1.087E+1	3.780E-1	-9.164E-8
1.094E+1	3.720E-1	-9.191E-8
1.102E+1	3.660E-1	-9.222E-8
1.110E+1	3.600E-1	-9.246E-8
1.117E+1	3.540E-1	-9.267E-8
1.125E+1	3.480E-1	-9.290E-8
1.132E+1	3.420E-1	-9.318E-8
1.140E+1	3.360E-1	-9.334E-8
1.148E+1	3.300E-1	-9.362E-8
1.155E+1	3.240E-1	-9.376E-8
1.163E+1	3.180E-1	-9.399E-8
1.171E+1	3.120E-1	-9.422E-8
1.178E+1	3.060E-1	-9.437E-8
1.186E+1	3.000E-1	-9.461E-8
1.193E+1	2.940E-1	-9.480E-8
1.201E+1	2.880E-1	-9.506E-8
1.209E+1	2.820E-1	-9.527E-8
1.216E+1	2.760E-1	-9.552E-8
1.224E+1	2.700E-1	-9.565E-8
1.232E+1	2.640E-1	-9.594E-8
1.239E+1	2.580E-1	-9.616E-8
1.247E+1	2.520E-1	-9.646E-8
1.254E+1	2.460E-1	-9.672E-8
1.262E+1	2.400E-1	-9.701E-8
1.270E+1	2.340E-1	-9.722E-8
1.277E+1	2.280E-1	-9.752E-8
1.285E+1	2.220E-1	-9.770E-8
1.293E+1	2.160E-1	-9.802E-8
1.300E+1	2.100E-1	-9.825E-8
1.308E+1	2.040E-1	-9.847E-8
1.315E+1	1.980E-1	-9.872E-8
1.323E+1	1.920E-1	-9.889E-8
1.331E+1	1.860E-1	-9.916E-8
1.338E+1	1.800E-1	-9.933E-8
1.346E+1	1.740E-1	-9.960E-8
1.354E+1	1.680E-1	-9.980E-8
1.361E+1	1.620E-1	-1.001E-7
1.369E+1	1.560E-1	-1.003E-7
1.377E+1	1.500E-1	-1.006E-7
1.384E+1	1.440E-1	-1.008E-7
1.392E+1	1.380E-1	-1.010E-7
1.399E+1	1.320E-1	-1.012E-7
1.407E+1	1.260E-1	-1.015E-7
1.415E+1	1.200E-1	-1.018E-7
1.422E+1	1.140E-1	-1.022E-7
1.430E+1	1.080E-1	-1.024E-7
1.437E+1	1.020E-1	-1.028E-7
1.445E+1	9.600E-2	-1.031E-7
1.453E+1	9.000E-2	-1.033E-7
1.460E+1	8.400E-2	-1.036E-7
1.468E+1	7.800E-2	-1.038E-7
1.476E+1	7.200E-2	-1.041E-7
1.483E+1	6.600E-2	-1.044E-7
1.491E+1	6.000E-2	-1.047E-7
1.498E+1	5.400E-2	-1.048E-7
1.506E+1	4.800E-2	-1.052E-7
1.513E+1	4.200E-2	-1.054E-7
1.521E+1	3.600E-2	-1.057E-7
1.529E+1	3.000E-2	-1.059E-7
1.536E+1	2.400E-2	-1.062E-7
1.544E+1	1.800E-2	-1.066E-7
1.552E+1	1.200E-2	-1.069E-7
1.559E+1	6.000E-3	-1.072E-7
1.567E+1	-1.039E-15	-1.074E-7
