1.230E-1	1.200E+0	7.317E-4
2.640E-1	1.194E+0	8.482E-4
3.370E-1	1.188E+0	8.331E-4
4.110E-1	1.182E+0	7.813E-4
4.850E-1	1.176E+0	7.197E-4
5.580E-1	1.170E+0	6.623E-4
6.320E-1	1.164E+0	6.083E-4
7.050E-1	1.158E+0	5.609E-4
7.790E-1	1.152E+0	5.160E-4
8.520E-1	1.146E+0	4.760E-4
9.260E-1	1.140E+0	4.380E-4
1.000E+0	1.134E+0	4.037E-4
1.073E+0	1.128E+0	3.708E-4
1.147E+0	1.122E+0	3.412E-4
1.220E+0	1.116E+0	3.127E-4
1.294E+0	1.110E+0	2.868E-4
1.367E+0	1.104E+0	2.620E-4
1.441E+0	1.098E+0	2.397E-4
1.515E+0	1.092E+0	2.182E-4
1.590E+0	1.086E+0	1.982E-4
1.666E+0	1.080E+0	1.803E-4
1.742E+0	1.074E+0	1.632E-4
1.818E+0	1.068E+0	1.481E-4
1.894E+0	1.062E+0	1.338E-4
1.969E+0	1.056E+0	1.211E-4
2.045E+0	1.050E+0	1.093E-4
2.120E+0	1.044E+0	9.600E-5
2.256E+0	1.038E+0	8.680E-5
2.337E+0	1.032E+0	7.845E-5
2.425E+0	1.026E+0	7.055E-5
2.501E+0	1.020E+0	6.386E-5
2.576E+0	1.014E+0	5.761E-5
2.652E+0	1.008E+0	5.216E-5
2.728E+0	1.002E+0	4.708E-5
2.803E+0	9.960E-1	4.270E-5
2.880E+0	9.900E-1	3.862E-5
2.956E+0	9.840E-1	3.509E-5
3.032E+0	9.780E-1	3.164E-5
3.108E+0	9.720E-1	2.863E-5
3.185E+0	9.660E-1	2.606E-5
3.261E+0	9.600E-1	2.355E-5
3.337E+0	9.540E-1	2.148E-5
3.413E+0	9.480E-1	1.941E-5
3.489E+0	9.420E-1	1.765E-5
3.565E+0	9.360E-1	1.606E-5
3.642E+0	9.300E-1	1.463E-5
3.718E+0	9.240E-1	1.324E-5
3.794E+0	9.180E-1	1.212E-5
3.870E+0	9.120E-1	1.101E-5
3.946E+0	9.060E-1	1.005E-5
4.022E+0	9.000E-1	9.236E-6
4.162E+0	8.940E-1	8.400E-6
4.249E+0	8.880E-1	7.637E-6
4.325E+0	8.820E-1	6.995E-6
4.402E+0	8.760E-1	6.377E-6
4.478E+0	8.700E-1	5.875E-6
4.554E+0	8.640E-1	5.260E-6
4.630E+0	8.580E-1	4.813E-6
4.706E+0	8.520E-1	4.436E-6
4.782E+0	8.460E-1	4.035E-6
4.858E+0	8.400E-1	3.771E-6
4.935E+0	8.340E-1	3.470E-6
5.011E+0	8.280E-1	3.213E-6
5.087E+0	8.220E-1	2.934E-6
5.163E+0	8.160E-1	2.714E-6
5.239E+0	8.100E-1	2.553E-6
5.315E+0	8.040E-1	2.282E-6
5.391E+0	7.980E-1	2.117E-6
5.468E+0	7.920E-1	2.098E-6
5.544E+0	7.860E-1	1.907E-6
5.620E+0	7.800E-1	1.839E-6
5.696E+0	7.740E-1	1.679E-6
5.773E+0	7.680E-1	1.516E-6
5.849E+0	7.620E-1	1.476E-6
5.925E+0	7.560E-1	1.427E-6
6.001E+0	7.500E-1	1.343E-6
6.077E+0	7.440E-1	1.258E-6
6.153E+0	7.380E-1	1.219E-6
6.229E+0	7.320E-1	1.162E-6
6.305E+0	7.260E-1	1.098E-6
6.382E+0	7.200E-1	1.005E-6
6.457E+0	7.140E-1	1.008E-6
6.533E+0	7.080E-1	9.713E-7
6.681E+0	7.020E-1	9.823E-7
6.757E+0	6.960E-1	9.338E-7
6.833E+0	6.900E-1	9.177E-7
6.909E+0	6.840E-1	8.585E-7
6.986E+0	6.780E-1	8.478E-7
7.062E+0	6.720E-1	8.070E-7
7.138E+0	6.660E-1	7.765E-7
7.214E+0	6.600E-1	7.410E-7
7.291E+0	6.540E-1	6.842E-7
7.367E+0	6.480E-1	7.082E-7
7.443E+0	6.420E-1	6.732E-7
7.519E+0	6.360E-1	6.637E-7
7.595E+0	6.300E-1	6.455E-7
7.671E+0	6.240E-1	6.298E-7
7.748E+0	6.180E-1	6.011E-7
7.824E+0	6.120E-1	6.110E-7
7.900E+0	6.060E-1	5.845E-7
7.976E+0	6.000E-1	5.954E-7
8.052E+0	5.940E-1	5.586E-7
8.128E+0	5.880E-1	5.556E-7
8.204E+0	5.820E-1	5.215E-7
8.280E+0	5.760E-1	5.211E-7
8.356E+0	5.700E-1	4.815E-7
8.433E+0	5.640E-1	5.116E-7
8.509E+0	5.580E-1	4.917E-7
8.585E+0	5.520E-1	4.802E-7
8.661E+0	5.460E-1	4.815E-7
8.737E+0	5.400E-1	4.592E-7
8.813E+0	5.340E-1	4.388E-7
8.889E+0	5.280E-1	4.229E-7
8.966E+0	5.220E-1	4.225E-7
9.042E+0	5.160E-1	4.070E-7
9.118E+0	5.100E-1	4.005E-7
9.194E+0	5.040E-1	4.136E-7
9.270E+0	4.980E-1	3.853E-7
9.346E+0	4.920E-1	3.699E-7
9.422E+0	4.860E-1	3.628E-7
9.499E+0	4.800E-1	3.408E-7
9.575E+0	4.740E-1	3.335E-7
9.651E+0	4.680E-1	3.169E-7
9.727E+0	4.620E-1	3.060E-7
9.803E+0	4.560E-1	3.124E-7
9.879E+0	4.500E-1	2.997E-7
9.956E+0	4.440E-1	2.931E-7
1.003E+1	4.380E-1	3.028E-7
1.011E+1	4.320E-1	2.876E-7
1.018E+1	4.260E-1	2.814E-7
1.026E+1	4.200E-1	2.620E-7
1.034E+1	4.140E-1	2.667E-7
1.041E+1	4.080E-1	2.547E-7
1.049E+1	4.020E-1	2.460E-7
1.056E+1	3.960E-1	2.370E-7
1.064E+1	3.900E-1	2.070E-7
1.072E+1	3.840E-1	2.004E-7
1.079E+1	3.780E-1	1.937E-7
1.087E+1	3.720E-1	1.905E-7
1.095E+1	3.660E-1	1.786E-7
1.102E+1	3.600E-1	1.823E-7
1.110E+1	3.540E-1	1.668E-7
1.118E+1	3.480E-1	1.569E-7
1.125E+1	3.420E-1	1.508E-7
1.133E+1	3.360E-1	1.241E-7
1.140E+1	3.300E-1	1.219E-7
1.148E+1	3.240E-1	1.116E-7
1.156E+1	3.180E-1	1.101E-7
1.163E+1	3.120E-1	8.225E-8
1.171E+1	3.060E-1	1.044E-7
1.178E+1	3.000E-1	7.934E-8
1.186E+1	2.940E-1	8.648E-8
1.194E+1	2.880E-1	9.304E-8
1.201E+1	2.820E-1	9.239E-8
1.209E+1	2.760E-1	7.856E-8
1.217E+1	2.700E-1	7.272E-8
1.224E+1	2.640E-1	6.132E-8
1.232E+1	2.580E-1	4.808E-8
1.239E+1	2.520E-1	3.382E-8
1.247E+1	2.460E-1	3.204E-8
1.255E+1	2.400E-1	3.761E-8
1.262E+1	2.340E-1	3.381E-8
1.270E+1	2.280E-1	2.889E-8
1.277E+1	2.220E-1	2.532E-8
1.285E+1	2.160E-1	4.506E-8
1.293E+1	2.100E-1	4.051E-8
1.300E+1	2.040E-1	3.999E-8
1.308E+1	1.980E-1	4.267E-8
1.315E+1	1.920E-1	3.549E-8
1.323E+1	1.860E-1	1.252E-8
1.331E+1	1.800E-1	9.078E-9
1.338E+1	1.740E-1	1.961E-8
1.346E+1	1.680E-1	1.309E-9
1.354E+1	1.620E-1	-4.740E-9
1.361E+1	1.560E-1	-8.290E-9
1.369E+1	1.500E-1	-1.194E-8
1.376E+1	1.440E-1	-1.541E-8
1.384E+1	1.380E-1	-1.873E-8
1.391E+1	1.320E-1	-2.484E-8
1.399E+1	1.260E-1	-3.037E-8
1.407E+1	1.200E-1	-2.933E-8
1.414E+1	1.140E-1	-2.919E-8
1.422E+1	1.080E-1	-3.499E-8
1.429E+1	1.020E-1	-4.056E-8
1.437E+1	9.600E-2	-4.115E-8
1.445E+1	9.000E-2	-4.407E-8
1.452E+1	8.400E-2	-4.857E-8
1.460E+1	7.800E-2	-5.361E-8
1.468E+1	7.200E-2	-5.619E-8
1.475E+1	6.600E-2	-5.587E-8
1.483E+1	6.000E-2	-5.869E-8
1.490E+1	5.400E-2	-6.294E-8
1.498E+1	4.800E-2	-6.343E-8
1.506E+1	4.200E-2	-6.542E-8
1.513E+1	3.600E-2	-6.624E-8
1.521E+1	3.000E-2	-6.883E-8
1.529E+1	2.400E-2	-7.142E-8
1.536E+1	1.800E-2	-7.175E-8
1.544E+1	1.200E-2	-7.593E-8
1.552E+1	6.000E-3	-7.824E-8
1.559E+1	-1.039E-15	-8.073E-8
