1.240E-1	1.200E+0	6.043E-4
2.640E-1	1.194E+0	5.958E-4
3.370E-1	1.188E+0	5.674E-4
4.110E-1	1.182E+0	5.376E-4
4.850E-1	1.176E+0	5.063E-4
5.580E-1	1.170E+0	4.780E-4
6.320E-1	1.164E+0	4.500E-4
7.060E-1	1.158E+0	4.248E-4
7.790E-1	1.152E+0	4.000E-4
8.530E-1	1.146E+0	3.774E-4
9.260E-1	1.140E+0	3.554E-4
1.000E+0	1.134E+0	3.357E-4
1.074E+0	1.128E+0	3.159E-4
1.147E+0	1.122E+0	2.983E-4
1.221E+0	1.116E+0	2.809E-4
1.294E+0	1.110E+0	2.649E-4
1.368E+0	1.104E+0	2.491E-4
1.441E+0	1.098E+0	2.348E-4
1.515E+0	1.092E+0	2.204E-4
1.588E+0	1.086E+0	2.068E-4
1.662E+0	1.080E+0	1.945E-4
1.750E+0	1.074E+0	1.819E-4
1.826E+0	1.068E+0	1.706E-4
1.902E+0	1.062E+0	1.592E-4
1.977E+0	1.056E+0	1.489E-4
2.053E+0	1.050E+0	1.383E-4
2.129E+0	1.044E+0	1.287E-4
2.204E+0	1.038E+0	1.190E-4
2.280E+0	1.032E+0	1.102E-4
2.355E+0	1.026E+0	1.011E-4
2.431E+0	1.020E+0	9.459E-5
2.566E+0	1.014E+0	8.424E-5
2.647E+0	1.008E+0	7.648E-5
2.735E+0	1.002E+0	6.840E-5
2.811E+0	9.960E-1	6.114E-5
2.887E+0	9.900E-1	5.357E-5
2.963E+0	9.840E-1	4.671E-5
3.039E+0	9.780E-1	3.949E-5
3.116E+0	9.720E-1	3.237E-5
3.192E+0	9.660E-1	2.601E-5
3.268E+0	9.600E-1	1.932E-5
3.344E+0	9.540E-1	1.329E-5
3.421E+0	9.480E-1	9.001E-6
3.560E+0	9.420E-1	1.904E-6
3.647E+0	9.360E-1	-4.639E-6
3.723E+0	9.300E-1	-1.045E-5
3.799E+0	9.240E-1	-1.467E-5
3.994E+0	9.180E-1	-2.178E-5
4.067E+0	9.120E-1	-2.804E-5
4.141E+0	9.060E-1	-3.358E-5
4.215E+0	9.000E-1	-3.935E-5
4.289E+0	8.940E-1	-4.456E-5
4.362E+0	8.880E-1	-5.007E-5
4.436E+0	8.820E-1	-5.527E-5
4.510E+0	8.760E-1	-6.069E-5
4.584E+0	8.700E-1	-6.567E-5
4.658E+0	8.640E-1	-7.096E-5
4.731E+0	8.580E-1	-7.626E-5
4.805E+0	8.520E-1	-8.102E-5
4.879E+0	8.460E-1	-8.631E-5
4.952E+0	8.400E-1	-9.090E-5
5.026E+0	8.340E-1	-9.614E-5
5.100E+0	8.280E-1	-1.006E-4
5.173E+0	8.220E-1	-1.050E-4
5.247E+0	8.160E-1	-1.099E-4
5.436E+0	8.100E-1	-1.139E-4
5.509E+0	8.040E-1	-1.182E-4
5.583E+0	7.980E-1	-1.234E-4
5.657E+0	7.920E-1	-1.276E-4
5.730E+0	7.860E-1	-1.325E-4
5.804E+0	7.800E-1	-1.362E-4
5.878E+0	7.740E-1	-1.409E-4
5.952E+0	7.680E-1	-1.450E-4
6.025E+0	7.620E-1	-1.498E-4
6.099E+0	7.560E-1	-1.541E-4
6.173E+0	7.500E-1	-1.578E-4
6.246E+0	7.440E-1	-1.619E-4
6.321E+0	7.380E-1	-1.655E-4
6.394E+0	7.320E-1	-1.693E-4
6.468E+0	7.260E-1	-1.727E-4
6.542E+0	7.200E-1	-1.766E-4
6.616E+0	7.140E-1	-1.797E-4
6.689E+0	7.080E-1	-1.836E-4
6.763E+0	7.020E-1	-1.868E-4
6.837E+0	6.960E-1	-1.903E-4
6.911E+0	6.900E-1	-1.931E-4
6.984E+0	6.840E-1	-1.964E-4
7.058E+0	6.780E-1	-1.992E-4
7.132E+0	6.720E-1	-2.020E-4
7.207E+0	6.660E-1	-2.047E-4
7.283E+0	6.600E-1	-2.074E-4
7.359E+0	6.540E-1	-2.097E-4
7.435E+0	6.480E-1	-2.122E-4
7.511E+0	6.420E-1	-2.146E-4
7.587E+0	6.360E-1	-2.169E-4
7.663E+0	6.300E-1	-2.191E-4
7.739E+0	6.240E-1	-2.209E-4
7.815E+0	6.180E-1	-2.231E-4
7.891E+0	6.120E-1	-2.249E-4
7.967E+0	6.060E-1	-2.266E-4
8.042E+0	6.000E-1	-2.281E-4
8.118E+0	5.940E-1	-2.300E-4
8.194E+0	5.880E-1	-2.316E-4
8.270E+0	5.820E-1	-2.331E-4
8.346E+0	5.760E-1	-2.344E-4
8.422E+0	5.700E-1	-2.358E-4
8.498E+0	5.640E-1	-2.369E-4
8.574E+0	5.580E-1	-2.382E-4
8.650E+0	5.520E-1	-2.392E-4
8.726E+0	5.460E-1	-2.403E-4
8.802E+0	5.400E-1	-2.413E-4
8.878E+0	5.340E-1	-2.423E-4
8.954E+0	5.280E-1	-2.431E-4
9.030E+0	5.220E-1	-2.440E-4
9.106E+0	5.160E-1	-2.450E-4
9.182E+0	5.100E-1	-2.456E-4
9.258E+0	5.040E-1	-2.464E-4
9.334E+0	4.980E-1	-2.471E-4
9.410E+0	4.920E-1	-2.478E-4
9.486E+0	4.860E-1	-2.482E-4
9.562E+0	4.800E-1	-2.489E-4
9.638E+0	4.740E-1	-2.493E-4
9.714E+0	4.680E-1	-2.502E-4
9.790E+0	4.620E-1	-2.506E-4
9.866E+0	4.560E-1	-2.510E-4
9.942E+0	4.500E-1	-2.516E-4
1.002E+1	4.440E-1	-2.521E-4
1.009E+1	4.380E-1	-2.526E-4
1.017E+1	4.320E-1	-2.529E-4
1.025E+1	4.260E-1	-2.534E-4
1.032E+1	4.200E-1	-2.537E-4
1.040E+1	4.140E-1	-2.541E-4
1.047E+1	4.080E-1	-2.544E-4
1.055E+1	4.020E-1	-2.548E-4
1.063E+1	3.960E-1	-2.550E-4
1.070E+1	3.900E-1	-2.555E-4
1.078E+1	3.840E-1	-2.556E-4
1.086E+1	3.780E-1	-2.560E-4
1.093E+1	3.720E-1	-2.562E-4
1.101E+1	3.660E-1	-2.566E-4
1.108E+1	3.600E-1	-2.567E-4
1.116E+1	3.540E-1	-2.571E-4
1.123E+1	3.480E-1	-2.572E-4
1.131E+1	3.420E-1	-2.575E-4
1.139E+1	3.360E-1	-2.576E-4
1.146E+1	3.300E-1	-2.579E-4
1.154E+1	3.240E-1	-2.581E-4
1.162E+1	3.180E-1	-2.581E-4
1.169E+1	3.120E-1	-2.586E-4
1.177E+1	3.060E-1	-2.587E-4
1.184E+1	3.000E-1	-2.591E-4
1.192E+1	2.940E-1	-2.591E-4
1.199E+1	2.880E-1	-2.593E-4
1.207E+1	2.820E-1	-2.593E-4
1.215E+1	2.760E-1	-2.595E-4
1.222E+1	2.700E-1	-2.596E-4
1.230E+1	2.640E-1	-2.597E-4
1.237E+1	2.580E-1	-2.600E-4
1.245E+1	2.520E-1	-2.602E-4
1.253E+1	2.460E-1	-2.602E-4
1.260E+1	2.400E-1	-2.606E-4
1.268E+1	2.340E-1	-2.606E-4
1.276E+1	2.280E-1	-2.608E-4
1.283E+1	2.220E-1	-2.607E-4
1.291E+1	2.160E-1	-2.610E-4
1.298E+1	2.100E-1	-2.613E-4
1.306E+1	2.040E-1	-2.611E-4
1.313E+1	1.980E-1	-2.614E-4
1.321E+1	1.920E-1	-2.615E-4
1.329E+1	1.860E-1	-2.617E-4
1.336E+1	1.800E-1	-2.618E-4
1.344E+1	1.740E-1	-2.622E-4
1.352E+1	1.680E-1	-2.625E-4
1.359E+1	1.620E-1	-2.624E-4
1.367E+1	1.560E-1	-2.626E-4
1.374E+1	1.500E-1	-2.626E-4
1.382E+1	1.440E-1	-2.627E-4
1.389E+1	1.380E-1	-2.630E-4
1.397E+1	1.320E-1	-2.630E-4
1.405E+1	1.260E-1	-2.632E-4
1.412E+1	1.200E-1	-2.634E-4
1.420E+1	1.140E-1	-2.635E-4
1.428E+1	1.080E-1	-2.635E-4
1.435E+1	1.020E-1	-2.640E-4
1.443E+1	9.600E-2	-2.640E-4
1.450E+1	9.000E-2	-2.640E-4
1.458E+1	8.400E-2	-2.641E-4
1.466E+1	7.800E-2	-2.643E-4
1.473E+1	7.200E-2	-2.644E-4
1.481E+1	6.600E-2	-2.644E-4
1.488E+1	6.000E-2	-2.649E-4
1.496E+1	5.400E-2	-2.647E-4
1.504E+1	4.800E-2	-2.649E-4
1.511E+1	4.200E-2	-2.650E-4
1.519E+1	3.600E-2	-2.654E-4
1.527E+1	3.000E-2	-2.655E-4
1.534E+1	2.400E-2	-2.657E-4
1.542E+1	1.800E-2	-2.658E-4
1.549E+1	1.200E-2	-2.660E-4
1.557E+1	6.000E-3	-2.663E-4
1.564E+1	-1.039E-15	-2.664E-4
