1.240E-1	1.200E+0	1.440E-3
2.640E-1	1.194E+0	1.524E-3
3.380E-1	1.188E+0	1.534E-3
4.120E-1	1.182E+0	1.511E-3
4.850E-1	1.176E+0	1.464E-3
5.590E-1	1.170E+0	1.406E-3
6.330E-1	1.164E+0	1.338E-3
7.070E-1	1.158E+0	1.267E-3
7.800E-1	1.152E+0	1.191E-3
8.540E-1	1.146E+0	1.118E-3
9.270E-1	1.140E+0	1.044E-3
1.002E+0	1.134E+0	9.513E-4
1.133E+0	1.128E+0	8.856E-4
1.209E+0	1.122E+0	8.231E-4
1.285E+0	1.116E+0	7.617E-4
1.360E+0	1.110E+0	7.052E-4
1.436E+0	1.104E+0	6.504E-4
1.512E+0	1.098E+0	6.008E-4
1.588E+0	1.092E+0	5.528E-4
1.663E+0	1.086E+0	5.083E-4
1.739E+0	1.080E+0	4.680E-4
1.815E+0	1.074E+0	4.296E-4
1.891E+0	1.068E+0	3.951E-4
1.966E+0	1.062E+0	3.622E-4
2.042E+0	1.056E+0	3.328E-4
2.118E+0	1.050E+0	3.049E-4
2.193E+0	1.044E+0	2.799E-4
2.269E+0	1.038E+0	2.563E-4
2.345E+0	1.032E+0	2.352E-4
2.420E+0	1.026E+0	2.152E-4
2.496E+0	1.020E+0	1.974E-4
2.571E+0	1.014E+0	1.805E-4
2.647E+0	1.008E+0	1.655E-4
2.723E+0	1.002E+0	1.513E-4
2.798E+0	9.960E-1	1.388E-4
2.874E+0	9.900E-1	1.266E-4
2.950E+0	9.840E-1	1.161E-4
3.027E+0	9.780E-1	1.061E-4
3.103E+0	9.720E-1	9.480E-5
3.238E+0	9.660E-1	8.678E-5
3.320E+0	9.600E-1	7.923E-5
3.409E+0	9.540E-1	7.258E-5
3.485E+0	9.480E-1	6.613E-5
3.561E+0	9.420E-1	6.062E-5
3.637E+0	9.360E-1	5.534E-5
3.713E+0	9.300E-1	5.073E-5
3.790E+0	9.240E-1	4.661E-5
3.866E+0	9.180E-1	4.272E-5
3.942E+0	9.120E-1	3.902E-5
4.018E+0	9.060E-1	3.579E-5
4.094E+0	9.000E-1	3.267E-5
4.171E+0	8.940E-1	2.992E-5
4.247E+0	8.880E-1	2.732E-5
4.323E+0	8.820E-1	2.505E-5
4.399E+0	8.760E-1	2.289E-5
4.475E+0	8.700E-1	2.098E-5
4.552E+0	8.640E-1	1.916E-5
4.628E+0	8.580E-1	1.750E-5
4.704E+0	8.520E-1	1.605E-5
4.780E+0	8.460E-1	1.466E-5
4.856E+0	8.400E-1	1.346E-5
4.932E+0	8.340E-1	1.228E-5
5.009E+0	8.280E-1	1.126E-5
5.085E+0	8.220E-1	1.029E-5
5.161E+0	8.160E-1	9.324E-6
5.300E+0	8.100E-1	8.515E-6
5.388E+0	8.040E-1	7.808E-6
5.464E+0	7.980E-1	7.136E-6
5.540E+0	7.920E-1	6.554E-6
5.616E+0	7.860E-1	5.988E-6
5.692E+0	7.800E-1	5.516E-6
5.769E+0	7.740E-1	5.050E-6
5.845E+0	7.680E-1	4.662E-6
5.921E+0	7.620E-1	4.284E-6
5.997E+0	7.560E-1	3.927E-6
6.073E+0	7.500E-1	3.609E-6
6.149E+0	7.440E-1	3.326E-6
6.226E+0	7.380E-1	3.075E-6
6.302E+0	7.320E-1	2.801E-6
6.379E+0	7.260E-1	2.643E-6
6.455E+0	7.200E-1	2.406E-6
6.531E+0	7.140E-1	2.254E-6
6.607E+0	7.080E-1	2.081E-6
6.683E+0	7.020E-1	1.935E-6
6.759E+0	6.960E-1	1.808E-6
6.836E+0	6.900E-1	1.677E-6
6.912E+0	6.840E-1	1.562E-6
6.988E+0	6.780E-1	1.467E-6
7.064E+0	6.720E-1	1.364E-6
7.140E+0	6.660E-1	1.288E-6
7.216E+0	6.600E-1	1.203E-6
7.293E+0	6.540E-1	1.144E-6
7.369E+0	6.480E-1	1.064E-6
7.445E+0	6.420E-1	1.002E-6
7.591E+0	6.360E-1	9.470E-7
7.667E+0	6.300E-1	8.960E-7
7.743E+0	6.240E-1	8.483E-7
7.819E+0	6.180E-1	7.864E-7
7.896E+0	6.120E-1	7.528E-7
7.972E+0	6.060E-1	7.199E-7
8.048E+0	6.000E-1	6.861E-7
8.124E+0	5.940E-1	6.393E-7
8.200E+0	5.880E-1	6.037E-7
8.276E+0	5.820E-1	5.821E-7
8.352E+0	5.760E-1	5.794E-7
8.428E+0	5.700E-1	5.566E-7
8.505E+0	5.640E-1	5.137E-7
8.581E+0	5.580E-1	4.907E-7
8.657E+0	5.520E-1	4.627E-7
8.733E+0	5.460E-1	4.422E-7
8.809E+0	5.400E-1	4.244E-7
8.885E+0	5.340E-1	4.108E-7
8.961E+0	5.280E-1	3.914E-7
9.037E+0	5.220E-1	3.835E-7
9.114E+0	5.160E-1	3.804E-7
9.190E+0	5.100E-1	3.587E-7
9.266E+0	5.040E-1	3.417E-7
9.342E+0	4.980E-1	3.184E-7
9.418E+0	4.920E-1	3.134E-7
9.494E+0	4.860E-1	3.042E-7
9.571E+0	4.800E-1	2.914E-7
9.647E+0	4.740E-1	2.814E-7
9.723E+0	4.680E-1	2.686E-7
9.800E+0	4.620E-1	2.551E-7
9.876E+0	4.560E-1	2.413E-7
9.952E+0	4.500E-1	2.360E-7
1.003E+1	4.440E-1	2.168E-7
1.010E+1	4.380E-1	2.008E-7
1.018E+1	4.320E-1	1.915E-7
1.026E+1	4.260E-1	1.829E-7
1.033E+1	4.200E-1	1.828E-7
1.041E+1	4.140E-1	1.678E-7
1.048E+1	4.080E-1	1.620E-7
1.056E+1	4.020E-1	1.598E-7
1.064E+1	3.960E-1	1.520E-7
1.071E+1	3.900E-1	1.383E-7
1.079E+1	3.840E-1	1.368E-7
1.087E+1	3.780E-1	1.270E-7
1.094E+1	3.720E-1	1.205E-7
1.102E+1	3.660E-1	1.096E-7
1.110E+1	3.600E-1	1.089E-7
1.117E+1	3.540E-1	1.013E-7
1.125E+1	3.480E-1	9.556E-8
1.132E+1	3.420E-1	9.215E-8
1.140E+1	3.360E-1	8.419E-8
1.148E+1	3.300E-1	7.467E-8
1.155E+1	3.240E-1	7.150E-8
1.163E+1	3.180E-1	6.365E-8
1.170E+1	3.120E-1	5.979E-8
1.178E+1	3.060E-1	5.500E-8
1.186E+1	3.000E-1	5.000E-8
1.193E+1	2.940E-1	4.318E-8
1.201E+1	2.880E-1	3.527E-8
1.209E+1	2.820E-1	4.015E-8
1.216E+1	2.760E-1	2.855E-8
1.224E+1	2.700E-1	3.032E-8
1.231E+1	2.640E-1	2.540E-8
1.239E+1	2.580E-1	1.901E-8
1.246E+1	2.520E-1	1.972E-8
1.254E+1	2.460E-1	1.471E-8
1.262E+1	2.400E-1	1.211E-8
1.269E+1	2.340E-1	6.586E-9
1.277E+1	2.280E-1	1.714E-9
1.285E+1	2.220E-1	3.316E-9
1.292E+1	2.160E-1	-6.180E-9
1.300E+1	2.100E-1	-8.686E-9
1.307E+1	2.040E-1	-1.336E-8
1.315E+1	1.980E-1	-1.554E-8
1.323E+1	1.920E-1	-1.869E-8
1.330E+1	1.860E-1	-2.549E-8
1.338E+1	1.800E-1	-2.611E-8
1.346E+1	1.740E-1	-2.942E-8
1.353E+1	1.680E-1	-3.458E-8
1.361E+1	1.620E-1	-3.808E-8
1.368E+1	1.560E-1	-4.111E-8
1.376E+1	1.500E-1	-4.440E-8
1.384E+1	1.440E-1	-4.872E-8
1.391E+1	1.380E-1	-5.263E-8
1.399E+1	1.320E-1	-5.577E-8
1.406E+1	1.260E-1	-5.805E-8
1.414E+1	1.200E-1	-5.952E-8
1.422E+1	1.140E-1	-6.228E-8
1.429E+1	1.080E-1	-6.427E-8
1.437E+1	1.020E-1	-6.619E-8
1.445E+1	9.600E-2	-6.899E-8
1.452E+1	9.000E-2	-7.249E-8
1.460E+1	8.400E-2	-7.469E-8
1.467E+1	7.800E-2	-7.599E-8
1.475E+1	7.200E-2	-7.790E-8
1.483E+1	6.600E-2	-7.943E-8
1.490E+1	6.000E-2	-8.115E-8
1.498E+1	5.400E-2	-8.315E-8
1.506E+1	4.800E-2	-8.430E-8
1.513E+1	4.200E-2	-8.565E-8
1.521E+1	3.600E-2	-8.750E-8
1.529E+1	3.000E-2	-8.919E-8
1.536E+1	2.400E-2	-9.067E-8
1.544E+1	1.800E-2	-9.202E-8
1.552E+1	1.200E-2	-9.377E-8
1.559E+1	6.000E-3	-9.519E-8
1.567E+1	-1.039E-15	-9.683E-8
