1.230E-1	1.200E+0	1.310E-3
3.790E-1	1.194E+0	1.337E-3
4.520E-1	1.188E+0	1.340E-3
5.260E-1	1.182E+0	1.330E-3
6.000E-1	1.176E+0	1.306E-3
6.750E-1	1.170E+0	1.276E-3
7.510E-1	1.164E+0	1.236E-3
8.270E-1	1.158E+0	1.194E-3
9.030E-1	1.152E+0	1.146E-3
9.790E-1	1.146E+0	1.097E-3
1.055E+0	1.140E+0	1.045E-3
1.131E+0	1.134E+0	9.893E-4
1.262E+0	1.128E+0	9.365E-4
1.343E+0	1.122E+0	8.862E-4
1.424E+0	1.116E+0	8.347E-4
1.512E+0	1.110E+0	7.862E-4
1.588E+0	1.104E+0	7.375E-4
1.664E+0	1.098E+0	6.922E-4
1.740E+0	1.092E+0	6.467E-4
1.816E+0	1.086E+0	6.031E-4
1.892E+0	1.080E+0	5.625E-4
1.967E+0	1.074E+0	5.217E-4
2.043E+0	1.068E+0	4.845E-4
2.119E+0	1.062E+0	4.474E-4
2.195E+0	1.056E+0	4.134E-4
2.271E+0	1.050E+0	3.797E-4
2.346E+0	1.044E+0	3.490E-4
2.422E+0	1.038E+0	3.187E-4
2.498E+0	1.032E+0	2.911E-4
2.573E+0	1.026E+0	2.638E-4
2.649E+0	1.020E+0	2.391E-4
2.725E+0	1.014E+0	2.143E-4
2.800E+0	1.008E+0	1.921E-4
2.876E+0	1.002E+0	1.701E-4
2.952E+0	9.960E-1	1.504E-4
3.028E+0	9.900E-1	1.306E-4
3.104E+0	9.840E-1	1.130E-4
3.180E+0	9.780E-1	9.453E-5
3.316E+0	9.720E-1	7.666E-5
3.398E+0	9.660E-1	6.178E-5
3.479E+0	9.600E-1	4.667E-5
3.561E+0	9.540E-1	3.349E-5
3.650E+0	9.480E-1	2.043E-5
3.726E+0	9.420E-1	8.716E-6
3.866E+0	9.360E-1	-2.167E-6
3.952E+0	9.300E-1	-1.523E-5
4.148E+0	9.240E-1	-2.689E-5
4.222E+0	9.180E-1	-3.617E-5
4.295E+0	9.120E-1	-4.553E-5
4.369E+0	9.060E-1	-5.386E-5
4.443E+0	9.000E-1	-6.246E-5
4.517E+0	8.940E-1	-7.005E-5
4.591E+0	8.880E-1	-7.803E-5
4.665E+0	8.820E-1	-8.517E-5
4.738E+0	8.760E-1	-9.260E-5
4.812E+0	8.700E-1	-9.923E-5
4.886E+0	8.640E-1	-1.068E-4
5.076E+0	8.580E-1	-1.127E-4
5.154E+0	8.520E-1	-1.188E-4
5.230E+0	8.460E-1	-1.251E-4
5.306E+0	8.400E-1	-1.308E-4
5.382E+0	8.340E-1	-1.367E-4
5.458E+0	8.280E-1	-1.420E-4
5.535E+0	8.220E-1	-1.475E-4
5.611E+0	8.160E-1	-1.524E-4
5.687E+0	8.100E-1	-1.576E-4
5.763E+0	8.040E-1	-1.620E-4
5.839E+0	7.980E-1	-1.669E-4
5.915E+0	7.920E-1	-1.709E-4
5.991E+0	7.860E-1	-1.753E-4
6.068E+0	7.800E-1	-1.791E-4
6.144E+0	7.740E-1	-1.832E-4
6.220E+0	7.680E-1	-1.867E-4
6.297E+0	7.620E-1	-1.904E-4
6.373E+0	7.560E-1	-1.937E-4
6.449E+0	7.500E-1	-1.967E-4
6.525E+0	7.440E-1	-1.999E-4
6.601E+0	7.380E-1	-2.028E-4
6.677E+0	7.320E-1	-2.051E-4
6.753E+0	7.260E-1	-2.078E-4
6.829E+0	7.200E-1	-2.102E-4
6.905E+0	7.140E-1	-2.123E-4
6.982E+0	7.080E-1	-2.145E-4
7.058E+0	7.020E-1	-2.161E-4
7.134E+0	6.960E-1	-2.181E-4
7.210E+0	6.900E-1	-2.196E-4
7.287E+0	6.840E-1	-2.214E-4
7.362E+0	6.780E-1	-2.226E-4
7.439E+0	6.720E-1	-2.239E-4
7.515E+0	6.660E-1	-2.253E-4
7.591E+0	6.600E-1	-2.266E-4
7.667E+0	6.540E-1	-2.273E-4
7.743E+0	6.480E-1	-2.286E-4
7.819E+0	6.420E-1	-2.294E-4
7.895E+0	6.360E-1	-2.302E-4
7.971E+0	6.300E-1	-2.310E-4
8.047E+0	6.240E-1	-2.318E-4
8.123E+0	6.180E-1	-2.324E-4
8.199E+0	6.120E-1	-2.328E-4
8.275E+0	6.060E-1	-2.337E-4
8.351E+0	6.000E-1	-2.341E-4
8.427E+0	5.940E-1	-2.349E-4
8.503E+0	5.880E-1	-2.353E-4
8.579E+0	5.820E-1	-2.358E-4
8.655E+0	5.760E-1	-2.361E-4
8.731E+0	5.700E-1	-2.368E-4
8.808E+0	5.640E-1	-2.370E-4
8.884E+0	5.580E-1	-2.377E-4
8.960E+0	5.520E-1	-2.380E-4
9.036E+0	5.460E-1	-2.385E-4
9.112E+0	5.400E-1	-2.390E-4
9.188E+0	5.340E-1	-2.393E-4
9.264E+0	5.280E-1	-2.398E-4
9.340E+0	5.220E-1	-2.401E-4
9.416E+0	5.160E-1	-2.405E-4
9.492E+0	5.100E-1	-2.408E-4
9.568E+0	5.040E-1	-2.411E-4
9.644E+0	4.980E-1	-2.415E-4
9.720E+0	4.920E-1	-2.420E-4
9.796E+0	4.860E-1	-2.421E-4
9.872E+0	4.800E-1	-2.427E-4
9.949E+0	4.740E-1	-2.430E-4
1.003E+1	4.680E-1	-2.431E-4
1.010E+1	4.620E-1	-2.434E-4
1.018E+1	4.560E-1	-2.439E-4
1.025E+1	4.500E-1	-2.442E-4
1.033E+1	4.440E-1	-2.445E-4
1.040E+1	4.380E-1	-2.448E-4
1.048E+1	4.320E-1	-2.452E-4
1.056E+1	4.260E-1	-2.454E-4
1.063E+1	4.200E-1	-2.458E-4
1.071E+1	4.140E-1	-2.460E-4
1.079E+1	4.080E-1	-2.462E-4
1.086E+1	4.020E-1	-2.468E-4
1.094E+1	3.960E-1	-2.469E-4
1.101E+1	3.900E-1	-2.473E-4
1.109E+1	3.840E-1	-2.477E-4
1.117E+1	3.780E-1	-2.481E-4
1.124E+1	3.720E-1	-2.481E-4
1.132E+1	3.660E-1	-2.485E-4
1.139E+1	3.600E-1	-2.489E-4
1.147E+1	3.540E-1	-2.490E-4
1.155E+1	3.480E-1	-2.496E-4
1.162E+1	3.420E-1	-2.499E-4
1.170E+1	3.360E-1	-2.500E-4
1.178E+1	3.300E-1	-2.505E-4
1.185E+1	3.240E-1	-2.508E-4
1.193E+1	3.180E-1	-2.513E-4
1.200E+1	3.120E-1	-2.518E-4
1.208E+1	3.060E-1	-2.520E-4
1.216E+1	3.000E-1	-2.523E-4
1.223E+1	2.940E-1	-2.525E-4
1.231E+1	2.880E-1	-2.531E-4
1.238E+1	2.820E-1	-2.531E-4
1.246E+1	2.760E-1	-2.534E-4
1.254E+1	2.700E-1	-2.536E-4
1.261E+1	2.640E-1	-2.541E-4
1.269E+1	2.580E-1	-2.544E-4
1.277E+1	2.520E-1	-2.547E-4
1.284E+1	2.460E-1	-2.550E-4
1.292E+1	2.400E-1	-2.553E-4
1.299E+1	2.340E-1	-2.553E-4
1.307E+1	2.280E-1	-2.559E-4
1.314E+1	2.220E-1	-2.560E-4
1.322E+1	2.160E-1	-2.566E-4
1.330E+1	2.100E-1	-2.570E-4
1.337E+1	2.040E-1	-2.571E-4
1.345E+1	1.980E-1	-2.576E-4
1.353E+1	1.920E-1	-2.578E-4
1.360E+1	1.860E-1	-2.583E-4
1.368E+1	1.800E-1	-2.584E-4
1.375E+1	1.740E-1	-2.589E-4
1.383E+1	1.680E-1	-2.592E-4
1.391E+1	1.620E-1	-2.595E-4
1.398E+1	1.560E-1	-2.598E-4
1.406E+1	1.500E-1	-2.600E-4
1.413E+1	1.440E-1	-2.603E-4
1.421E+1	1.380E-1	-2.608E-4
1.429E+1	1.320E-1	-2.611E-4
1.436E+1	1.260E-1	-2.615E-4
1.444E+1	1.200E-1	-2.618E-4
1.452E+1	1.140E-1	-2.622E-4
1.459E+1	1.080E-1	-2.626E-4
1.467E+1	1.020E-1	-2.630E-4
1.474E+1	9.600E-2	-2.632E-4
1.482E+1	9.000E-2	-2.632E-4
1.490E+1	8.400E-2	-2.636E-4
1.497E+1	7.800E-2	-2.639E-4
1.505E+1	7.200E-2	-2.639E-4
1.512E+1	6.600E-2	-2.647E-4
1.520E+1	6.000E-2	-2.650E-4
1.528E+1	5.400E-2	-2.652E-4
1.535E+1	4.800E-2	-2.656E-4
1.543E+1	4.200E-2	-2.660E-4
1.551E+1	3.600E-2	-2.667E-4
1.558E+1	3.000E-2	-2.669E-4
1.566E+1	2.400E-2	-2.671E-4
1.573E+1	1.800E-2	-2.676E-4
1.581E+1	1.200E-2	-2.681E-4
1.589E+1	6.000E-3	-2.683E-4
1.596E+1	-1.039E-15	-2.687E-4
