1.240E-1	1.200E+0	1.534E-3
3.800E-1	1.194E+0	1.487E-3
4.530E-1	1.188E+0	1.400E-3
5.270E-1	1.182E+0	1.301E-3
6.010E-1	1.176E+0	1.191E-3
6.770E-1	1.170E+0	1.083E-3
7.530E-1	1.164E+0	9.415E-4
8.850E-1	1.158E+0	8.416E-4
9.650E-1	1.152E+0	7.450E-4
1.054E+0	1.146E+0	6.584E-4
1.130E+0	1.140E+0	5.791E-4
1.206E+0	1.134E+0	5.098E-4
1.281E+0	1.128E+0	4.455E-4
1.357E+0	1.122E+0	3.900E-4
1.433E+0	1.116E+0	3.394E-4
1.509E+0	1.110E+0	2.971E-4
1.585E+0	1.104E+0	2.571E-4
1.661E+0	1.098E+0	2.245E-4
1.737E+0	1.092E+0	1.945E-4
1.813E+0	1.086E+0	1.685E-4
1.889E+0	1.080E+0	1.463E-4
1.964E+0	1.074E+0	1.262E-4
2.040E+0	1.068E+0	1.098E-4
2.116E+0	1.062E+0	9.176E-5
2.251E+0	1.056E+0	7.988E-5
2.332E+0	1.050E+0	6.918E-5
2.421E+0	1.044E+0	6.038E-5
2.497E+0	1.038E+0	5.284E-5
2.573E+0	1.032E+0	4.650E-5
2.648E+0	1.026E+0	4.057E-5
2.724E+0	1.020E+0	3.577E-5
2.800E+0	1.014E+0	3.153E-5
2.876E+0	1.008E+0	2.818E-5
2.951E+0	1.002E+0	2.517E-5
3.027E+0	9.960E-1	2.485E-5
3.103E+0	9.900E-1	2.214E-5
3.180E+0	9.840E-1	2.096E-5
3.256E+0	9.780E-1	1.919E-5
3.332E+0	9.720E-1	1.828E-5
3.409E+0	9.660E-1	1.665E-5
3.485E+0	9.600E-1	1.560E-5
3.561E+0	9.540E-1	1.497E-5
3.638E+0	9.480E-1	1.430E-5
3.714E+0	9.420E-1	1.405E-5
3.790E+0	9.360E-1	1.317E-5
3.866E+0	9.300E-1	1.288E-5
3.943E+0	9.240E-1	1.193E-5
4.019E+0	9.180E-1	1.145E-5
4.095E+0	9.120E-1	1.100E-5
4.171E+0	9.060E-1	1.040E-5
4.247E+0	9.000E-1	1.051E-5
4.324E+0	8.940E-1	1.081E-5
4.401E+0	8.880E-1	1.076E-5
4.477E+0	8.820E-1	1.091E-5
4.553E+0	8.760E-1	1.033E-5
4.629E+0	8.700E-1	1.037E-5
4.705E+0	8.640E-1	1.006E-5
4.845E+0	8.580E-1	9.536E-6
4.932E+0	8.520E-1	9.154E-6
5.008E+0	8.460E-1	8.764E-6
5.084E+0	8.400E-1	8.749E-6
5.161E+0	8.340E-1	8.424E-6
5.237E+0	8.280E-1	8.315E-6
5.313E+0	8.220E-1	8.099E-6
5.389E+0	8.160E-1	8.173E-6
5.466E+0	8.100E-1	9.257E-6
5.542E+0	8.040E-1	9.000E-6
5.618E+0	7.980E-1	1.029E-5
5.813E+0	7.920E-1	1.030E-5
5.953E+0	7.860E-1	1.006E-5
6.028E+0	7.800E-1	1.124E-5
6.223E+0	7.740E-1	1.012E-5
6.297E+0	7.680E-1	1.068E-5
6.371E+0	7.620E-1	1.103E-5
6.444E+0	7.560E-1	1.045E-5
6.518E+0	7.500E-1	1.069E-5
6.592E+0	7.440E-1	1.085E-5
6.666E+0	7.380E-1	1.112E-5
6.740E+0	7.320E-1	1.115E-5
6.814E+0	7.260E-1	1.085E-5
6.889E+0	7.200E-1	1.127E-5
6.965E+0	7.140E-1	1.153E-5
7.041E+0	7.080E-1	1.074E-5
7.117E+0	7.020E-1	1.234E-5
7.194E+0	6.960E-1	1.203E-5
7.270E+0	6.900E-1	1.221E-5
7.346E+0	6.840E-1	1.132E-5
7.422E+0	6.780E-1	1.164E-5
7.499E+0	6.720E-1	1.077E-5
7.575E+0	6.660E-1	1.085E-5
7.651E+0	6.600E-1	1.105E-5
7.727E+0	6.540E-1	1.094E-5
7.804E+0	6.480E-1	1.086E-5
7.880E+0	6.420E-1	1.029E-5
7.956E+0	6.360E-1	1.066E-5
8.032E+0	6.300E-1	1.087E-5
8.108E+0	6.240E-1	1.165E-5
8.184E+0	6.180E-1	1.148E-5
8.260E+0	6.120E-1	1.061E-5
8.336E+0	6.060E-1	1.142E-5
8.412E+0	6.000E-1	1.160E-5
8.488E+0	5.940E-1	1.082E-5
8.564E+0	5.880E-1	9.767E-6
8.704E+0	5.820E-1	1.003E-5
8.791E+0	5.760E-1	9.960E-6
8.867E+0	5.700E-1	9.956E-6
8.944E+0	5.640E-1	9.864E-6
9.020E+0	5.580E-1	1.012E-5
9.096E+0	5.520E-1	8.925E-6
9.349E+0	5.460E-1	9.046E-6
9.489E+0	5.400E-1	8.826E-6
9.750E+0	5.340E-1	8.682E-6
9.890E+0	5.280E-1	8.847E-6
9.977E+0	5.220E-1	8.881E-6
1.005E+1	5.160E-1	8.665E-6
1.013E+1	5.100E-1	8.702E-6
1.021E+1	5.040E-1	8.730E-6
1.028E+1	4.980E-1	8.061E-6
1.036E+1	4.920E-1	1.087E-5
1.055E+1	4.860E-1	1.107E-5
1.063E+1	4.800E-1	1.057E-5
1.070E+1	4.740E-1	1.055E-5
1.078E+1	4.680E-1	1.011E-5
1.109E+1	4.620E-1	1.039E-5
1.123E+1	4.560E-1	1.044E-5
1.131E+1	4.500E-1	1.035E-5
1.140E+1	4.440E-1	1.017E-5
1.148E+1	4.380E-1	1.008E-5
1.156E+1	4.320E-1	9.691E-6
1.164E+1	4.260E-1	8.958E-6
1.172E+1	4.200E-1	8.590E-6
1.179E+1	4.140E-1	8.268E-6
1.187E+1	4.080E-1	7.835E-6
1.195E+1	4.020E-1	7.781E-6
1.202E+1	3.960E-1	7.697E-6
1.210E+1	3.900E-1	7.354E-6
1.218E+1	3.840E-1	7.609E-6
1.225E+1	3.780E-1	7.452E-6
1.233E+1	3.720E-1	7.258E-6
1.240E+1	3.660E-1	7.221E-6
1.248E+1	3.600E-1	6.956E-6
1.256E+1	3.540E-1	6.737E-6
1.263E+1	3.480E-1	6.703E-6
1.271E+1	3.420E-1	6.707E-6
1.279E+1	3.360E-1	6.592E-6
1.286E+1	3.300E-1	6.259E-6
1.294E+1	3.240E-1	6.342E-6
1.301E+1	3.180E-1	7.811E-6
1.309E+1	3.120E-1	7.577E-6
1.317E+1	3.060E-1	9.317E-6
1.324E+1	3.000E-1	9.042E-6
1.332E+1	2.940E-1	8.046E-6
1.339E+1	2.880E-1	8.431E-6
1.347E+1	2.820E-1	8.214E-6
1.355E+1	2.760E-1	7.607E-6
1.362E+1	2.700E-1	8.212E-6
1.370E+1	2.640E-1	9.018E-6
1.378E+1	2.580E-1	9.185E-6
1.385E+1	2.520E-1	8.574E-6
1.393E+1	2.460E-1	8.693E-6
1.400E+1	2.400E-1	8.438E-6
1.408E+1	2.340E-1	7.927E-6
1.416E+1	2.280E-1	7.581E-6
1.423E+1	2.220E-1	7.364E-6
1.431E+1	2.160E-1	7.062E-6
1.438E+1	2.100E-1	6.833E-6
1.446E+1	2.040E-1	6.971E-6
1.454E+1	1.980E-1	6.816E-6
1.461E+1	1.920E-1	6.672E-6
1.469E+1	1.860E-1	7.220E-6
1.477E+1	1.800E-1	6.472E-6
1.484E+1	1.740E-1	6.268E-6
1.492E+1	1.680E-1	6.252E-6
1.499E+1	1.620E-1	6.022E-6
1.507E+1	1.560E-1	5.866E-6
1.515E+1	1.500E-1	5.566E-6
1.522E+1	1.440E-1	5.386E-6
1.530E+1	1.380E-1	5.206E-6
1.538E+1	1.320E-1	5.000E-6
1.545E+1	1.260E-1	4.653E-6
1.553E+1	1.200E-1	4.083E-6
1.561E+1	1.140E-1	4.085E-6
1.568E+1	1.080E-1	3.714E-6
1.576E+1	1.020E-1	3.635E-6
1.583E+1	9.600E-2	3.089E-6
1.591E+1	9.000E-2	2.886E-6
1.599E+1	8.400E-2	2.754E-6
1.606E+1	7.800E-2	2.627E-6
1.614E+1	7.200E-2	2.908E-6
1.621E+1	6.600E-2	2.673E-6
1.629E+1	6.000E-2	2.375E-6
1.637E+1	5.400E-2	2.207E-6
1.644E+1	4.800E-2	1.924E-6
1.652E+1	4.200E-2	1.732E-6
1.660E+1	3.600E-2	1.563E-6
1.667E+1	3.000E-2	1.285E-6
1.675E+1	2.400E-2	9.432E-7
1.690E+1	1.800E-2	7.156E-7
1.697E+1	1.200E-2	4.308E-7
1.705E+1	6.000E-3	1.428E-7
1.712E+1	-1.039E-15	-1.426E-7
