1.240E-1	1.200E+0	1.130E-3
3.800E-1	1.194E+0	1.009E-3
4.560E-1	1.188E+0	8.790E-4
5.870E-1	1.182E+0	7.801E-4
6.680E-1	1.176E+0	6.867E-4
7.490E-1	1.170E+0	6.098E-4
8.370E-1	1.164E+0	5.333E-4
9.130E-1	1.158E+0	4.690E-4
9.890E-1	1.152E+0	4.080E-4
1.065E+0	1.146E+0	3.579E-4
1.141E+0	1.140E+0	3.095E-4
1.217E+0	1.134E+0	2.697E-4
1.293E+0	1.128E+0	2.336E-4
1.369E+0	1.122E+0	2.008E-4
1.445E+0	1.116E+0	1.723E-4
1.520E+0	1.110E+0	1.492E-4
1.596E+0	1.104E+0	1.260E-4
1.672E+0	1.098E+0	1.052E-4
1.748E+0	1.092E+0	8.758E-5
1.883E+0	1.086E+0	6.965E-5
1.964E+0	1.080E+0	5.500E-5
2.053E+0	1.074E+0	4.345E-5
2.129E+0	1.068E+0	3.097E-5
2.205E+0	1.062E+0	2.018E-5
2.280E+0	1.056E+0	8.600E-6
2.539E+0	1.050E+0	1.738E-6
2.679E+0	1.044E+0	-5.667E-6
2.754E+0	1.038E+0	-1.330E-5
2.949E+0	1.032E+0	-2.405E-5
3.022E+0	1.026E+0	-3.430E-5
3.096E+0	1.020E+0	-3.816E-5
3.169E+0	1.014E+0	-4.975E-5
3.243E+0	1.008E+0	-5.795E-5
3.317E+0	1.002E+0	-6.340E-5
3.390E+0	9.960E-1	-6.776E-5
3.464E+0	9.900E-1	-7.517E-5
3.539E+0	9.840E-1	-8.318E-5
3.612E+0	9.780E-1	-8.865E-5
3.686E+0	9.720E-1	-9.366E-5
3.760E+0	9.660E-1	-1.006E-4
3.836E+0	9.600E-1	-1.050E-4
3.912E+0	9.540E-1	-1.116E-4
4.101E+0	9.480E-1	-1.161E-4
4.175E+0	9.420E-1	-1.245E-4
4.249E+0	9.360E-1	-1.332E-4
4.323E+0	9.300E-1	-1.413E-4
4.396E+0	9.240E-1	-1.474E-4
4.470E+0	9.180E-1	-1.565E-4
4.544E+0	9.120E-1	-1.636E-4
4.618E+0	9.060E-1	-1.695E-4
4.691E+0	9.000E-1	-1.790E-4
4.765E+0	8.940E-1	-1.868E-4
4.839E+0	8.880E-1	-1.961E-4
4.913E+0	8.820E-1	-2.029E-4
4.987E+0	8.760E-1	-2.120E-4
5.061E+0	8.700E-1	-2.193E-4
5.134E+0	8.640E-1	-2.265E-4
5.208E+0	8.580E-1	-2.337E-4
5.282E+0	8.520E-1	-2.410E-4
5.356E+0	8.460E-1	-2.473E-4
5.429E+0	8.400E-1	-2.527E-4
5.506E+0	8.340E-1	-2.579E-4
5.582E+0	8.280E-1	-2.629E-4
5.658E+0	8.220E-1	-2.682E-4
5.734E+0	8.160E-1	-2.748E-4
5.810E+0	8.100E-1	-2.782E-4
5.886E+0	8.040E-1	-2.826E-4
5.962E+0	7.980E-1	-2.869E-4
6.039E+0	7.920E-1	-2.903E-4
6.115E+0	7.860E-1	-2.950E-4
6.191E+0	7.800E-1	-2.979E-4
6.267E+0	7.740E-1	-3.008E-4
6.344E+0	7.680E-1	-3.019E-4
6.420E+0	7.620E-1	-3.048E-4
6.496E+0	7.560E-1	-3.072E-4
6.572E+0	7.500E-1	-3.110E-4
6.648E+0	7.440E-1	-3.131E-4
6.724E+0	7.380E-1	-3.149E-4
6.800E+0	7.320E-1	-3.150E-4
6.876E+0	7.260E-1	-3.175E-4
6.952E+0	7.200E-1	-3.193E-4
7.028E+0	7.140E-1	-3.206E-4
7.105E+0	7.080E-1	-3.232E-4
7.181E+0	7.020E-1	-3.242E-4
7.257E+0	6.960E-1	-3.254E-4
7.333E+0	6.900E-1	-3.268E-4
7.409E+0	6.840E-1	-3.277E-4
7.485E+0	6.780E-1	-3.289E-4
7.562E+0	6.720E-1	-3.306E-4
7.638E+0	6.660E-1	-3.329E-4
7.714E+0	6.600E-1	-3.342E-4
7.790E+0	6.540E-1	-3.348E-4
7.866E+0	6.480E-1	-3.369E-4
7.942E+0	6.420E-1	-3.354E-4
8.018E+0	6.360E-1	-3.364E-4
8.094E+0	6.300E-1	-3.365E-4
8.170E+0	6.240E-1	-3.385E-4
8.246E+0	6.180E-1	-3.393E-4
8.323E+0	6.120E-1	-3.399E-4
8.399E+0	6.060E-1	-3.399E-4
8.475E+0	6.000E-1	-3.411E-4
8.550E+0	5.940E-1	-3.437E-4
8.626E+0	5.880E-1	-3.443E-4
8.703E+0	5.820E-1	-3.452E-4
8.779E+0	5.760E-1	-3.453E-4
8.855E+0	5.700E-1	-3.462E-4
8.931E+0	5.640E-1	-3.471E-4
9.007E+0	5.580E-1	-3.485E-4
9.083E+0	5.520E-1	-3.494E-4
9.159E+0	5.460E-1	-3.504E-4
9.235E+0	5.400E-1	-3.516E-4
9.311E+0	5.340E-1	-3.523E-4
9.387E+0	5.280E-1	-3.533E-4
9.463E+0	5.220E-1	-3.546E-4
9.539E+0	5.160E-1	-3.546E-4
9.615E+0	5.100E-1	-3.551E-4
9.691E+0	5.040E-1	-3.556E-4
9.767E+0	4.980E-1	-3.570E-4
9.843E+0	4.920E-1	-3.575E-4
9.920E+0	4.860E-1	-3.582E-4
9.996E+0	4.800E-1	-3.589E-4
1.007E+1	4.740E-1	-3.595E-4
1.015E+1	4.680E-1	-3.616E-4
1.022E+1	4.620E-1	-3.620E-4
1.030E+1	4.560E-1	-3.637E-4
1.038E+1	4.500E-1	-3.644E-4
1.045E+1	4.440E-1	-3.652E-4
1.053E+1	4.380E-1	-3.666E-4
1.061E+1	4.320E-1	-3.671E-4
1.068E+1	4.260E-1	-3.687E-4
1.076E+1	4.200E-1	-3.681E-4
1.083E+1	4.140E-1	-3.691E-4
1.091E+1	4.080E-1	-3.689E-4
1.098E+1	4.020E-1	-3.696E-4
1.106E+1	3.960E-1	-3.709E-4
1.114E+1	3.900E-1	-3.719E-4
1.121E+1	3.840E-1	-3.728E-4
1.129E+1	3.780E-1	-3.725E-4
1.137E+1	3.720E-1	-3.727E-4
1.144E+1	3.660E-1	-3.738E-4
1.152E+1	3.600E-1	-3.757E-4
1.160E+1	3.540E-1	-3.751E-4
1.167E+1	3.480E-1	-3.766E-4
1.175E+1	3.420E-1	-3.773E-4
1.182E+1	3.360E-1	-3.778E-4
1.190E+1	3.300E-1	-3.792E-4
1.198E+1	3.240E-1	-3.802E-4
1.205E+1	3.180E-1	-3.802E-4
1.213E+1	3.120E-1	-3.809E-4
1.220E+1	3.060E-1	-3.791E-4
1.228E+1	3.000E-1	-3.797E-4
1.236E+1	2.940E-1	-3.805E-4
1.243E+1	2.880E-1	-3.807E-4
1.251E+1	2.820E-1	-3.820E-4
1.259E+1	2.760E-1	-3.819E-4
1.266E+1	2.700E-1	-3.822E-4
1.274E+1	2.640E-1	-3.836E-4
1.281E+1	2.580E-1	-3.843E-4
1.289E+1	2.520E-1	-3.851E-4
1.297E+1	2.460E-1	-3.862E-4
1.304E+1	2.400E-1	-3.867E-4
1.312E+1	2.340E-1	-3.878E-4
1.320E+1	2.280E-1	-3.891E-4
1.327E+1	2.220E-1	-3.891E-4
1.335E+1	2.160E-1	-3.908E-4
1.342E+1	2.100E-1	-3.911E-4
1.350E+1	2.040E-1	-3.909E-4
1.358E+1	1.980E-1	-3.913E-4
1.365E+1	1.920E-1	-3.917E-4
1.373E+1	1.860E-1	-3.923E-4
1.380E+1	1.800E-1	-3.928E-4
1.388E+1	1.740E-1	-3.955E-4
1.396E+1	1.680E-1	-3.947E-4
1.403E+1	1.620E-1	-3.968E-4
1.411E+1	1.560E-1	-3.982E-4
1.419E+1	1.500E-1	-3.992E-4
1.426E+1	1.440E-1	-3.993E-4
1.434E+1	1.380E-1	-4.016E-4
1.441E+1	1.320E-1	-4.026E-4
1.449E+1	1.260E-1	-4.036E-4
1.457E+1	1.200E-1	-4.043E-4
1.464E+1	1.140E-1	-4.053E-4
1.472E+1	1.080E-1	-4.061E-4
1.479E+1	1.020E-1	-4.068E-4
1.487E+1	9.600E-2	-4.080E-4
1.495E+1	9.000E-2	-4.087E-4
1.502E+1	8.400E-2	-4.097E-4
1.510E+1	7.800E-2	-4.107E-4
1.518E+1	7.200E-2	-4.111E-4
1.525E+1	6.600E-2	-4.118E-4
1.533E+1	6.000E-2	-4.130E-4
1.540E+1	5.400E-2	-4.138E-4
1.548E+1	4.800E-2	-4.147E-4
1.556E+1	4.200E-2	-4.153E-4
1.563E+1	3.600E-2	-4.167E-4
1.571E+1	3.000E-2	-4.174E-4
1.579E+1	2.400E-2	-4.185E-4
1.586E+1	1.800E-2	-4.194E-4
1.594E+1	1.200E-2	-4.204E-4
1.601E+1	6.000E-3	-4.212E-4
1.609E+1	-1.039E-15	-4.224E-4
