1.240E-1	1.200E+0	1.730E-3
2.640E-1	1.194E+0	1.675E-3
3.380E-1	1.188E+0	1.559E-3
4.120E-1	1.182E+0	1.430E-3
4.860E-1	1.176E+0	1.294E-3
5.590E-1	1.170E+0	1.164E-3
6.330E-1	1.164E+0	1.037E-3
7.070E-1	1.158E+0	8.823E-4
8.380E-1	1.152E+0	7.768E-4
9.120E-1	1.146E+0	6.831E-4
9.860E-1	1.140E+0	5.956E-4
1.060E+0	1.134E+0	5.197E-4
1.133E+0	1.128E+0	4.502E-4
1.207E+0	1.122E+0	3.888E-4
1.295E+0	1.116E+0	3.335E-4
1.371E+0	1.110E+0	2.882E-4
1.447E+0	1.104E+0	2.474E-4
1.523E+0	1.098E+0	2.135E-4
1.599E+0	1.092E+0	1.831E-4
1.675E+0	1.086E+0	1.571E-4
1.750E+0	1.080E+0	1.356E-4
1.826E+0	1.074E+0	1.163E-4
1.902E+0	1.068E+0	1.004E-4
1.978E+0	1.062E+0	8.410E-5
2.113E+0	1.056E+0	7.273E-5
2.194E+0	1.050E+0	6.249E-5
2.282E+0	1.044E+0	5.413E-5
2.358E+0	1.038E+0	4.675E-5
2.434E+0	1.032E+0	4.070E-5
2.509E+0	1.026E+0	3.526E-5
2.585E+0	1.020E+0	3.078E-5
2.661E+0	1.014E+0	2.674E-5
2.738E+0	1.008E+0	2.342E-5
2.814E+0	1.002E+0	2.041E-5
2.889E+0	9.960E-1	1.794E-5
2.966E+0	9.900E-1	1.569E-5
3.042E+0	9.840E-1	1.383E-5
3.118E+0	9.780E-1	1.212E-5
3.194E+0	9.720E-1	1.065E-5
3.271E+0	9.660E-1	9.362E-6
3.410E+0	9.600E-1	8.244E-6
3.497E+0	9.540E-1	7.306E-6
3.574E+0	9.480E-1	6.448E-6
3.650E+0	9.420E-1	5.733E-6
3.726E+0	9.360E-1	5.072E-6
3.802E+0	9.300E-1	4.518E-6
3.878E+0	9.240E-1	4.005E-6
3.954E+0	9.180E-1	3.574E-6
4.031E+0	9.120E-1	3.173E-6
4.107E+0	9.060E-1	2.835E-6
4.183E+0	9.000E-1	2.521E-6
4.259E+0	8.940E-1	2.255E-6
4.336E+0	8.880E-1	2.005E-6
4.412E+0	8.820E-1	1.795E-6
4.488E+0	8.760E-1	1.597E-6
4.564E+0	8.700E-1	1.430E-6
4.640E+0	8.640E-1	1.273E-6
4.717E+0	8.580E-1	1.132E-6
4.793E+0	8.520E-1	1.012E-6
4.869E+0	8.460E-1	8.918E-7
5.016E+0	8.400E-1	7.970E-7
5.093E+0	8.340E-1	7.078E-7
5.169E+0	8.280E-1	6.311E-7
5.245E+0	8.220E-1	5.582E-7
5.321E+0	8.160E-1	4.957E-7
5.398E+0	8.100E-1	4.363E-7
5.474E+0	8.040E-1	3.853E-7
5.550E+0	7.980E-1	3.370E-7
5.627E+0	7.920E-1	2.956E-7
5.703E+0	7.860E-1	2.560E-7
5.779E+0	7.800E-1	2.223E-7
5.856E+0	7.740E-1	1.900E-7
5.932E+0	7.680E-1	1.624E-7
6.008E+0	7.620E-1	1.360E-7
6.085E+0	7.560E-1	1.122E-7
6.161E+0	7.500E-1	9.183E-8
6.237E+0	7.440E-1	7.230E-8
6.314E+0	7.380E-1	5.568E-8
6.390E+0	7.320E-1	3.966E-8
6.466E+0	7.260E-1	2.607E-8
6.542E+0	7.200E-1	1.292E-8
6.618E+0	7.140E-1	1.764E-9
6.694E+0	7.080E-1	-9.006E-9
6.770E+0	7.020E-1	-1.817E-8
6.846E+0	6.960E-1	-2.707E-8
6.923E+0	6.900E-1	-3.458E-8
6.999E+0	6.840E-1	-4.188E-8
7.075E+0	6.780E-1	-4.809E-8
7.151E+0	6.720E-1	-5.417E-8
7.227E+0	6.660E-1	-5.931E-8
7.304E+0	6.600E-1	-6.436E-8
7.380E+0	6.540E-1	-6.854E-8
7.456E+0	6.480E-1	-7.273E-8
7.533E+0	6.420E-1	-7.643E-8
7.609E+0	6.360E-1	-7.957E-8
7.685E+0	6.300E-1	-8.272E-8
7.761E+0	6.240E-1	-8.520E-8
7.838E+0	6.180E-1	-8.779E-8
7.914E+0	6.120E-1	-8.991E-8
7.990E+0	6.060E-1	-9.209E-8
8.066E+0	6.000E-1	-9.384E-8
8.142E+0	5.940E-1	-9.568E-8
8.219E+0	5.880E-1	-9.713E-8
8.295E+0	5.820E-1	-9.864E-8
8.371E+0	5.760E-1	-9.988E-8
8.448E+0	5.700E-1	-1.012E-7
8.524E+0	5.640E-1	-1.022E-7
8.600E+0	5.580E-1	-1.032E-7
8.676E+0	5.520E-1	-1.040E-7
8.752E+0	5.460E-1	-1.050E-7
8.829E+0	5.400E-1	-1.058E-7
8.905E+0	5.340E-1	-1.064E-7
8.981E+0	5.280E-1	-1.071E-7
9.057E+0	5.220E-1	-1.078E-7
9.133E+0	5.160E-1	-1.084E-7
9.209E+0	5.100E-1	-1.089E-7
9.285E+0	5.040E-1	-1.094E-7
9.362E+0	4.980E-1	-1.098E-7
9.438E+0	4.920E-1	-1.103E-7
9.514E+0	4.860E-1	-1.105E-7
9.590E+0	4.800E-1	-1.109E-7
9.667E+0	4.740E-1	-1.111E-7
9.743E+0	4.680E-1	-1.115E-7
9.819E+0	4.620E-1	-1.117E-7
9.896E+0	4.560E-1	-1.120E-7
9.972E+0	4.500E-1	-1.122E-7
1.005E+1	4.440E-1	-1.125E-7
1.012E+1	4.380E-1	-1.127E-7
1.020E+1	4.320E-1	-1.129E-7
1.028E+1	4.260E-1	-1.132E-7
1.035E+1	4.200E-1	-1.133E-7
1.043E+1	4.140E-1	-1.136E-7
1.051E+1	4.080E-1	-1.137E-7
1.058E+1	4.020E-1	-1.139E-7
1.066E+1	3.960E-1	-1.141E-7
1.073E+1	3.900E-1	-1.143E-7
1.081E+1	3.840E-1	-1.144E-7
1.089E+1	3.780E-1	-1.146E-7
1.096E+1	3.720E-1	-1.147E-7
1.104E+1	3.660E-1	-1.149E-7
1.112E+1	3.600E-1	-1.150E-7
1.119E+1	3.540E-1	-1.153E-7
1.127E+1	3.480E-1	-1.154E-7
1.134E+1	3.420E-1	-1.156E-7
1.142E+1	3.360E-1	-1.157E-7
1.150E+1	3.300E-1	-1.159E-7
1.157E+1	3.240E-1	-1.160E-7
1.165E+1	3.180E-1	-1.161E-7
1.173E+1	3.120E-1	-1.162E-7
1.180E+1	3.060E-1	-1.162E-7
1.188E+1	3.000E-1	-1.164E-7
1.195E+1	2.940E-1	-1.164E-7
1.203E+1	2.880E-1	-1.166E-7
1.211E+1	2.820E-1	-1.167E-7
1.218E+1	2.760E-1	-1.168E-7
1.226E+1	2.700E-1	-1.169E-7
1.234E+1	2.640E-1	-1.170E-7
1.241E+1	2.580E-1	-1.171E-7
1.249E+1	2.520E-1	-1.172E-7
1.256E+1	2.460E-1	-1.173E-7
1.264E+1	2.400E-1	-1.175E-7
1.272E+1	2.340E-1	-1.175E-7
1.279E+1	2.280E-1	-1.177E-7
1.287E+1	2.220E-1	-1.178E-7
1.295E+1	2.160E-1	-1.180E-7
1.302E+1	2.100E-1	-1.181E-7
1.310E+1	2.040E-1	-1.182E-7
1.317E+1	1.980E-1	-1.184E-7
1.325E+1	1.920E-1	-1.185E-7
1.333E+1	1.860E-1	-1.187E-7
1.340E+1	1.800E-1	-1.188E-7
1.348E+1	1.740E-1	-1.190E-7
1.356E+1	1.680E-1	-1.191E-7
1.363E+1	1.620E-1	-1.193E-7
1.371E+1	1.560E-1	-1.194E-7
1.378E+1	1.500E-1	-1.195E-7
1.386E+1	1.440E-1	-1.196E-7
1.394E+1	1.380E-1	-1.197E-7
1.401E+1	1.320E-1	-1.198E-7
1.409E+1	1.260E-1	-1.200E-7
1.416E+1	1.200E-1	-1.201E-7
1.424E+1	1.140E-1	-1.203E-7
1.432E+1	1.080E-1	-1.204E-7
1.439E+1	1.020E-1	-1.205E-7
1.447E+1	9.600E-2	-1.207E-7
1.455E+1	9.000E-2	-1.208E-7
1.462E+1	8.400E-2	-1.210E-7
1.470E+1	7.800E-2	-1.211E-7
1.478E+1	7.200E-2	-1.212E-7
1.485E+1	6.600E-2	-1.213E-7
1.493E+1	6.000E-2	-1.215E-7
1.501E+1	5.400E-2	-1.217E-7
1.508E+1	4.800E-2	-1.218E-7
1.516E+1	4.200E-2	-1.219E-7
1.523E+1	3.600E-2	-1.221E-7
1.531E+1	3.000E-2	-1.222E-7
1.539E+1	2.400E-2	-1.224E-7
1.546E+1	1.800E-2	-1.226E-7
1.554E+1	1.200E-2	-1.228E-7
1.562E+1	6.000E-3	-1.229E-7
1.569E+1	-1.039E-15	-1.232E-7
