1.240E-1	1.200E+0	1.278E-3
2.650E-1	1.194E+0	1.151E-3
3.380E-1	1.188E+0	1.025E-3
4.120E-1	1.182E+0	9.010E-4
5.430E-1	1.176E+0	7.993E-4
6.170E-1	1.170E+0	7.099E-4
6.910E-1	1.164E+0	6.235E-4
7.640E-1	1.158E+0	5.479E-4
8.380E-1	1.152E+0	4.751E-4
9.120E-1	1.146E+0	4.121E-4
9.850E-1	1.140E+0	3.516E-4
1.059E+0	1.134E+0	2.996E-4
1.133E+0	1.128E+0	2.501E-4
1.209E+0	1.122E+0	2.077E-4
1.285E+0	1.116E+0	1.674E-4
1.361E+0	1.110E+0	1.334E-4
1.437E+0	1.104E+0	1.009E-4
1.512E+0	1.098E+0	7.524E-5
1.648E+0	1.092E+0	4.671E-5
1.729E+0	1.086E+0	2.283E-5
1.817E+0	1.080E+0	3.901E-6
1.957E+0	1.074E+0	-1.489E-5
2.159E+0	1.068E+0	-3.387E-5
2.233E+0	1.062E+0	-5.039E-5
2.307E+0	1.056E+0	-6.419E-5
2.380E+0	1.050E+0	-7.781E-5
2.454E+0	1.044E+0	-8.945E-5
2.528E+0	1.038E+0	-1.014E-4
2.601E+0	1.032E+0	-1.095E-4
2.790E+0	1.026E+0	-1.214E-4
2.864E+0	1.020E+0	-1.315E-4
2.937E+0	1.014E+0	-1.419E-4
3.011E+0	1.008E+0	-1.508E-4
3.086E+0	1.002E+0	-1.604E-4
3.161E+0	9.960E-1	-1.688E-4
3.237E+0	9.900E-1	-1.779E-4
3.314E+0	9.840E-1	-1.859E-4
3.390E+0	9.780E-1	-1.948E-4
3.466E+0	9.720E-1	-2.031E-4
3.542E+0	9.660E-1	-2.107E-4
3.618E+0	9.600E-1	-2.189E-4
3.695E+0	9.540E-1	-2.264E-4
3.771E+0	9.480E-1	-2.342E-4
3.847E+0	9.420E-1	-2.412E-4
3.923E+0	9.360E-1	-2.491E-4
3.999E+0	9.300E-1	-2.563E-4
4.075E+0	9.240E-1	-2.636E-4
4.151E+0	9.180E-1	-2.705E-4
4.228E+0	9.120E-1	-2.778E-4
4.304E+0	9.060E-1	-2.842E-4
4.380E+0	9.000E-1	-2.911E-4
4.456E+0	8.940E-1	-2.973E-4
4.532E+0	8.880E-1	-3.037E-4
4.608E+0	8.820E-1	-3.093E-4
4.685E+0	8.760E-1	-3.157E-4
4.761E+0	8.700E-1	-3.213E-4
4.837E+0	8.640E-1	-3.273E-4
4.913E+0	8.580E-1	-3.327E-4
4.989E+0	8.520E-1	-3.379E-4
5.065E+0	8.460E-1	-3.429E-4
5.141E+0	8.400E-1	-3.475E-4
5.218E+0	8.340E-1	-3.525E-4
5.294E+0	8.280E-1	-3.566E-4
5.370E+0	8.220E-1	-3.608E-4
5.446E+0	8.160E-1	-3.644E-4
5.522E+0	8.100E-1	-3.689E-4
5.598E+0	8.040E-1	-3.718E-4
5.674E+0	7.980E-1	-3.757E-4
5.751E+0	7.920E-1	-3.788E-4
5.827E+0	7.860E-1	-3.821E-4
5.903E+0	7.800E-1	-3.846E-4
5.979E+0	7.740E-1	-3.875E-4
6.056E+0	7.680E-1	-3.899E-4
6.132E+0	7.620E-1	-3.924E-4
6.208E+0	7.560E-1	-3.949E-4
6.284E+0	7.500E-1	-3.963E-4
6.361E+0	7.440E-1	-3.989E-4
6.437E+0	7.380E-1	-4.010E-4
6.513E+0	7.320E-1	-4.029E-4
6.589E+0	7.260E-1	-4.045E-4
6.665E+0	7.200E-1	-4.066E-4
6.741E+0	7.140E-1	-4.081E-4
6.817E+0	7.080E-1	-4.096E-4
6.893E+0	7.020E-1	-4.113E-4
6.969E+0	6.960E-1	-4.126E-4
7.045E+0	6.900E-1	-4.138E-4
7.122E+0	6.840E-1	-4.155E-4
7.198E+0	6.780E-1	-4.160E-4
7.274E+0	6.720E-1	-4.177E-4
7.350E+0	6.660E-1	-4.190E-4
7.426E+0	6.600E-1	-4.199E-4
7.502E+0	6.540E-1	-4.213E-4
7.579E+0	6.480E-1	-4.225E-4
7.655E+0	6.420E-1	-4.234E-4
7.731E+0	6.360E-1	-4.240E-4
7.807E+0	6.300E-1	-4.251E-4
7.883E+0	6.240E-1	-4.263E-4
7.959E+0	6.180E-1	-4.271E-4
8.035E+0	6.120E-1	-4.278E-4
8.111E+0	6.060E-1	-4.287E-4
8.187E+0	6.000E-1	-4.295E-4
8.263E+0	5.940E-1	-4.310E-4
8.339E+0	5.880E-1	-4.317E-4
8.415E+0	5.820E-1	-4.321E-4
8.491E+0	5.760E-1	-4.326E-4
8.567E+0	5.700E-1	-4.336E-4
8.643E+0	5.640E-1	-4.341E-4
8.719E+0	5.580E-1	-4.348E-4
8.795E+0	5.520E-1	-4.358E-4
8.871E+0	5.460E-1	-4.360E-4
8.947E+0	5.400E-1	-4.371E-4
9.023E+0	5.340E-1	-4.378E-4
9.099E+0	5.280E-1	-4.384E-4
9.175E+0	5.220E-1	-4.392E-4
9.251E+0	5.160E-1	-4.398E-4
9.327E+0	5.100E-1	-4.406E-4
9.403E+0	5.040E-1	-4.411E-4
9.479E+0	4.980E-1	-4.416E-4
9.556E+0	4.920E-1	-4.422E-4
9.632E+0	4.860E-1	-4.432E-4
9.708E+0	4.800E-1	-4.434E-4
9.784E+0	4.740E-1	-4.439E-4
9.860E+0	4.680E-1	-4.446E-4
9.937E+0	4.620E-1	-4.451E-4
1.001E+1	4.560E-1	-4.462E-4
1.009E+1	4.500E-1	-4.465E-4
1.016E+1	4.440E-1	-4.474E-4
1.024E+1	4.380E-1	-4.477E-4
1.032E+1	4.320E-1	-4.483E-4
1.039E+1	4.260E-1	-4.491E-4
1.047E+1	4.200E-1	-4.495E-4
1.054E+1	4.140E-1	-4.505E-4
1.062E+1	4.080E-1	-4.505E-4
1.070E+1	4.020E-1	-4.512E-4
1.077E+1	3.960E-1	-4.515E-4
1.085E+1	3.900E-1	-4.525E-4
1.093E+1	3.840E-1	-4.528E-4
1.100E+1	3.780E-1	-4.536E-4
1.108E+1	3.720E-1	-4.539E-4
1.115E+1	3.660E-1	-4.546E-4
1.123E+1	3.600E-1	-4.551E-4
1.131E+1	3.540E-1	-4.560E-4
1.138E+1	3.480E-1	-4.560E-4
1.146E+1	3.420E-1	-4.566E-4
1.154E+1	3.360E-1	-4.568E-4
1.161E+1	3.300E-1	-4.572E-4
1.169E+1	3.240E-1	-4.576E-4
1.176E+1	3.180E-1	-4.580E-4
1.184E+1	3.120E-1	-4.584E-4
1.191E+1	3.060E-1	-4.589E-4
1.199E+1	3.000E-1	-4.597E-4
1.207E+1	2.940E-1	-4.597E-4
1.214E+1	2.880E-1	-4.608E-4
1.222E+1	2.820E-1	-4.608E-4
1.230E+1	2.760E-1	-4.613E-4
1.237E+1	2.700E-1	-4.616E-4
1.245E+1	2.640E-1	-4.623E-4
1.253E+1	2.580E-1	-4.623E-4
1.260E+1	2.520E-1	-4.629E-4
1.268E+1	2.460E-1	-4.635E-4
1.275E+1	2.400E-1	-4.638E-4
1.283E+1	2.340E-1	-4.641E-4
1.291E+1	2.280E-1	-4.647E-4
1.298E+1	2.220E-1	-4.649E-4
1.306E+1	2.160E-1	-4.654E-4
1.313E+1	2.100E-1	-4.658E-4
1.321E+1	2.040E-1	-4.658E-4
1.329E+1	1.980E-1	-4.666E-4
1.336E+1	1.920E-1	-4.667E-4
1.344E+1	1.860E-1	-4.667E-4
1.352E+1	1.800E-1	-4.675E-4
1.359E+1	1.740E-1	-4.675E-4
1.367E+1	1.680E-1	-4.684E-4
1.374E+1	1.620E-1	-4.688E-4
1.382E+1	1.560E-1	-4.690E-4
1.390E+1	1.500E-1	-4.694E-4
1.397E+1	1.440E-1	-4.698E-4
1.405E+1	1.380E-1	-4.705E-4
1.412E+1	1.320E-1	-4.705E-4
1.420E+1	1.260E-1	-4.708E-4
1.428E+1	1.200E-1	-4.714E-4
1.435E+1	1.140E-1	-4.721E-4
1.443E+1	1.080E-1	-4.723E-4
1.451E+1	1.020E-1	-4.727E-4
1.458E+1	9.600E-2	-4.730E-4
1.466E+1	9.000E-2	-4.728E-4
1.473E+1	8.400E-2	-4.736E-4
1.481E+1	7.800E-2	-4.738E-4
1.489E+1	7.200E-2	-4.741E-4
1.496E+1	6.600E-2	-4.745E-4
1.504E+1	6.000E-2	-4.748E-4
1.512E+1	5.400E-2	-4.755E-4
1.519E+1	4.800E-2	-4.756E-4
1.527E+1	4.200E-2	-4.758E-4
1.534E+1	3.600E-2	-4.766E-4
1.542E+1	3.000E-2	-4.768E-4
1.550E+1	2.400E-2	-4.771E-4
1.557E+1	1.800E-2	-4.770E-4
1.565E+1	1.200E-2	-4.775E-4
1.572E+1	6.000E-3	-4.778E-4
1.580E+1	-1.039E-15	-4.778E-4
