1.240E-1	1.200E+0	4.832E-5
2.680E-1	1.194E+0	5.376E-5
3.420E-1	1.188E+0	5.907E-5
4.150E-1	1.182E+0	6.388E-5
4.890E-1	1.176E+0	6.763E-5
5.630E-1	1.170E+0	7.054E-5
6.360E-1	1.164E+0	7.230E-5
7.100E-1	1.158E+0	7.330E-5
7.840E-1	1.152E+0	7.331E-5
8.580E-1	1.146E+0	7.277E-5
9.310E-1	1.140E+0	7.146E-5
1.005E+0	1.134E+0	6.984E-5
1.079E+0	1.128E+0	6.766E-5
1.153E+0	1.122E+0	6.533E-5
1.227E+0	1.116E+0	6.260E-5
1.301E+0	1.110E+0	5.986E-5
1.375E+0	1.104E+0	5.688E-5
1.451E+0	1.098E+0	5.400E-5
1.527E+0	1.092E+0	5.098E-5
1.603E+0	1.086E+0	4.794E-5
1.679E+0	1.080E+0	4.510E-5
1.755E+0	1.074E+0	4.219E-5
1.831E+0	1.068E+0	3.950E-5
1.907E+0	1.062E+0	3.680E-5
1.983E+0	1.056E+0	3.431E-5
2.058E+0	1.050E+0	3.185E-5
2.134E+0	1.044E+0	2.960E-5
2.210E+0	1.038E+0	2.738E-5
2.286E+0	1.032E+0	2.537E-5
2.362E+0	1.026E+0	2.341E-5
2.437E+0	1.020E+0	2.163E-5
2.513E+0	1.014E+0	1.991E-5
2.589E+0	1.008E+0	1.836E-5
2.665E+0	1.002E+0	1.686E-5
2.741E+0	9.960E-1	1.552E-5
2.817E+0	9.900E-1	1.424E-5
2.893E+0	9.840E-1	1.309E-5
2.969E+0	9.780E-1	1.199E-5
3.046E+0	9.720E-1	1.096E-5
3.122E+0	9.660E-1	1.004E-5
3.198E+0	9.600E-1	8.944E-6
3.338E+0	9.540E-1	8.351E-6
3.425E+0	9.480E-1	7.649E-6
3.501E+0	9.420E-1	7.017E-6
3.577E+0	9.360E-1	6.409E-6
3.654E+0	9.300E-1	5.870E-6
3.730E+0	9.240E-1	5.354E-6
3.806E+0	9.180E-1	4.896E-6
3.882E+0	9.120E-1	4.466E-6
3.958E+0	9.060E-1	4.076E-6
4.035E+0	9.000E-1	3.714E-6
4.111E+0	8.940E-1	3.394E-6
4.187E+0	8.880E-1	3.090E-6
4.264E+0	8.820E-1	2.826E-6
4.340E+0	8.760E-1	2.575E-6
4.416E+0	8.700E-1	2.348E-6
4.492E+0	8.640E-1	2.144E-6
4.569E+0	8.580E-1	1.950E-6
4.645E+0	8.520E-1	1.775E-6
4.721E+0	8.460E-1	1.615E-6
4.797E+0	8.400E-1	1.478E-6
4.874E+0	8.340E-1	1.343E-6
4.950E+0	8.280E-1	1.227E-6
5.026E+0	8.220E-1	1.119E-6
5.102E+0	8.160E-1	1.021E-6
5.178E+0	8.100E-1	9.010E-7
5.325E+0	8.040E-1	8.361E-7
5.401E+0	7.980E-1	7.651E-7
5.478E+0	7.920E-1	7.011E-7
5.554E+0	7.860E-1	6.463E-7
5.630E+0	7.800E-1	5.883E-7
5.707E+0	7.740E-1	5.334E-7
5.783E+0	7.680E-1	4.877E-7
5.860E+0	7.620E-1	4.470E-7
5.936E+0	7.560E-1	4.077E-7
6.012E+0	7.500E-1	3.737E-7
6.089E+0	7.440E-1	3.446E-7
6.165E+0	7.380E-1	3.103E-7
6.241E+0	7.320E-1	2.844E-7
6.317E+0	7.260E-1	2.601E-7
6.394E+0	7.200E-1	2.392E-7
6.470E+0	7.140E-1	2.144E-7
6.546E+0	7.080E-1	1.969E-7
6.623E+0	7.020E-1	1.797E-7
6.699E+0	6.960E-1	1.629E-7
6.775E+0	6.900E-1	1.508E-7
6.852E+0	6.840E-1	1.389E-7
6.928E+0	6.780E-1	1.269E-7
7.004E+0	6.720E-1	1.165E-7
7.081E+0	6.660E-1	1.055E-7
7.157E+0	6.600E-1	9.293E-8
7.233E+0	6.540E-1	8.378E-8
7.309E+0	6.480E-1	7.584E-8
7.386E+0	6.420E-1	6.851E-8
7.462E+0	6.360E-1	6.558E-8
7.538E+0	6.300E-1	5.515E-8
7.614E+0	6.240E-1	4.911E-8
7.690E+0	6.180E-1	4.475E-8
7.766E+0	6.120E-1	3.962E-8
7.842E+0	6.060E-1	3.478E-8
7.918E+0	6.000E-1	3.057E-8
7.994E+0	5.940E-1	2.619E-8
8.070E+0	5.880E-1	2.236E-8
8.146E+0	5.820E-1	1.764E-8
8.222E+0	5.760E-1	1.642E-8
8.298E+0	5.700E-1	1.072E-8
8.375E+0	5.640E-1	8.104E-9
8.451E+0	5.580E-1	4.189E-9
8.527E+0	5.520E-1	1.638E-9
8.603E+0	5.460E-1	4.984E-10
8.679E+0	5.400E-1	-3.917E-9
8.755E+0	5.340E-1	-4.502E-9
8.831E+0	5.280E-1	-8.582E-9
8.907E+0	5.220E-1	-1.193E-8
8.983E+0	5.160E-1	-1.166E-8
9.059E+0	5.100E-1	-1.419E-8
9.135E+0	5.040E-1	-1.645E-8
9.211E+0	4.980E-1	-2.019E-8
9.287E+0	4.920E-1	-2.184E-8
9.364E+0	4.860E-1	-2.359E-8
9.440E+0	4.800E-1	-2.522E-8
9.516E+0	4.740E-1	-2.564E-8
9.592E+0	4.680E-1	-2.786E-8
9.668E+0	4.620E-1	-2.841E-8
9.744E+0	4.560E-1	-2.974E-8
9.820E+0	4.500E-1	-3.056E-8
9.897E+0	4.440E-1	-3.194E-8
9.973E+0	4.380E-1	-3.315E-8
1.005E+1	4.320E-1	-3.458E-8
1.012E+1	4.260E-1	-3.583E-8
1.020E+1	4.200E-1	-3.667E-8
1.028E+1	4.140E-1	-3.767E-8
1.035E+1	4.080E-1	-3.808E-8
1.043E+1	4.020E-1	-3.895E-8
1.051E+1	3.960E-1	-4.057E-8
1.058E+1	3.900E-1	-4.114E-8
1.066E+1	3.840E-1	-4.095E-8
1.073E+1	3.780E-1	-4.278E-8
1.081E+1	3.720E-1	-4.308E-8
1.089E+1	3.660E-1	-4.338E-8
1.096E+1	3.600E-1	-4.456E-8
1.104E+1	3.540E-1	-4.518E-8
1.111E+1	3.480E-1	-4.569E-8
1.119E+1	3.420E-1	-4.642E-8
1.127E+1	3.360E-1	-4.664E-8
1.134E+1	3.300E-1	-4.743E-8
1.142E+1	3.240E-1	-4.824E-8
1.149E+1	3.180E-1	-4.850E-8
1.157E+1	3.120E-1	-4.950E-8
1.165E+1	3.060E-1	-4.993E-8
1.172E+1	3.000E-1	-5.055E-8
1.180E+1	2.940E-1	-5.077E-8
1.187E+1	2.880E-1	-5.132E-8
1.195E+1	2.820E-1	-5.158E-8
1.203E+1	2.760E-1	-5.211E-8
1.210E+1	2.700E-1	-5.263E-8
1.218E+1	2.640E-1	-5.304E-8
1.226E+1	2.580E-1	-5.350E-8
1.233E+1	2.520E-1	-5.395E-8
1.241E+1	2.460E-1	-5.426E-8
1.248E+1	2.400E-1	-5.434E-8
1.256E+1	2.340E-1	-5.486E-8
1.264E+1	2.280E-1	-5.520E-8
1.271E+1	2.220E-1	-5.550E-8
1.279E+1	2.160E-1	-5.576E-8
1.287E+1	2.100E-1	-5.598E-8
1.294E+1	2.040E-1	-5.630E-8
1.302E+1	1.980E-1	-5.657E-8
1.309E+1	1.920E-1	-5.663E-8
1.317E+1	1.860E-1	-5.700E-8
1.324E+1	1.800E-1	-5.721E-8
1.332E+1	1.740E-1	-5.734E-8
1.340E+1	1.680E-1	-5.745E-8
1.347E+1	1.620E-1	-5.761E-8
1.355E+1	1.560E-1	-5.769E-8
1.363E+1	1.500E-1	-5.821E-8
1.370E+1	1.440E-1	-5.843E-8
1.378E+1	1.380E-1	-5.862E-8
1.385E+1	1.320E-1	-5.877E-8
1.393E+1	1.260E-1	-5.893E-8
1.401E+1	1.200E-1	-5.909E-8
1.408E+1	1.140E-1	-5.938E-8
1.416E+1	1.080E-1	-5.953E-8
1.423E+1	1.020E-1	-5.973E-8
1.431E+1	9.600E-2	-5.991E-8
1.439E+1	9.000E-2	-6.014E-8
1.446E+1	8.400E-2	-6.023E-8
1.454E+1	7.800E-2	-6.048E-8
1.462E+1	7.200E-2	-6.061E-8
1.469E+1	6.600E-2	-6.072E-8
1.477E+1	6.000E-2	-6.093E-8
1.485E+1	5.400E-2	-6.101E-8
1.492E+1	4.800E-2	-6.123E-8
1.500E+1	4.200E-2	-6.131E-8
1.507E+1	3.600E-2	-6.150E-8
1.515E+1	3.000E-2	-6.162E-8
1.523E+1	2.400E-2	-6.177E-8
1.530E+1	1.800E-2	-6.191E-8
1.538E+1	1.200E-2	-6.205E-8
1.546E+1	6.000E-3	-6.220E-8
1.553E+1	-1.039E-15	-6.236E-8
