1.240E-1	1.200E+0	5.052E-4
2.640E-1	1.194E+0	4.680E-4
3.380E-1	1.188E+0	4.392E-4
4.110E-1	1.182E+0	4.164E-4
4.850E-1	1.176E+0	3.957E-4
5.580E-1	1.170E+0	3.778E-4
6.320E-1	1.164E+0	3.602E-4
7.060E-1	1.158E+0	3.440E-4
7.790E-1	1.152E+0	3.279E-4
8.530E-1	1.146E+0	3.131E-4
9.270E-1	1.140E+0	2.981E-4
1.001E+0	1.134E+0	2.843E-4
1.077E+0	1.128E+0	2.706E-4
1.152E+0	1.122E+0	2.579E-4
1.228E+0	1.116E+0	2.449E-4
1.304E+0	1.110E+0	2.333E-4
1.380E+0	1.104E+0	2.213E-4
1.456E+0	1.098E+0	2.105E-4
1.532E+0	1.092E+0	1.995E-4
1.608E+0	1.086E+0	1.889E-4
1.684E+0	1.080E+0	1.795E-4
1.760E+0	1.074E+0	1.697E-4
1.835E+0	1.068E+0	1.612E-4
1.911E+0	1.062E+0	1.522E-4
1.987E+0	1.056E+0	1.443E-4
2.063E+0	1.050E+0	1.359E-4
2.138E+0	1.044E+0	1.287E-4
2.214E+0	1.038E+0	1.211E-4
2.290E+0	1.032E+0	1.143E-4
2.365E+0	1.026E+0	1.073E-4
2.441E+0	1.020E+0	1.010E-4
2.517E+0	1.014E+0	9.751E-5
2.652E+0	1.008E+0	8.989E-5
2.733E+0	1.002E+0	8.327E-5
2.822E+0	9.960E-1	7.764E-5
2.898E+0	9.900E-1	7.164E-5
2.974E+0	9.840E-1	6.641E-5
3.051E+0	9.780E-1	6.082E-5
3.127E+0	9.720E-1	5.547E-5
3.203E+0	9.660E-1	5.073E-5
3.279E+0	9.600E-1	4.556E-5
3.356E+0	9.540E-1	4.102E-5
3.432E+0	9.480E-1	3.609E-5
3.508E+0	9.420E-1	3.176E-5
3.584E+0	9.360E-1	2.699E-5
3.661E+0	9.300E-1	2.280E-5
3.737E+0	9.240E-1	1.816E-5
3.813E+0	9.180E-1	1.414E-5
3.889E+0	9.120E-1	1.470E-5
4.148E+0	9.060E-1	1.140E-5
4.407E+0	9.000E-1	6.476E-6
4.547E+0	8.940E-1	3.628E-6
4.823E+0	8.880E-1	-3.097E-6
4.899E+0	8.820E-1	-8.242E-6
4.976E+0	8.760E-1	-9.128E-6
5.229E+0	8.700E-1	-1.536E-5
5.303E+0	8.640E-1	-2.026E-5
5.376E+0	8.580E-1	-2.470E-5
5.450E+0	8.520E-1	-2.855E-5
5.524E+0	8.460E-1	-3.281E-5
5.598E+0	8.400E-1	-3.649E-5
5.672E+0	8.340E-1	-4.059E-5
5.746E+0	8.280E-1	-4.427E-5
5.819E+0	8.220E-1	-4.819E-5
5.893E+0	8.160E-1	-5.172E-5
5.967E+0	8.100E-1	-5.565E-5
6.042E+0	8.040E-1	-5.906E-5
6.115E+0	7.980E-1	-6.284E-5
6.189E+0	7.920E-1	-6.626E-5
6.263E+0	7.860E-1	-7.000E-5
6.337E+0	7.800E-1	-7.324E-5
6.412E+0	7.740E-1	-7.683E-5
6.489E+0	7.680E-1	-8.009E-5
6.565E+0	7.620E-1	-8.365E-5
6.641E+0	7.560E-1	-8.712E-5
6.717E+0	7.500E-1	-9.021E-5
6.793E+0	7.440E-1	-9.364E-5
6.869E+0	7.380E-1	-9.663E-5
6.946E+0	7.320E-1	-9.985E-5
7.022E+0	7.260E-1	-1.028E-4
7.098E+0	7.200E-1	-1.068E-4
7.287E+0	7.140E-1	-1.080E-4
7.361E+0	7.080E-1	-1.111E-4
7.435E+0	7.020E-1	-1.139E-4
7.508E+0	6.960E-1	-1.169E-4
7.582E+0	6.900E-1	-1.195E-4
7.656E+0	6.840E-1	-1.224E-4
7.730E+0	6.780E-1	-1.248E-4
7.803E+0	6.720E-1	-1.274E-4
7.877E+0	6.660E-1	-1.296E-4
7.951E+0	6.600E-1	-1.322E-4
8.025E+0	6.540E-1	-1.344E-4
8.099E+0	6.480E-1	-1.368E-4
8.172E+0	6.420E-1	-1.391E-4
8.246E+0	6.360E-1	-1.411E-4
8.321E+0	6.300E-1	-1.433E-4
8.397E+0	6.240E-1	-1.451E-4
8.473E+0	6.180E-1	-1.471E-4
8.549E+0	6.120E-1	-1.490E-4
8.625E+0	6.060E-1	-1.508E-4
8.701E+0	6.000E-1	-1.525E-4
8.777E+0	5.940E-1	-1.542E-4
8.853E+0	5.880E-1	-1.557E-4
8.929E+0	5.820E-1	-1.573E-4
9.005E+0	5.760E-1	-1.587E-4
9.081E+0	5.700E-1	-1.602E-4
9.158E+0	5.640E-1	-1.615E-4
9.234E+0	5.580E-1	-1.627E-4
9.310E+0	5.520E-1	-1.639E-4
9.386E+0	5.460E-1	-1.653E-4
9.462E+0	5.400E-1	-1.666E-4
9.538E+0	5.340E-1	-1.674E-4
9.614E+0	5.280E-1	-1.685E-4
9.690E+0	5.220E-1	-1.694E-4
9.766E+0	5.160E-1	-1.706E-4
9.842E+0	5.100E-1	-1.714E-4
9.918E+0	5.040E-1	-1.723E-4
9.994E+0	4.980E-1	-1.732E-4
1.007E+1	4.920E-1	-1.739E-4
1.015E+1	4.860E-1	-1.747E-4
1.022E+1	4.800E-1	-1.755E-4
1.030E+1	4.740E-1	-1.761E-4
1.038E+1	4.680E-1	-1.769E-4
1.045E+1	4.620E-1	-1.775E-4
1.053E+1	4.560E-1	-1.781E-4
1.060E+1	4.500E-1	-1.786E-4
1.068E+1	4.440E-1	-1.793E-4
1.076E+1	4.380E-1	-1.796E-4
1.083E+1	4.320E-1	-1.803E-4
1.091E+1	4.260E-1	-1.808E-4
1.098E+1	4.200E-1	-1.810E-4
1.106E+1	4.140E-1	-1.816E-4
1.114E+1	4.080E-1	-1.819E-4
1.121E+1	4.020E-1	-1.823E-4
1.129E+1	3.960E-1	-1.826E-4
1.137E+1	3.900E-1	-1.831E-4
1.144E+1	3.840E-1	-1.834E-4
1.152E+1	3.780E-1	-1.837E-4
1.160E+1	3.720E-1	-1.841E-4
1.167E+1	3.660E-1	-1.844E-4
1.175E+1	3.600E-1	-1.846E-4
1.182E+1	3.540E-1	-1.849E-4
1.190E+1	3.480E-1	-1.851E-4
1.198E+1	3.420E-1	-1.852E-4
1.205E+1	3.360E-1	-1.855E-4
1.213E+1	3.300E-1	-1.857E-4
1.220E+1	3.240E-1	-1.858E-4
1.228E+1	3.180E-1	-1.861E-4
1.236E+1	3.120E-1	-1.862E-4
1.243E+1	3.060E-1	-1.863E-4
1.251E+1	3.000E-1	-1.865E-4
1.259E+1	2.940E-1	-1.866E-4
1.266E+1	2.880E-1	-1.868E-4
1.274E+1	2.820E-1	-1.869E-4
1.281E+1	2.760E-1	-1.869E-4
1.289E+1	2.700E-1	-1.869E-4
1.297E+1	2.640E-1	-1.871E-4
1.304E+1	2.580E-1	-1.871E-4
1.312E+1	2.520E-1	-1.872E-4
1.320E+1	2.460E-1	-1.874E-4
1.327E+1	2.400E-1	-1.875E-4
1.335E+1	2.340E-1	-1.875E-4
1.342E+1	2.280E-1	-1.876E-4
1.350E+1	2.220E-1	-1.877E-4
1.357E+1	2.160E-1	-1.878E-4
1.365E+1	2.100E-1	-1.878E-4
1.373E+1	2.040E-1	-1.880E-4
1.380E+1	1.980E-1	-1.881E-4
1.388E+1	1.920E-1	-1.881E-4
1.396E+1	1.860E-1	-1.881E-4
1.403E+1	1.800E-1	-1.881E-4
1.411E+1	1.740E-1	-1.882E-4
1.419E+1	1.680E-1	-1.881E-4
1.426E+1	1.620E-1	-1.880E-4
1.434E+1	1.560E-1	-1.882E-4
1.441E+1	1.500E-1	-1.882E-4
1.449E+1	1.440E-1	-1.881E-4
1.457E+1	1.380E-1	-1.882E-4
1.464E+1	1.320E-1	-1.882E-4
1.472E+1	1.260E-1	-1.883E-4
1.479E+1	1.200E-1	-1.882E-4
1.487E+1	1.140E-1	-1.883E-4
1.495E+1	1.080E-1	-1.882E-4
1.502E+1	1.020E-1	-1.882E-4
1.510E+1	9.600E-2	-1.883E-4
1.518E+1	9.000E-2	-1.883E-4
1.525E+1	8.400E-2	-1.881E-4
1.533E+1	7.800E-2	-1.882E-4
1.540E+1	7.200E-2	-1.882E-4
1.548E+1	6.600E-2	-1.882E-4
1.556E+1	6.000E-2	-1.883E-4
1.563E+1	5.400E-2	-1.881E-4
1.571E+1	4.800E-2	-1.882E-4
1.579E+1	4.200E-2	-1.881E-4
1.586E+1	3.600E-2	-1.883E-4
1.594E+1	3.000E-2	-1.879E-4
1.601E+1	2.400E-2	-1.884E-4
1.609E+1	1.800E-2	-1.882E-4
1.617E+1	1.200E-2	-1.884E-4
1.624E+1	6.000E-3	-1.883E-4
1.632E+1	-1.039E-15	-1.882E-4
