1.240E-1	1.200E+0	2.489E-4
2.640E-1	1.194E+0	2.707E-4
3.380E-1	1.188E+0	2.764E-4
4.110E-1	1.182E+0	2.746E-4
4.850E-1	1.176E+0	2.668E-4
5.590E-1	1.170E+0	2.568E-4
6.330E-1	1.164E+0	2.443E-4
7.060E-1	1.158E+0	2.319E-4
7.800E-1	1.152E+0	2.185E-4
8.530E-1	1.146E+0	2.062E-4
9.270E-1	1.140E+0	1.937E-4
1.001E+0	1.134E+0	1.823E-4
1.074E+0	1.128E+0	1.713E-4
1.148E+0	1.122E+0	1.614E-4
1.221E+0	1.116E+0	1.518E-4
1.295E+0	1.110E+0	1.434E-4
1.369E+0	1.104E+0	1.352E-4
1.442E+0	1.098E+0	1.279E-4
1.518E+0	1.092E+0	1.210E-4
1.594E+0	1.086E+0	1.146E-4
1.670E+0	1.080E+0	1.089E-4
1.746E+0	1.074E+0	1.035E-4
1.821E+0	1.068E+0	9.834E-5
1.957E+0	1.062E+0	9.409E-5
2.038E+0	1.056E+0	9.003E-5
2.126E+0	1.050E+0	8.598E-5
2.202E+0	1.044E+0	8.241E-5
2.278E+0	1.038E+0	7.892E-5
2.353E+0	1.032E+0	7.577E-5
2.429E+0	1.026E+0	7.268E-5
2.505E+0	1.020E+0	6.988E-5
2.581E+0	1.014E+0	6.712E-5
2.657E+0	1.008E+0	6.463E-5
2.732E+0	1.002E+0	6.222E-5
2.808E+0	9.960E-1	5.999E-5
2.884E+0	9.900E-1	5.779E-5
2.961E+0	9.840E-1	5.579E-5
3.037E+0	9.780E-1	5.378E-5
3.113E+0	9.720E-1	5.192E-5
3.189E+0	9.660E-1	5.022E-5
3.266E+0	9.600E-1	4.850E-5
3.342E+0	9.540E-1	4.693E-5
3.418E+0	9.480E-1	4.541E-5
3.494E+0	9.420E-1	4.399E-5
3.571E+0	9.360E-1	4.258E-5
3.647E+0	9.300E-1	4.124E-5
3.723E+0	9.240E-1	3.996E-5
3.799E+0	9.180E-1	3.875E-5
3.876E+0	9.120E-1	3.755E-5
3.952E+0	9.060E-1	3.647E-5
4.028E+0	9.000E-1	3.537E-5
4.105E+0	8.940E-1	3.436E-5
4.181E+0	8.880E-1	3.333E-5
4.257E+0	8.820E-1	3.241E-5
4.333E+0	8.760E-1	3.144E-5
4.409E+0	8.700E-1	3.057E-5
4.486E+0	8.640E-1	2.968E-5
4.562E+0	8.580E-1	2.884E-5
4.638E+0	8.520E-1	2.807E-5
4.715E+0	8.460E-1	2.724E-5
4.791E+0	8.400E-1	2.651E-5
4.867E+0	8.340E-1	2.575E-5
4.943E+0	8.280E-1	2.506E-5
5.019E+0	8.220E-1	2.436E-5
5.096E+0	8.160E-1	2.371E-5
5.172E+0	8.100E-1	2.304E-5
5.248E+0	8.040E-1	2.243E-5
5.324E+0	7.980E-1	2.180E-5
5.400E+0	7.920E-1	2.122E-5
5.477E+0	7.860E-1	2.061E-5
5.553E+0	7.800E-1	2.006E-5
5.629E+0	7.740E-1	1.951E-5
5.705E+0	7.680E-1	1.900E-5
5.782E+0	7.620E-1	1.846E-5
5.858E+0	7.560E-1	1.795E-5
5.934E+0	7.500E-1	1.747E-5
6.011E+0	7.440E-1	1.697E-5
6.087E+0	7.380E-1	1.652E-5
6.163E+0	7.320E-1	1.603E-5
6.239E+0	7.260E-1	1.560E-5
6.315E+0	7.200E-1	1.515E-5
6.392E+0	7.140E-1	1.476E-5
6.468E+0	7.080E-1	1.432E-5
6.544E+0	7.020E-1	1.394E-5
6.620E+0	6.960E-1	1.351E-5
6.696E+0	6.900E-1	1.314E-5
6.773E+0	6.840E-1	1.276E-5
6.849E+0	6.780E-1	1.240E-5
6.925E+0	6.720E-1	1.204E-5
7.002E+0	6.660E-1	1.170E-5
7.078E+0	6.600E-1	1.135E-5
7.154E+0	6.540E-1	1.104E-5
7.230E+0	6.480E-1	1.070E-5
7.306E+0	6.420E-1	1.037E-5
7.382E+0	6.360E-1	1.007E-5
7.458E+0	6.300E-1	9.767E-6
7.598E+0	6.240E-1	9.487E-6
7.685E+0	6.180E-1	9.193E-6
7.761E+0	6.120E-1	8.929E-6
7.837E+0	6.060E-1	8.644E-6
7.913E+0	6.000E-1	8.383E-6
7.989E+0	5.940E-1	8.123E-6
8.066E+0	5.880E-1	7.875E-6
8.142E+0	5.820E-1	7.627E-6
8.218E+0	5.760E-1	7.398E-6
8.294E+0	5.700E-1	7.159E-6
8.371E+0	5.640E-1	6.929E-6
8.447E+0	5.580E-1	6.703E-6
8.523E+0	5.520E-1	6.492E-6
8.599E+0	5.460E-1	6.275E-6
8.675E+0	5.400E-1	6.057E-6
8.751E+0	5.340E-1	5.866E-6
8.827E+0	5.280E-1	5.668E-6
8.904E+0	5.220E-1	5.486E-6
8.980E+0	5.160E-1	5.297E-6
9.056E+0	5.100E-1	5.119E-6
9.132E+0	5.040E-1	4.939E-6
9.208E+0	4.980E-1	4.776E-6
9.284E+0	4.920E-1	4.608E-6
9.361E+0	4.860E-1	4.451E-6
9.437E+0	4.800E-1	4.290E-6
9.513E+0	4.740E-1	4.141E-6
9.590E+0	4.680E-1	3.985E-6
9.666E+0	4.620E-1	3.849E-6
9.742E+0	4.560E-1	3.707E-6
9.818E+0	4.500E-1	3.577E-6
9.895E+0	4.440E-1	3.440E-6
9.971E+0	4.380E-1	3.314E-6
1.005E+1	4.320E-1	3.187E-6
1.012E+1	4.260E-1	3.063E-6
1.020E+1	4.200E-1	2.951E-6
1.028E+1	4.140E-1	2.831E-6
1.035E+1	4.080E-1	2.719E-6
1.043E+1	4.020E-1	2.612E-6
1.050E+1	3.960E-1	2.510E-6
1.058E+1	3.900E-1	2.407E-6
1.066E+1	3.840E-1	2.311E-6
1.073E+1	3.780E-1	2.214E-6
1.081E+1	3.720E-1	2.120E-6
1.088E+1	3.660E-1	2.032E-6
1.096E+1	3.600E-1	1.945E-6
1.104E+1	3.540E-1	1.860E-6
1.111E+1	3.480E-1	1.784E-6
1.119E+1	3.420E-1	1.705E-6
1.127E+1	3.360E-1	1.632E-6
1.134E+1	3.300E-1	1.557E-6
1.142E+1	3.240E-1	1.485E-6
1.149E+1	3.180E-1	1.418E-6
1.157E+1	3.120E-1	1.344E-6
1.165E+1	3.060E-1	1.283E-6
1.172E+1	3.000E-1	1.220E-6
1.180E+1	2.940E-1	1.162E-6
1.187E+1	2.880E-1	1.104E-6
1.195E+1	2.820E-1	1.050E-6
1.203E+1	2.760E-1	9.953E-7
1.218E+1	2.700E-1	9.433E-7
1.225E+1	2.640E-1	8.940E-7
1.233E+1	2.580E-1	8.479E-7
1.240E+1	2.520E-1	8.005E-7
1.248E+1	2.460E-1	7.592E-7
1.256E+1	2.400E-1	7.159E-7
1.263E+1	2.340E-1	6.750E-7
1.271E+1	2.280E-1	6.351E-7
1.278E+1	2.220E-1	6.001E-7
1.286E+1	2.160E-1	5.628E-7
1.294E+1	2.100E-1	5.276E-7
1.301E+1	2.040E-1	4.959E-7
1.309E+1	1.980E-1	4.628E-7
1.317E+1	1.920E-1	4.339E-7
1.324E+1	1.860E-1	4.040E-7
1.332E+1	1.800E-1	3.768E-7
1.339E+1	1.740E-1	3.498E-7
1.347E+1	1.680E-1	3.250E-7
1.355E+1	1.620E-1	2.993E-7
1.362E+1	1.560E-1	2.772E-7
1.370E+1	1.500E-1	2.536E-7
1.378E+1	1.440E-1	2.327E-7
1.385E+1	1.380E-1	2.124E-7
1.393E+1	1.320E-1	1.932E-7
1.401E+1	1.260E-1	1.752E-7
1.408E+1	1.200E-1	1.593E-7
1.416E+1	1.140E-1	1.415E-7
1.423E+1	1.080E-1	1.263E-7
1.431E+1	1.020E-1	1.100E-7
1.439E+1	9.600E-2	9.561E-8
1.446E+1	9.000E-2	8.189E-8
1.454E+1	8.400E-2	6.861E-8
1.462E+1	7.800E-2	5.650E-8
1.469E+1	7.200E-2	4.500E-8
1.477E+1	6.600E-2	3.283E-8
1.484E+1	6.000E-2	2.148E-8
1.492E+1	5.400E-2	1.049E-8
1.500E+1	4.800E-2	-3.005E-10
1.507E+1	4.200E-2	-9.971E-9
1.515E+1	3.600E-2	-2.002E-8
1.522E+1	3.000E-2	-2.917E-8
1.530E+1	2.400E-2	-3.910E-8
1.538E+1	1.800E-2	-4.816E-8
1.545E+1	1.200E-2	-5.765E-8
1.553E+1	6.000E-3	-6.652E-8
1.561E+1	-1.039E-15	-7.594E-8
