1.240E-1	1.200E+0	6.040E-4
2.640E-1	1.194E+0	5.480E-4
3.380E-1	1.188E+0	4.959E-4
4.110E-1	1.182E+0	4.532E-4
4.850E-1	1.176E+0	4.154E-4
5.590E-1	1.170E+0	3.837E-4
6.320E-1	1.164E+0	3.543E-4
7.060E-1	1.158E+0	3.293E-4
7.790E-1	1.152E+0	3.054E-4
8.530E-1	1.146E+0	2.849E-4
9.270E-1	1.140E+0	2.651E-4
1.001E+0	1.134E+0	2.479E-4
1.074E+0	1.128E+0	2.312E-4
1.148E+0	1.122E+0	2.165E-4
1.222E+0	1.116E+0	2.020E-4
1.297E+0	1.110E+0	1.895E-4
1.373E+0	1.104E+0	1.769E-4
1.449E+0	1.098E+0	1.660E-4
1.525E+0	1.092E+0	1.549E-4
1.601E+0	1.086E+0	1.446E-4
1.677E+0	1.080E+0	1.355E-4
1.753E+0	1.074E+0	1.261E-4
1.829E+0	1.068E+0	1.179E-4
1.904E+0	1.062E+0	1.094E-4
1.980E+0	1.056E+0	1.019E-4
2.056E+0	1.050E+0	9.697E-5
2.191E+0	1.044E+0	8.811E-5
2.272E+0	1.038E+0	8.050E-5
2.360E+0	1.032E+0	7.394E-5
2.436E+0	1.026E+0	6.687E-5
2.512E+0	1.020E+0	6.069E-5
2.588E+0	1.014E+0	5.403E-5
2.663E+0	1.008E+0	4.810E-5
2.739E+0	1.002E+0	4.171E-5
2.815E+0	9.960E-1	3.592E-5
2.891E+0	9.900E-1	2.965E-5
2.968E+0	9.840E-1	2.403E-5
3.044E+0	9.780E-1	1.784E-5
3.120E+0	9.720E-1	1.180E-5
3.197E+0	9.660E-1	8.570E-6
3.336E+0	9.600E-1	1.390E-6
3.424E+0	9.540E-1	-4.429E-6
3.500E+0	9.480E-1	-1.048E-5
3.576E+0	9.420E-1	-1.454E-5
3.771E+0	9.360E-1	-2.208E-5
3.845E+0	9.300E-1	-2.787E-5
3.919E+0	9.240E-1	-3.403E-5
3.993E+0	9.180E-1	-3.956E-5
4.067E+0	9.120E-1	-4.564E-5
4.140E+0	9.060E-1	-5.117E-5
4.214E+0	9.000E-1	-5.714E-5
4.288E+0	8.940E-1	-6.263E-5
4.362E+0	8.880E-1	-6.852E-5
4.436E+0	8.820E-1	-7.380E-5
4.510E+0	8.760E-1	-7.961E-5
4.584E+0	8.700E-1	-8.481E-5
4.658E+0	8.640E-1	-9.026E-5
4.731E+0	8.580E-1	-9.574E-5
4.805E+0	8.520E-1	-1.006E-4
4.879E+0	8.460E-1	-1.050E-4
4.952E+0	8.400E-1	-1.118E-4
5.142E+0	8.340E-1	-1.149E-4
5.215E+0	8.280E-1	-1.192E-4
5.289E+0	8.220E-1	-1.238E-4
5.362E+0	8.160E-1	-1.278E-4
5.436E+0	8.100E-1	-1.319E-4
5.510E+0	8.040E-1	-1.354E-4
5.584E+0	7.980E-1	-1.395E-4
5.657E+0	7.920E-1	-1.428E-4
5.731E+0	7.860E-1	-1.463E-4
5.805E+0	7.800E-1	-1.491E-4
5.879E+0	7.740E-1	-1.523E-4
5.953E+0	7.680E-1	-1.548E-4
6.027E+0	7.620E-1	-1.576E-4
6.100E+0	7.560E-1	-1.600E-4
6.174E+0	7.500E-1	-1.620E-4
6.248E+0	7.440E-1	-1.643E-4
6.321E+0	7.380E-1	-1.661E-4
6.395E+0	7.320E-1	-1.678E-4
6.469E+0	7.260E-1	-1.692E-4
6.542E+0	7.200E-1	-1.708E-4
6.616E+0	7.140E-1	-1.720E-4
6.690E+0	7.080E-1	-1.735E-4
6.764E+0	7.020E-1	-1.743E-4
6.838E+0	6.960E-1	-1.755E-4
6.912E+0	6.900E-1	-1.762E-4
6.986E+0	6.840E-1	-1.771E-4
7.062E+0	6.780E-1	-1.777E-4
7.138E+0	6.720E-1	-1.784E-4
7.215E+0	6.660E-1	-1.788E-4
7.291E+0	6.600E-1	-1.794E-4
7.367E+0	6.540E-1	-1.798E-4
7.443E+0	6.480E-1	-1.803E-4
7.519E+0	6.420E-1	-1.807E-4
7.595E+0	6.360E-1	-1.808E-4
7.672E+0	6.300E-1	-1.811E-4
7.748E+0	6.240E-1	-1.814E-4
7.824E+0	6.180E-1	-1.815E-4
7.900E+0	6.120E-1	-1.817E-4
7.976E+0	6.060E-1	-1.819E-4
8.052E+0	6.000E-1	-1.820E-4
8.129E+0	5.940E-1	-1.822E-4
8.205E+0	5.880E-1	-1.823E-4
8.281E+0	5.820E-1	-1.824E-4
8.357E+0	5.760E-1	-1.824E-4
8.434E+0	5.700E-1	-1.826E-4
8.510E+0	5.640E-1	-1.827E-4
8.586E+0	5.580E-1	-1.828E-4
8.662E+0	5.520E-1	-1.829E-4
8.738E+0	5.460E-1	-1.830E-4
8.814E+0	5.400E-1	-1.830E-4
8.890E+0	5.340E-1	-1.831E-4
8.967E+0	5.280E-1	-1.833E-4
9.043E+0	5.220E-1	-1.831E-4
9.119E+0	5.160E-1	-1.834E-4
9.195E+0	5.100E-1	-1.834E-4
9.271E+0	5.040E-1	-1.835E-4
9.347E+0	4.980E-1	-1.835E-4
9.424E+0	4.920E-1	-1.835E-4
9.500E+0	4.860E-1	-1.836E-4
9.576E+0	4.800E-1	-1.838E-4
9.652E+0	4.740E-1	-1.839E-4
9.729E+0	4.680E-1	-1.840E-4
9.805E+0	4.620E-1	-1.840E-4
9.881E+0	4.560E-1	-1.841E-4
9.957E+0	4.500E-1	-1.842E-4
1.003E+1	4.440E-1	-1.842E-4
1.011E+1	4.380E-1	-1.845E-4
1.019E+1	4.320E-1	-1.845E-4
1.026E+1	4.260E-1	-1.846E-4
1.034E+1	4.200E-1	-1.844E-4
1.041E+1	4.140E-1	-1.846E-4
1.049E+1	4.080E-1	-1.846E-4
1.057E+1	4.020E-1	-1.851E-4
1.064E+1	3.960E-1	-1.847E-4
1.072E+1	3.900E-1	-1.848E-4
1.079E+1	3.840E-1	-1.849E-4
1.087E+1	3.780E-1	-1.851E-4
1.095E+1	3.720E-1	-1.851E-4
1.102E+1	3.660E-1	-1.852E-4
1.110E+1	3.600E-1	-1.852E-4
1.118E+1	3.540E-1	-1.853E-4
1.125E+1	3.480E-1	-1.853E-4
1.133E+1	3.420E-1	-1.855E-4
1.140E+1	3.360E-1	-1.854E-4
1.148E+1	3.300E-1	-1.855E-4
1.156E+1	3.240E-1	-1.855E-4
1.163E+1	3.180E-1	-1.857E-4
1.171E+1	3.120E-1	-1.857E-4
1.179E+1	3.060E-1	-1.857E-4
1.186E+1	3.000E-1	-1.858E-4
1.194E+1	2.940E-1	-1.860E-4
1.201E+1	2.880E-1	-1.860E-4
1.209E+1	2.820E-1	-1.860E-4
1.217E+1	2.760E-1	-1.861E-4
1.224E+1	2.700E-1	-1.862E-4
1.232E+1	2.640E-1	-1.863E-4
1.239E+1	2.580E-1	-1.863E-4
1.247E+1	2.520E-1	-1.864E-4
1.255E+1	2.460E-1	-1.865E-4
1.262E+1	2.400E-1	-1.868E-4
1.270E+1	2.340E-1	-1.867E-4
1.278E+1	2.280E-1	-1.868E-4
1.285E+1	2.220E-1	-1.867E-4
1.293E+1	2.160E-1	-1.869E-4
1.300E+1	2.100E-1	-1.869E-4
1.308E+1	2.040E-1	-1.870E-4
1.316E+1	1.980E-1	-1.871E-4
1.323E+1	1.920E-1	-1.872E-4
1.331E+1	1.860E-1	-1.872E-4
1.338E+1	1.800E-1	-1.873E-4
1.346E+1	1.740E-1	-1.875E-4
1.354E+1	1.680E-1	-1.874E-4
1.361E+1	1.620E-1	-1.876E-4
1.369E+1	1.560E-1	-1.878E-4
1.377E+1	1.500E-1	-1.878E-4
1.384E+1	1.440E-1	-1.879E-4
1.392E+1	1.380E-1	-1.881E-4
1.399E+1	1.320E-1	-1.880E-4
1.407E+1	1.260E-1	-1.883E-4
1.415E+1	1.200E-1	-1.882E-4
1.422E+1	1.140E-1	-1.885E-4
1.430E+1	1.080E-1	-1.885E-4
1.437E+1	1.020E-1	-1.885E-4
1.445E+1	9.600E-2	-1.887E-4
1.453E+1	9.000E-2	-1.887E-4
1.460E+1	8.400E-2	-1.889E-4
1.468E+1	7.800E-2	-1.889E-4
1.476E+1	7.200E-2	-1.891E-4
1.483E+1	6.600E-2	-1.892E-4
1.491E+1	6.000E-2	-1.893E-4
1.499E+1	5.400E-2	-1.894E-4
1.506E+1	4.800E-2	-1.894E-4
1.514E+1	4.200E-2	-1.896E-4
1.521E+1	3.600E-2	-1.896E-4
1.529E+1	3.000E-2	-1.897E-4
1.537E+1	2.400E-2	-1.898E-4
1.544E+1	1.800E-2	-1.899E-4
1.552E+1	1.200E-2	-1.900E-4
1.560E+1	6.000E-3	-1.901E-4
1.567E+1	-1.039E-15	-1.903E-4
