1.200E-1	1.200E+0	7.532E-4
2.600E-1	1.194E+0	1.177E-3
4.490E-1	1.188E+0	1.147E-3
5.220E-1	1.182E+0	1.065E-3
5.960E-1	1.176E+0	9.350E-4
7.280E-1	1.170E+0	8.523E-4
8.080E-1	1.164E+0	7.522E-4
8.890E-1	1.158E+0	6.681E-4
9.770E-1	1.152E+0	5.904E-4
1.053E+0	1.146E+0	5.222E-4
1.128E+0	1.140E+0	4.626E-4
1.204E+0	1.134E+0	4.108E-4
1.280E+0	1.128E+0	3.671E-4
1.356E+0	1.122E+0	3.247E-4
1.431E+0	1.116E+0	2.892E-4
1.507E+0	1.110E+0	2.568E-4
1.583E+0	1.104E+0	2.248E-4
1.658E+0	1.098E+0	2.037E-4
1.734E+0	1.092E+0	1.770E-4
1.810E+0	1.086E+0	1.604E-4
1.885E+0	1.080E+0	1.463E-4
1.961E+0	1.074E+0	1.348E-4
2.037E+0	1.068E+0	1.220E-4
2.112E+0	1.062E+0	1.146E-4
2.188E+0	1.056E+0	1.047E-4
2.263E+0	1.050E+0	9.647E-5
2.399E+0	1.044E+0	9.458E-5
2.479E+0	1.038E+0	8.295E-5
2.567E+0	1.032E+0	7.526E-5
2.643E+0	1.026E+0	6.717E-5
2.718E+0	1.020E+0	6.449E-5
2.794E+0	1.014E+0	7.044E-5
2.869E+0	1.008E+0	5.675E-5
2.945E+0	1.002E+0	5.193E-5
3.021E+0	9.960E-1	6.139E-5
3.106E+0	9.900E-1	5.272E-5
3.183E+0	9.840E-1	5.530E-5
3.257E+0	9.780E-1	5.046E-5
3.331E+0	9.720E-1	4.645E-5
3.404E+0	9.660E-1	4.654E-5
3.478E+0	9.600E-1	4.588E-5
3.552E+0	9.540E-1	4.727E-5
3.626E+0	9.480E-1	4.055E-5
3.701E+0	9.420E-1	3.889E-5
3.778E+0	9.360E-1	3.740E-5
3.854E+0	9.300E-1	3.924E-5
3.930E+0	9.240E-1	3.983E-5
4.006E+0	9.180E-1	3.733E-5
4.082E+0	9.120E-1	3.231E-5
4.158E+0	9.060E-1	3.462E-5
4.234E+0	9.000E-1	3.900E-5
4.310E+0	8.940E-1	3.251E-5
4.386E+0	8.880E-1	2.926E-5
4.463E+0	8.820E-1	2.810E-5
4.539E+0	8.760E-1	3.332E-5
4.615E+0	8.700E-1	3.607E-5
4.691E+0	8.640E-1	3.085E-5
4.767E+0	8.580E-1	3.851E-5
4.843E+0	8.520E-1	2.898E-5
4.920E+0	8.460E-1	3.100E-5
4.995E+0	8.400E-1	2.884E-5
5.072E+0	8.340E-1	3.121E-5
5.148E+0	8.280E-1	2.823E-5
5.224E+0	8.220E-1	2.595E-5
5.300E+0	8.160E-1	2.479E-5
5.376E+0	8.100E-1	2.739E-5
5.452E+0	8.040E-1	2.827E-5
5.528E+0	7.980E-1	2.269E-5
5.604E+0	7.920E-1	2.666E-5
5.680E+0	7.860E-1	3.102E-5
5.757E+0	7.800E-1	2.540E-5
5.833E+0	7.740E-1	3.034E-5
5.909E+0	7.680E-1	3.202E-5
5.985E+0	7.620E-1	2.488E-5
6.061E+0	7.560E-1	2.837E-5
6.137E+0	7.500E-1	2.413E-5
6.213E+0	7.440E-1	2.663E-5
6.289E+0	7.380E-1	2.394E-5
6.365E+0	7.320E-1	2.552E-5
6.441E+0	7.260E-1	2.415E-5
6.517E+0	7.200E-1	2.391E-5
6.593E+0	7.140E-1	2.303E-5
6.670E+0	7.080E-1	2.179E-5
6.746E+0	7.020E-1	2.275E-5
6.821E+0	6.960E-1	2.591E-5
6.898E+0	6.900E-1	3.597E-5
6.974E+0	6.840E-1	3.471E-5
7.050E+0	6.780E-1	2.638E-5
7.126E+0	6.720E-1	2.391E-5
7.202E+0	6.660E-1	2.506E-5
7.278E+0	6.600E-1	2.559E-5
7.354E+0	6.540E-1	2.555E-5
7.430E+0	6.480E-1	2.345E-5
7.506E+0	6.420E-1	2.707E-5
7.582E+0	6.360E-1	2.643E-5
7.659E+0	6.300E-1	2.269E-5
7.735E+0	6.240E-1	2.102E-5
7.811E+0	6.180E-1	3.016E-5
7.887E+0	6.120E-1	2.298E-5
7.963E+0	6.060E-1	2.322E-5
8.039E+0	6.000E-1	2.234E-5
8.115E+0	5.940E-1	2.465E-5
8.191E+0	5.880E-1	2.486E-5
8.267E+0	5.820E-1	2.119E-5
8.343E+0	5.760E-1	2.101E-5
8.419E+0	5.700E-1	2.155E-5
8.495E+0	5.640E-1	2.103E-5
8.571E+0	5.580E-1	2.331E-5
8.647E+0	5.520E-1	2.646E-5
8.723E+0	5.460E-1	2.199E-5
8.799E+0	5.400E-1	2.220E-5
8.875E+0	5.340E-1	1.914E-5
8.951E+0	5.280E-1	2.071E-5
9.027E+0	5.220E-1	2.088E-5
9.103E+0	5.160E-1	2.110E-5
9.179E+0	5.100E-1	1.988E-5
9.255E+0	5.040E-1	2.364E-5
9.330E+0	4.980E-1	2.084E-5
9.407E+0	4.920E-1	2.085E-5
9.483E+0	4.860E-1	1.963E-5
9.559E+0	4.800E-1	1.803E-5
9.635E+0	4.740E-1	1.873E-5
9.711E+0	4.680E-1	1.884E-5
9.787E+0	4.620E-1	1.952E-5
9.863E+0	4.560E-1	1.576E-5
9.939E+0	4.500E-1	1.744E-5
1.002E+1	4.440E-1	1.692E-5
1.009E+1	4.380E-1	1.537E-5
1.017E+1	4.320E-1	1.703E-5
1.024E+1	4.260E-1	1.937E-5
1.032E+1	4.200E-1	1.643E-5
1.040E+1	4.140E-1	2.224E-5
1.047E+1	4.080E-1	2.158E-5
1.055E+1	4.020E-1	1.740E-5
1.062E+1	3.960E-1	1.480E-5
1.070E+1	3.900E-1	1.615E-5
1.078E+1	3.840E-1	1.416E-5
1.085E+1	3.780E-1	1.526E-5
1.093E+1	3.720E-1	1.494E-5
1.100E+1	3.660E-1	1.256E-5
1.108E+1	3.600E-1	1.484E-5
1.116E+1	3.540E-1	1.443E-5
1.123E+1	3.480E-1	1.388E-5
1.131E+1	3.420E-1	1.288E-5
1.138E+1	3.360E-1	1.394E-5
1.146E+1	3.300E-1	1.281E-5
1.154E+1	3.240E-1	1.324E-5
1.161E+1	3.180E-1	1.274E-5
1.169E+1	3.120E-1	1.224E-5
1.177E+1	3.060E-1	1.296E-5
1.184E+1	3.000E-1	1.220E-5
1.192E+1	2.940E-1	1.134E-5
1.199E+1	2.880E-1	1.093E-5
1.207E+1	2.820E-1	1.242E-5
1.214E+1	2.760E-1	1.145E-5
1.222E+1	2.700E-1	1.039E-5
1.230E+1	2.640E-1	1.157E-5
1.237E+1	2.580E-1	1.022E-5
1.245E+1	2.520E-1	9.780E-6
1.259E+1	2.460E-1	9.633E-6
1.279E+1	2.400E-1	9.401E-6
1.293E+1	2.340E-1	9.797E-6
1.301E+1	2.280E-1	9.460E-6
1.320E+1	2.220E-1	7.917E-6
1.334E+1	2.160E-1	8.376E-6
1.341E+1	2.100E-1	8.221E-6
1.349E+1	2.040E-1	8.006E-6
1.356E+1	1.980E-1	6.988E-6
1.364E+1	1.920E-1	7.575E-6
1.371E+1	1.860E-1	7.286E-6
1.379E+1	1.800E-1	9.022E-6
1.398E+1	1.740E-1	7.116E-6
1.413E+1	1.680E-1	7.299E-6
1.421E+1	1.620E-1	7.042E-6
1.429E+1	1.560E-1	8.029E-6
1.438E+1	1.500E-1	7.054E-6
1.446E+1	1.440E-1	6.704E-6
1.453E+1	1.380E-1	5.869E-6
1.461E+1	1.320E-1	5.802E-6
1.469E+1	1.260E-1	5.988E-6
1.476E+1	1.200E-1	5.806E-6
1.484E+1	1.140E-1	5.301E-6
1.491E+1	1.080E-1	4.961E-6
1.499E+1	1.020E-1	4.498E-6
1.507E+1	9.600E-2	4.615E-6
1.514E+1	9.000E-2	4.166E-6
1.522E+1	8.400E-2	3.821E-6
1.529E+1	7.800E-2	3.703E-6
1.537E+1	7.200E-2	3.668E-6
1.545E+1	6.600E-2	2.814E-6
1.552E+1	6.000E-2	2.868E-6
1.560E+1	5.400E-2	2.781E-6
1.568E+1	4.800E-2	2.643E-6
1.575E+1	4.200E-2	2.153E-6
1.583E+1	3.600E-2	1.897E-6
1.590E+1	3.000E-2	1.954E-6
1.598E+1	2.400E-2	1.480E-6
1.606E+1	1.800E-2	1.040E-6
1.632E+1	1.200E-2	5.474E-7
1.648E+1	6.000E-3	2.181E-7
1.656E+1	-1.039E-15	-1.269E-7
