1.240E-1	1.200E+0	1.763E-3
2.640E-1	1.194E+0	1.672E-3
3.380E-1	1.188E+0	1.584E-3
4.120E-1	1.182E+0	1.390E-3
6.010E-1	1.176E+0	1.175E-3
7.320E-1	1.170E+0	1.037E-3
8.130E-1	1.164E+0	8.494E-4
9.510E-1	1.158E+0	7.364E-4
1.032E+0	1.152E+0	6.332E-4
1.113E+0	1.146E+0	5.477E-4
1.194E+0	1.140E+0	4.714E-4
1.274E+0	1.134E+0	4.092E-4
1.355E+0	1.128E+0	3.538E-4
1.436E+0	1.122E+0	3.074E-4
1.524E+0	1.116E+0	2.682E-4
1.599E+0	1.110E+0	2.363E-4
1.675E+0	1.104E+0	2.077E-4
1.751E+0	1.098E+0	1.846E-4
1.827E+0	1.092E+0	1.640E-4
1.903E+0	1.086E+0	1.474E-4
1.978E+0	1.080E+0	1.330E-4
2.054E+0	1.074E+0	1.195E-4
2.130E+0	1.068E+0	1.084E-4
2.206E+0	1.062E+0	9.655E-5
2.341E+0	1.056E+0	8.901E-5
2.422E+0	1.050E+0	8.106E-5
2.510E+0	1.044E+0	7.488E-5
2.585E+0	1.038E+0	6.988E-5
2.661E+0	1.032E+0	6.543E-5
2.738E+0	1.026E+0	6.118E-5
2.814E+0	1.020E+0	5.699E-5
2.889E+0	1.014E+0	5.353E-5
2.965E+0	1.008E+0	5.071E-5
3.041E+0	1.002E+0	4.718E-5
3.116E+0	9.960E-1	4.633E-5
3.193E+0	9.900E-1	4.363E-5
3.269E+0	9.840E-1	4.242E-5
3.345E+0	9.780E-1	4.032E-5
3.421E+0	9.720E-1	3.774E-5
3.497E+0	9.660E-1	3.638E-5
3.574E+0	9.600E-1	3.431E-5
3.650E+0	9.540E-1	3.356E-5
3.726E+0	9.480E-1	3.260E-5
3.802E+0	9.420E-1	3.202E-5
3.878E+0	9.360E-1	3.073E-5
3.954E+0	9.300E-1	2.930E-5
4.030E+0	9.240E-1	2.927E-5
4.107E+0	9.180E-1	2.886E-5
4.183E+0	9.120E-1	2.806E-5
4.259E+0	9.060E-1	2.765E-5
4.335E+0	9.000E-1	2.727E-5
4.411E+0	8.940E-1	2.694E-5
4.488E+0	8.880E-1	2.626E-5
4.564E+0	8.820E-1	2.622E-5
4.640E+0	8.760E-1	2.566E-5
4.716E+0	8.700E-1	2.514E-5
4.792E+0	8.640E-1	2.457E-5
4.869E+0	8.580E-1	2.418E-5
4.945E+0	8.520E-1	2.361E-5
5.021E+0	8.460E-1	2.327E-5
5.097E+0	8.400E-1	2.245E-5
5.173E+0	8.340E-1	2.209E-5
5.249E+0	8.280E-1	2.141E-5
5.325E+0	8.220E-1	2.144E-5
5.401E+0	8.160E-1	2.081E-5
5.478E+0	8.100E-1	2.041E-5
5.554E+0	8.040E-1	2.087E-5
5.630E+0	7.980E-1	2.077E-5
5.706E+0	7.920E-1	2.030E-5
5.782E+0	7.860E-1	2.017E-5
5.858E+0	7.800E-1	2.026E-5
5.934E+0	7.740E-1	1.975E-5
6.011E+0	7.680E-1	1.927E-5
6.087E+0	7.620E-1	1.907E-5
6.163E+0	7.560E-1	1.909E-5
6.239E+0	7.500E-1	1.872E-5
6.315E+0	7.440E-1	1.846E-5
6.392E+0	7.380E-1	1.804E-5
6.468E+0	7.320E-1	1.738E-5
6.544E+0	7.260E-1	1.721E-5
6.620E+0	7.200E-1	1.723E-5
6.696E+0	7.140E-1	1.689E-5
6.773E+0	7.080E-1	1.655E-5
6.849E+0	7.020E-1	1.622E-5
6.925E+0	6.960E-1	1.609E-5
7.001E+0	6.900E-1	1.602E-5
7.077E+0	6.840E-1	1.574E-5
7.153E+0	6.780E-1	1.553E-5
7.230E+0	6.720E-1	1.537E-5
7.306E+0	6.660E-1	1.511E-5
7.382E+0	6.600E-1	1.474E-5
7.458E+0	6.540E-1	1.457E-5
7.534E+0	6.480E-1	1.425E-5
7.610E+0	6.420E-1	1.416E-5
7.686E+0	6.360E-1	1.407E-5
7.762E+0	6.300E-1	1.394E-5
7.838E+0	6.240E-1	1.377E-5
7.914E+0	6.180E-1	1.401E-5
7.990E+0	6.120E-1	1.411E-5
8.066E+0	6.060E-1	1.363E-5
8.142E+0	6.000E-1	1.374E-5
8.218E+0	5.940E-1	1.358E-5
8.294E+0	5.880E-1	1.330E-5
8.370E+0	5.820E-1	1.326E-5
8.446E+0	5.760E-1	1.268E-5
8.523E+0	5.700E-1	1.268E-5
8.599E+0	5.640E-1	1.245E-5
8.675E+0	5.580E-1	1.235E-5
8.751E+0	5.520E-1	1.224E-5
8.827E+0	5.460E-1	1.208E-5
8.903E+0	5.400E-1	1.181E-5
8.979E+0	5.340E-1	1.171E-5
9.055E+0	5.280E-1	1.140E-5
9.131E+0	5.220E-1	1.119E-5
9.207E+0	5.160E-1	1.091E-5
9.283E+0	5.100E-1	1.068E-5
9.359E+0	5.040E-1	1.052E-5
9.435E+0	4.980E-1	1.031E-5
9.511E+0	4.920E-1	1.006E-5
9.587E+0	4.860E-1	9.871E-6
9.727E+0	4.800E-1	9.400E-6
9.814E+0	4.740E-1	8.749E-6
9.891E+0	4.680E-1	8.526E-6
9.967E+0	4.620E-1	8.274E-6
1.004E+1	4.560E-1	8.107E-6
1.012E+1	4.500E-1	8.097E-6
1.020E+1	4.440E-1	8.020E-6
1.027E+1	4.380E-1	7.935E-6
1.035E+1	4.320E-1	7.759E-6
1.042E+1	4.260E-1	7.735E-6
1.050E+1	4.200E-1	7.483E-6
1.058E+1	4.140E-1	7.124E-6
1.065E+1	4.080E-1	7.159E-6
1.073E+1	4.020E-1	7.010E-6
1.080E+1	3.960E-1	7.262E-6
1.088E+1	3.900E-1	7.285E-6
1.096E+1	3.840E-1	6.723E-6
1.103E+1	3.780E-1	6.364E-6
1.111E+1	3.720E-1	6.426E-6
1.119E+1	3.660E-1	6.349E-6
1.126E+1	3.600E-1	6.046E-6
1.134E+1	3.540E-1	6.054E-6
1.141E+1	3.480E-1	5.994E-6
1.149E+1	3.420E-1	5.871E-6
1.157E+1	3.360E-1	5.705E-6
1.164E+1	3.300E-1	5.700E-6
1.172E+1	3.240E-1	5.490E-6
1.179E+1	3.180E-1	5.387E-6
1.187E+1	3.120E-1	5.210E-6
1.195E+1	3.060E-1	5.071E-6
1.202E+1	3.000E-1	4.988E-6
1.210E+1	2.940E-1	4.883E-6
1.217E+1	2.880E-1	4.753E-6
1.225E+1	2.820E-1	4.654E-6
1.233E+1	2.760E-1	4.626E-6
1.240E+1	2.700E-1	4.482E-6
1.248E+1	2.640E-1	4.298E-6
1.255E+1	2.580E-1	4.161E-6
1.263E+1	2.520E-1	3.663E-6
1.271E+1	2.460E-1	3.101E-6
1.278E+1	2.400E-1	3.165E-6
1.286E+1	2.340E-1	2.929E-6
1.294E+1	2.280E-1	2.643E-6
1.301E+1	2.220E-1	2.562E-6
1.309E+1	2.160E-1	2.498E-6
1.316E+1	2.100E-1	2.432E-6
1.324E+1	2.040E-1	2.393E-6
1.332E+1	1.980E-1	2.098E-6
1.339E+1	1.920E-1	1.950E-6
1.347E+1	1.860E-1	1.938E-6
1.354E+1	1.800E-1	1.895E-6
1.362E+1	1.740E-1	1.888E-6
1.370E+1	1.680E-1	1.689E-6
1.377E+1	1.620E-1	1.610E-6
1.385E+1	1.560E-1	1.581E-6
1.393E+1	1.500E-1	1.410E-6
1.400E+1	1.440E-1	1.290E-6
1.408E+1	1.380E-1	1.243E-6
1.415E+1	1.320E-1	1.151E-6
1.423E+1	1.260E-1	1.085E-6
1.431E+1	1.200E-1	1.030E-6
1.439E+1	1.140E-1	9.552E-7
1.454E+1	1.080E-1	9.320E-7
1.461E+1	1.020E-1	9.507E-7
1.469E+1	9.600E-2	8.369E-7
1.477E+1	9.000E-2	7.773E-7
1.484E+1	8.400E-2	7.143E-7
1.492E+1	7.800E-2	6.453E-7
1.499E+1	7.200E-2	5.578E-7
1.507E+1	6.600E-2	5.098E-7
1.514E+1	6.000E-2	4.633E-7
1.522E+1	5.400E-2	4.090E-7
1.530E+1	4.800E-2	3.492E-7
1.537E+1	4.200E-2	2.946E-7
1.545E+1	3.600E-2	2.185E-7
1.552E+1	3.000E-2	1.697E-7
1.560E+1	2.400E-2	1.123E-7
1.568E+1	1.800E-2	5.490E-8
1.575E+1	1.200E-2	-1.323E-9
1.583E+1	6.000E-3	-5.455E-8
1.590E+1	-1.039E-15	-1.062E-7
