1.240E-1	1.200E+0	1.047E-3
3.810E-1	1.194E+0	9.056E-4
5.120E-1	1.188E+0	7.924E-4
5.930E-1	1.182E+0	6.909E-4
6.740E-1	1.176E+0	6.042E-4
7.620E-1	1.170E+0	5.302E-4
8.380E-1	1.164E+0	4.616E-4
9.140E-1	1.158E+0	4.081E-4
9.890E-1	1.152E+0	3.552E-4
1.065E+0	1.146E+0	3.119E-4
1.141E+0	1.140E+0	2.743E-4
1.217E+0	1.134E+0	2.392E-4
1.293E+0	1.128E+0	2.083E-4
1.368E+0	1.122E+0	1.821E-4
1.444E+0	1.116E+0	1.601E-4
1.520E+0	1.110E+0	1.424E-4
1.596E+0	1.104E+0	1.236E-4
1.671E+0	1.098E+0	1.102E-4
1.747E+0	1.092E+0	9.196E-5
1.883E+0	1.086E+0	7.477E-5
1.964E+0	1.080E+0	6.304E-5
2.052E+0	1.074E+0	5.169E-5
2.128E+0	1.068E+0	4.004E-5
2.204E+0	1.062E+0	2.983E-5
2.280E+0	1.056E+0	2.102E-5
2.355E+0	1.050E+0	1.134E-5
2.431E+0	1.044E+0	6.291E-6
2.571E+0	1.038E+0	-2.291E-6
2.656E+0	1.032E+0	-1.332E-5
2.851E+0	1.026E+0	-2.384E-5
2.925E+0	1.020E+0	-3.275E-5
2.998E+0	1.014E+0	-4.104E-5
3.072E+0	1.008E+0	-4.934E-5
3.146E+0	1.002E+0	-5.789E-5
3.219E+0	9.960E-1	-6.524E-5
3.293E+0	9.900E-1	-7.392E-5
3.367E+0	9.840E-1	-8.040E-5
3.440E+0	9.780E-1	-8.845E-5
3.514E+0	9.720E-1	-9.863E-5
3.588E+0	9.660E-1	-1.049E-4
3.662E+0	9.600E-1	-1.147E-4
3.851E+0	9.540E-1	-1.214E-4
3.939E+0	9.480E-1	-1.304E-4
4.015E+0	9.420E-1	-1.396E-4
4.091E+0	9.360E-1	-1.462E-4
4.167E+0	9.300E-1	-1.542E-4
4.243E+0	9.240E-1	-1.543E-4
4.319E+0	9.180E-1	-1.612E-4
4.396E+0	9.120E-1	-1.678E-4
4.472E+0	9.060E-1	-1.752E-4
4.548E+0	9.000E-1	-1.815E-4
4.624E+0	8.940E-1	-1.874E-4
4.700E+0	8.880E-1	-1.938E-4
4.776E+0	8.820E-1	-1.986E-4
4.852E+0	8.760E-1	-2.039E-4
4.928E+0	8.700E-1	-2.084E-4
5.005E+0	8.640E-1	-2.136E-4
5.081E+0	8.580E-1	-2.196E-4
5.157E+0	8.520E-1	-2.251E-4
5.233E+0	8.460E-1	-2.282E-4
5.309E+0	8.400E-1	-2.319E-4
5.385E+0	8.340E-1	-2.360E-4
5.461E+0	8.280E-1	-2.393E-4
5.537E+0	8.220E-1	-2.432E-4
5.613E+0	8.160E-1	-2.465E-4
5.689E+0	8.100E-1	-2.498E-4
5.765E+0	8.040E-1	-2.525E-4
5.841E+0	7.980E-1	-2.571E-4
5.917E+0	7.920E-1	-2.586E-4
5.993E+0	7.860E-1	-2.609E-4
6.069E+0	7.800E-1	-2.635E-4
6.145E+0	7.740E-1	-2.650E-4
6.222E+0	7.680E-1	-2.671E-4
6.298E+0	7.620E-1	-2.694E-4
6.374E+0	7.560E-1	-2.717E-4
6.450E+0	7.500E-1	-2.735E-4
6.526E+0	7.440E-1	-2.748E-4
6.602E+0	7.380E-1	-2.763E-4
6.679E+0	7.320E-1	-2.789E-4
6.755E+0	7.260E-1	-2.800E-4
6.831E+0	7.200E-1	-2.819E-4
6.907E+0	7.140E-1	-2.835E-4
6.983E+0	7.080E-1	-2.846E-4
7.059E+0	7.020E-1	-2.857E-4
7.135E+0	6.960E-1	-2.871E-4
7.211E+0	6.900E-1	-2.887E-4
7.288E+0	6.840E-1	-2.901E-4
7.364E+0	6.780E-1	-2.910E-4
7.440E+0	6.720E-1	-2.927E-4
7.516E+0	6.660E-1	-2.925E-4
7.592E+0	6.600E-1	-2.938E-4
7.668E+0	6.540E-1	-2.952E-4
7.744E+0	6.480E-1	-2.962E-4
7.820E+0	6.420E-1	-2.971E-4
7.896E+0	6.360E-1	-2.996E-4
7.973E+0	6.300E-1	-2.994E-4
8.049E+0	6.240E-1	-3.014E-4
8.125E+0	6.180E-1	-3.027E-4
8.200E+0	6.120E-1	-3.031E-4
8.276E+0	6.060E-1	-3.043E-4
8.352E+0	6.000E-1	-3.060E-4
8.428E+0	5.940E-1	-3.082E-4
8.504E+0	5.880E-1	-3.089E-4
8.580E+0	5.820E-1	-3.094E-4
8.656E+0	5.760E-1	-3.101E-4
8.732E+0	5.700E-1	-3.107E-4
8.808E+0	5.640E-1	-3.122E-4
8.884E+0	5.580E-1	-3.132E-4
8.960E+0	5.520E-1	-3.137E-4
9.036E+0	5.460E-1	-3.157E-4
9.112E+0	5.400E-1	-3.169E-4
9.188E+0	5.340E-1	-3.180E-4
9.263E+0	5.280E-1	-3.206E-4
9.339E+0	5.220E-1	-3.209E-4
9.415E+0	5.160E-1	-3.221E-4
9.491E+0	5.100E-1	-3.228E-4
9.567E+0	5.040E-1	-3.244E-4
9.643E+0	4.980E-1	-3.246E-4
9.719E+0	4.920E-1	-3.259E-4
9.795E+0	4.860E-1	-3.268E-4
9.872E+0	4.800E-1	-3.274E-4
9.948E+0	4.740E-1	-3.283E-4
1.003E+1	4.680E-1	-3.287E-4
1.010E+1	4.620E-1	-3.300E-4
1.018E+1	4.560E-1	-3.309E-4
1.025E+1	4.500E-1	-3.317E-4
1.033E+1	4.440E-1	-3.319E-4
1.040E+1	4.380E-1	-3.329E-4
1.048E+1	4.320E-1	-3.336E-4
1.056E+1	4.260E-1	-3.342E-4
1.063E+1	4.200E-1	-3.347E-4
1.071E+1	4.140E-1	-3.356E-4
1.079E+1	4.080E-1	-3.356E-4
1.086E+1	4.020E-1	-3.370E-4
1.094E+1	3.960E-1	-3.377E-4
1.101E+1	3.900E-1	-3.383E-4
1.109E+1	3.840E-1	-3.390E-4
1.116E+1	3.780E-1	-3.395E-4
1.124E+1	3.720E-1	-3.404E-4
1.132E+1	3.660E-1	-3.407E-4
1.139E+1	3.600E-1	-3.415E-4
1.147E+1	3.540E-1	-3.420E-4
1.155E+1	3.480E-1	-3.424E-4
1.162E+1	3.420E-1	-3.432E-4
1.170E+1	3.360E-1	-3.434E-4
1.177E+1	3.300E-1	-3.446E-4
1.185E+1	3.240E-1	-3.449E-4
1.193E+1	3.180E-1	-3.460E-4
1.200E+1	3.120E-1	-3.464E-4
1.208E+1	3.060E-1	-3.465E-4
1.215E+1	3.000E-1	-3.476E-4
1.223E+1	2.940E-1	-3.480E-4
1.230E+1	2.880E-1	-3.485E-4
1.238E+1	2.820E-1	-3.490E-4
1.246E+1	2.760E-1	-3.491E-4
1.253E+1	2.700E-1	-3.496E-4
1.261E+1	2.640E-1	-3.509E-4
1.269E+1	2.580E-1	-3.514E-4
1.276E+1	2.520E-1	-3.520E-4
1.284E+1	2.460E-1	-3.525E-4
1.291E+1	2.400E-1	-3.532E-4
1.299E+1	2.340E-1	-3.539E-4
1.307E+1	2.280E-1	-3.547E-4
1.314E+1	2.220E-1	-3.547E-4
1.322E+1	2.160E-1	-3.553E-4
1.329E+1	2.100E-1	-3.561E-4
1.337E+1	2.040E-1	-3.560E-4
1.345E+1	1.980E-1	-3.568E-4
1.352E+1	1.920E-1	-3.574E-4
1.360E+1	1.860E-1	-3.583E-4
1.367E+1	1.800E-1	-3.585E-4
1.375E+1	1.740E-1	-3.590E-4
1.383E+1	1.680E-1	-3.598E-4
1.390E+1	1.620E-1	-3.606E-4
1.398E+1	1.560E-1	-3.610E-4
1.405E+1	1.500E-1	-3.614E-4
1.413E+1	1.440E-1	-3.624E-4
1.421E+1	1.380E-1	-3.631E-4
1.428E+1	1.320E-1	-3.635E-4
1.436E+1	1.260E-1	-3.641E-4
1.443E+1	1.200E-1	-3.646E-4
1.451E+1	1.140E-1	-3.652E-4
1.459E+1	1.080E-1	-3.661E-4
1.466E+1	1.020E-1	-3.669E-4
1.474E+1	9.600E-2	-3.674E-4
1.481E+1	9.000E-2	-3.680E-4
1.489E+1	8.400E-2	-3.685E-4
1.497E+1	7.800E-2	-3.690E-4
1.504E+1	7.200E-2	-3.697E-4
1.512E+1	6.600E-2	-3.704E-4
1.520E+1	6.000E-2	-3.710E-4
1.527E+1	5.400E-2	-3.714E-4
1.535E+1	4.800E-2	-3.717E-4
1.542E+1	4.200E-2	-3.719E-4
1.550E+1	3.600E-2	-3.726E-4
1.558E+1	3.000E-2	-3.731E-4
1.565E+1	2.400E-2	-3.739E-4
1.573E+1	1.800E-2	-3.744E-4
1.580E+1	1.200E-2	-3.751E-4
1.588E+1	6.000E-3	-3.759E-4
1.596E+1	-1.039E-15	-3.764E-4
