1.240E-1	1.200E+0	4.365E-4
2.640E-1	1.194E+0	3.726E-4
3.380E-1	1.188E+0	3.141E-4
4.110E-1	1.182E+0	2.673E-4
4.850E-1	1.176E+0	2.257E-4
5.590E-1	1.170E+0	1.919E-4
6.330E-1	1.164E+0	1.611E-4
7.070E-1	1.158E+0	1.357E-4
7.800E-1	1.152E+0	1.121E-4
8.540E-1	1.146E+0	9.413E-5
9.900E-1	1.140E+0	7.361E-5
1.063E+0	1.134E+0	5.727E-5
1.137E+0	1.128E+0	4.129E-5
1.215E+0	1.122E+0	2.746E-5
1.291E+0	1.116E+0	1.339E-5
1.367E+0	1.110E+0	3.102E-6
1.634E+0	1.104E+0	-9.267E-6
1.829E+0	1.098E+0	-2.298E-5
1.903E+0	1.092E+0	-3.566E-5
1.976E+0	1.086E+0	-4.785E-5
2.050E+0	1.080E+0	-5.883E-5
2.124E+0	1.074E+0	-7.078E-5
2.198E+0	1.068E+0	-8.124E-5
2.271E+0	1.062E+0	-9.265E-5
2.345E+0	1.056E+0	-1.026E-4
2.418E+0	1.050E+0	-1.119E-4
2.607E+0	1.044E+0	-1.214E-4
2.681E+0	1.038E+0	-1.316E-4
2.755E+0	1.032E+0	-1.404E-4
2.828E+0	1.026E+0	-1.495E-4
2.902E+0	1.020E+0	-1.573E-4
2.975E+0	1.014E+0	-1.657E-4
3.049E+0	1.008E+0	-1.726E-4
3.123E+0	1.002E+0	-1.800E-4
3.196E+0	9.960E-1	-1.863E-4
3.270E+0	9.900E-1	-1.927E-4
3.344E+0	9.840E-1	-1.982E-4
3.418E+0	9.780E-1	-2.041E-4
3.492E+0	9.720E-1	-2.092E-4
3.565E+0	9.660E-1	-2.138E-4
3.639E+0	9.600E-1	-2.188E-4
3.713E+0	9.540E-1	-2.225E-4
3.787E+0	9.480E-1	-2.267E-4
3.860E+0	9.420E-1	-2.303E-4
3.934E+0	9.360E-1	-2.338E-4
4.008E+0	9.300E-1	-2.369E-4
4.082E+0	9.240E-1	-2.402E-4
4.156E+0	9.180E-1	-2.430E-4
4.229E+0	9.120E-1	-2.458E-4
4.303E+0	9.060E-1	-2.482E-4
4.377E+0	9.000E-1	-2.510E-4
4.451E+0	8.940E-1	-2.532E-4
4.527E+0	8.880E-1	-2.556E-4
4.603E+0	8.820E-1	-2.575E-4
4.679E+0	8.760E-1	-2.597E-4
4.756E+0	8.700E-1	-2.613E-4
4.832E+0	8.640E-1	-2.635E-4
4.908E+0	8.580E-1	-2.653E-4
4.984E+0	8.520E-1	-2.666E-4
5.060E+0	8.460E-1	-2.681E-4
5.136E+0	8.400E-1	-2.694E-4
5.213E+0	8.340E-1	-2.709E-4
5.289E+0	8.280E-1	-2.720E-4
5.365E+0	8.220E-1	-2.732E-4
5.441E+0	8.160E-1	-2.743E-4
5.517E+0	8.100E-1	-2.756E-4
5.593E+0	8.040E-1	-2.766E-4
5.670E+0	7.980E-1	-2.777E-4
5.746E+0	7.920E-1	-2.785E-4
5.822E+0	7.860E-1	-2.794E-4
5.898E+0	7.800E-1	-2.803E-4
5.975E+0	7.740E-1	-2.809E-4
6.051E+0	7.680E-1	-2.816E-4
6.127E+0	7.620E-1	-2.825E-4
6.204E+0	7.560E-1	-2.831E-4
6.280E+0	7.500E-1	-2.836E-4
6.356E+0	7.440E-1	-2.843E-4
6.432E+0	7.380E-1	-2.852E-4
6.508E+0	7.320E-1	-2.858E-4
6.585E+0	7.260E-1	-2.864E-4
6.661E+0	7.200E-1	-2.871E-4
6.737E+0	7.140E-1	-2.874E-4
6.813E+0	7.080E-1	-2.880E-4
6.889E+0	7.020E-1	-2.884E-4
6.965E+0	6.960E-1	-2.889E-4
7.042E+0	6.900E-1	-2.894E-4
7.118E+0	6.840E-1	-2.900E-4
7.194E+0	6.780E-1	-2.903E-4
7.270E+0	6.720E-1	-2.909E-4
7.347E+0	6.660E-1	-2.913E-4
7.423E+0	6.600E-1	-2.917E-4
7.499E+0	6.540E-1	-2.922E-4
7.575E+0	6.480E-1	-2.927E-4
7.652E+0	6.420E-1	-2.932E-4
7.728E+0	6.360E-1	-2.935E-4
7.804E+0	6.300E-1	-2.940E-4
7.880E+0	6.240E-1	-2.943E-4
7.956E+0	6.180E-1	-2.946E-4
8.032E+0	6.120E-1	-2.948E-4
8.108E+0	6.060E-1	-2.954E-4
8.184E+0	6.000E-1	-2.956E-4
8.260E+0	5.940E-1	-2.962E-4
8.336E+0	5.880E-1	-2.965E-4
8.412E+0	5.820E-1	-2.968E-4
8.489E+0	5.760E-1	-2.972E-4
8.565E+0	5.700E-1	-2.975E-4
8.641E+0	5.640E-1	-2.976E-4
8.717E+0	5.580E-1	-2.981E-4
8.793E+0	5.520E-1	-2.983E-4
8.869E+0	5.460E-1	-2.987E-4
8.946E+0	5.400E-1	-2.990E-4
9.022E+0	5.340E-1	-2.994E-4
9.098E+0	5.280E-1	-2.997E-4
9.174E+0	5.220E-1	-2.999E-4
9.250E+0	5.160E-1	-2.998E-4
9.326E+0	5.100E-1	-3.000E-4
9.403E+0	5.040E-1	-3.006E-4
9.479E+0	4.980E-1	-3.006E-4
9.555E+0	4.920E-1	-3.010E-4
9.631E+0	4.860E-1	-3.008E-4
9.707E+0	4.800E-1	-3.016E-4
9.783E+0	4.740E-1	-3.021E-4
9.860E+0	4.680E-1	-3.021E-4
9.936E+0	4.620E-1	-3.024E-4
1.001E+1	4.560E-1	-3.028E-4
1.009E+1	4.500E-1	-3.029E-4
1.016E+1	4.440E-1	-3.033E-4
1.024E+1	4.380E-1	-3.035E-4
1.032E+1	4.320E-1	-3.039E-4
1.039E+1	4.260E-1	-3.042E-4
1.047E+1	4.200E-1	-3.045E-4
1.054E+1	4.140E-1	-3.045E-4
1.062E+1	4.080E-1	-3.046E-4
1.070E+1	4.020E-1	-3.050E-4
1.077E+1	3.960E-1	-3.050E-4
1.085E+1	3.900E-1	-3.054E-4
1.092E+1	3.840E-1	-3.056E-4
1.100E+1	3.780E-1	-3.061E-4
1.108E+1	3.720E-1	-3.060E-4
1.115E+1	3.660E-1	-3.062E-4
1.123E+1	3.600E-1	-3.063E-4
1.130E+1	3.540E-1	-3.066E-4
1.138E+1	3.480E-1	-3.070E-4
1.146E+1	3.420E-1	-3.073E-4
1.153E+1	3.360E-1	-3.074E-4
1.161E+1	3.300E-1	-3.076E-4
1.169E+1	3.240E-1	-3.079E-4
1.176E+1	3.180E-1	-3.081E-4
1.184E+1	3.120E-1	-3.079E-4
1.191E+1	3.060E-1	-3.081E-4
1.199E+1	3.000E-1	-3.085E-4
1.206E+1	2.940E-1	-3.087E-4
1.214E+1	2.880E-1	-3.092E-4
1.222E+1	2.820E-1	-3.093E-4
1.229E+1	2.760E-1	-3.094E-4
1.237E+1	2.700E-1	-3.095E-4
1.245E+1	2.640E-1	-3.096E-4
1.252E+1	2.580E-1	-3.097E-4
1.260E+1	2.520E-1	-3.098E-4
1.267E+1	2.460E-1	-3.095E-4
1.275E+1	2.400E-1	-3.100E-4
1.283E+1	2.340E-1	-3.098E-4
1.290E+1	2.280E-1	-3.106E-4
1.298E+1	2.220E-1	-3.105E-4
1.305E+1	2.160E-1	-3.112E-4
1.313E+1	2.100E-1	-3.112E-4
1.321E+1	2.040E-1	-3.112E-4
1.328E+1	1.980E-1	-3.114E-4
1.336E+1	1.920E-1	-3.114E-4
1.344E+1	1.860E-1	-3.118E-4
1.351E+1	1.800E-1	-3.118E-4
1.359E+1	1.740E-1	-3.123E-4
1.366E+1	1.680E-1	-3.121E-4
1.374E+1	1.620E-1	-3.123E-4
1.382E+1	1.560E-1	-3.125E-4
1.389E+1	1.500E-1	-3.127E-4
1.397E+1	1.440E-1	-3.130E-4
1.404E+1	1.380E-1	-3.131E-4
1.412E+1	1.320E-1	-3.133E-4
1.420E+1	1.260E-1	-3.135E-4
1.427E+1	1.200E-1	-3.136E-4
1.435E+1	1.140E-1	-3.140E-4
1.442E+1	1.080E-1	-3.140E-4
1.450E+1	1.020E-1	-3.142E-4
1.458E+1	9.600E-2	-3.142E-4
1.465E+1	9.000E-2	-3.142E-4
1.473E+1	8.400E-2	-3.145E-4
1.480E+1	7.800E-2	-3.145E-4
1.488E+1	7.200E-2	-3.148E-4
1.496E+1	6.600E-2	-3.152E-4
1.503E+1	6.000E-2	-3.150E-4
1.511E+1	5.400E-2	-3.157E-4
1.519E+1	4.800E-2	-3.155E-4
1.526E+1	4.200E-2	-3.159E-4
1.534E+1	3.600E-2	-3.157E-4
1.541E+1	3.000E-2	-3.162E-4
1.549E+1	2.400E-2	-3.162E-4
1.557E+1	1.800E-2	-3.165E-4
1.564E+1	1.200E-2	-3.166E-4
1.572E+1	6.000E-3	-3.169E-4
1.579E+1	-1.039E-15	-3.171E-4
