1.250E-1	1.200E+0	1.050E-3
2.650E-1	1.194E+0	8.711E-4
3.390E-1	1.188E+0	7.165E-4
4.120E-1	1.182E+0	5.947E-4
4.860E-1	1.176E+0	4.921E-4
5.600E-1	1.170E+0	4.106E-4
6.340E-1	1.164E+0	3.410E-4
7.070E-1	1.158E+0	2.857E-4
7.810E-1	1.152E+0	2.384E-4
8.550E-1	1.146E+0	2.011E-4
9.280E-1	1.140E+0	1.691E-4
1.002E+0	1.134E+0	1.439E-4
1.076E+0	1.128E+0	1.222E-4
1.149E+0	1.122E+0	1.050E-4
1.223E+0	1.116E+0	8.865E-5
1.359E+0	1.110E+0	7.736E-5
1.440E+0	1.104E+0	6.734E-5
1.528E+0	1.098E+0	5.947E-5
1.604E+0	1.092E+0	5.257E-5
1.680E+0	1.086E+0	4.677E-5
1.756E+0	1.080E+0	4.209E-5
1.832E+0	1.074E+0	3.790E-5
1.908E+0	1.068E+0	3.447E-5
1.984E+0	1.062E+0	3.136E-5
2.059E+0	1.056E+0	2.877E-5
2.135E+0	1.050E+0	2.639E-5
2.211E+0	1.044E+0	2.437E-5
2.287E+0	1.038E+0	2.247E-5
2.363E+0	1.032E+0	2.084E-5
2.438E+0	1.026E+0	1.931E-5
2.514E+0	1.020E+0	1.796E-5
2.590E+0	1.014E+0	1.668E-5
2.666E+0	1.008E+0	1.554E-5
2.742E+0	1.002E+0	1.445E-5
2.817E+0	9.960E-1	1.349E-5
2.894E+0	9.900E-1	1.255E-5
2.970E+0	9.840E-1	1.171E-5
3.046E+0	9.780E-1	1.091E-5
3.122E+0	9.720E-1	1.017E-5
3.199E+0	9.660E-1	9.414E-6
3.339E+0	9.600E-1	8.825E-6
3.426E+0	9.540E-1	8.280E-6
3.505E+0	9.480E-1	7.733E-6
3.579E+0	9.420E-1	7.243E-6
3.654E+0	9.360E-1	6.796E-6
3.729E+0	9.300E-1	6.369E-6
3.804E+0	9.240E-1	5.956E-6
3.880E+0	9.180E-1	5.600E-6
3.957E+0	9.120E-1	5.245E-6
4.033E+0	9.060E-1	4.941E-6
4.109E+0	9.000E-1	4.654E-6
4.185E+0	8.940E-1	4.393E-6
4.262E+0	8.880E-1	4.142E-6
4.338E+0	8.820E-1	3.913E-6
4.414E+0	8.760E-1	3.696E-6
4.490E+0	8.700E-1	3.505E-6
4.567E+0	8.640E-1	3.313E-6
4.643E+0	8.580E-1	3.139E-6
4.727E+0	8.520E-1	2.988E-6
4.801E+0	8.460E-1	2.854E-6
4.876E+0	8.400E-1	2.739E-6
4.951E+0	8.340E-1	2.599E-6
5.026E+0	8.280E-1	2.498E-6
5.101E+0	8.220E-1	2.386E-6
5.176E+0	8.160E-1	2.285E-6
5.251E+0	8.100E-1	2.184E-6
5.326E+0	8.040E-1	2.088E-6
5.402E+0	7.980E-1	2.012E-6
5.478E+0	7.920E-1	1.940E-6
5.555E+0	7.860E-1	1.854E-6
5.631E+0	7.800E-1	1.793E-6
5.707E+0	7.740E-1	1.724E-6
5.784E+0	7.680E-1	1.671E-6
5.860E+0	7.620E-1	1.614E-6
5.936E+0	7.560E-1	1.552E-6
6.013E+0	7.500E-1	1.504E-6
6.089E+0	7.440E-1	1.446E-6
6.165E+0	7.380E-1	1.405E-6
6.241E+0	7.320E-1	1.351E-6
6.317E+0	7.260E-1	1.316E-6
6.394E+0	7.200E-1	1.276E-6
6.470E+0	7.140E-1	1.232E-6
6.546E+0	7.080E-1	1.196E-6
6.622E+0	7.020E-1	1.161E-6
6.698E+0	6.960E-1	1.119E-6
6.774E+0	6.900E-1	1.094E-6
6.851E+0	6.840E-1	1.057E-6
6.927E+0	6.780E-1	1.033E-6
7.003E+0	6.720E-1	1.001E-6
7.150E+0	6.660E-1	9.655E-7
7.226E+0	6.600E-1	9.342E-7
7.303E+0	6.540E-1	9.071E-7
7.379E+0	6.480E-1	8.826E-7
7.455E+0	6.420E-1	8.497E-7
7.531E+0	6.360E-1	8.266E-7
7.607E+0	6.300E-1	8.025E-7
7.684E+0	6.240E-1	7.760E-7
7.760E+0	6.180E-1	7.584E-7
7.836E+0	6.120E-1	7.342E-7
7.912E+0	6.060E-1	7.122E-7
7.988E+0	6.000E-1	6.905E-7
8.064E+0	5.940E-1	6.803E-7
8.141E+0	5.880E-1	6.598E-7
8.217E+0	5.820E-1	6.350E-7
8.293E+0	5.760E-1	6.127E-7
8.369E+0	5.700E-1	5.956E-7
8.446E+0	5.640E-1	5.789E-7
8.522E+0	5.580E-1	5.616E-7
8.598E+0	5.520E-1	5.450E-7
8.674E+0	5.460E-1	5.215E-7
8.751E+0	5.400E-1	5.055E-7
8.827E+0	5.340E-1	4.898E-7
8.903E+0	5.280E-1	4.712E-7
8.979E+0	5.220E-1	4.523E-7
9.055E+0	5.160E-1	4.416E-7
9.132E+0	5.100E-1	4.269E-7
9.208E+0	5.040E-1	4.126E-7
9.284E+0	4.980E-1	4.007E-7
9.360E+0	4.920E-1	3.875E-7
9.437E+0	4.860E-1	3.721E-7
9.513E+0	4.800E-1	3.525E-7
9.589E+0	4.740E-1	3.422E-7
9.666E+0	4.680E-1	3.348E-7
9.742E+0	4.620E-1	3.237E-7
9.818E+0	4.560E-1	3.061E-7
9.894E+0	4.500E-1	2.941E-7
9.971E+0	4.440E-1	2.822E-7
1.005E+1	4.380E-1	2.728E-7
1.012E+1	4.320E-1	2.594E-7
1.020E+1	4.260E-1	2.506E-7
1.028E+1	4.200E-1	2.401E-7
1.035E+1	4.140E-1	2.342E-7
1.043E+1	4.080E-1	2.198E-7
1.050E+1	4.020E-1	2.097E-7
1.058E+1	3.960E-1	1.984E-7
1.066E+1	3.900E-1	1.937E-7
1.073E+1	3.840E-1	1.832E-7
1.081E+1	3.780E-1	1.724E-7
1.089E+1	3.720E-1	1.681E-7
1.096E+1	3.660E-1	1.613E-7
1.104E+1	3.600E-1	1.523E-7
1.112E+1	3.540E-1	1.456E-7
1.119E+1	3.480E-1	1.411E-7
1.127E+1	3.420E-1	1.303E-7
1.134E+1	3.360E-1	1.235E-7
1.142E+1	3.300E-1	1.161E-7
1.150E+1	3.240E-1	1.065E-7
1.157E+1	3.180E-1	1.029E-7
1.165E+1	3.120E-1	9.926E-8
1.172E+1	3.060E-1	9.356E-8
1.180E+1	3.000E-1	8.577E-8
1.188E+1	2.940E-1	7.843E-8
1.195E+1	2.880E-1	7.542E-8
1.203E+1	2.820E-1	6.990E-8
1.211E+1	2.760E-1	6.072E-8
1.218E+1	2.700E-1	5.679E-8
1.226E+1	2.640E-1	5.509E-8
1.234E+1	2.580E-1	4.424E-8
1.241E+1	2.520E-1	4.429E-8
1.249E+1	2.460E-1	3.985E-8
1.256E+1	2.400E-1	3.365E-8
1.264E+1	2.340E-1	3.061E-8
1.272E+1	2.280E-1	2.702E-8
1.279E+1	2.220E-1	2.008E-8
1.287E+1	2.160E-1	1.618E-8
1.294E+1	2.100E-1	1.348E-8
1.302E+1	2.040E-1	9.963E-9
1.310E+1	1.980E-1	6.672E-9
1.317E+1	1.920E-1	3.963E-9
1.325E+1	1.860E-1	-8.784E-10
1.332E+1	1.800E-1	-2.751E-9
1.340E+1	1.740E-1	-8.454E-9
1.348E+1	1.680E-1	-8.368E-9
1.355E+1	1.620E-1	-1.202E-8
1.363E+1	1.560E-1	-1.558E-8
1.371E+1	1.500E-1	-1.832E-8
1.378E+1	1.440E-1	-2.122E-8
1.386E+1	1.380E-1	-2.346E-8
1.393E+1	1.320E-1	-2.439E-8
1.401E+1	1.260E-1	-2.830E-8
1.409E+1	1.200E-1	-2.976E-8
1.416E+1	1.140E-1	-3.229E-8
1.424E+1	1.080E-1	-3.443E-8
1.431E+1	1.020E-1	-3.701E-8
1.439E+1	9.600E-2	-3.972E-8
1.447E+1	9.000E-2	-4.091E-8
1.454E+1	8.400E-2	-4.243E-8
1.462E+1	7.800E-2	-4.426E-8
1.470E+1	7.200E-2	-4.637E-8
1.477E+1	6.600E-2	-4.844E-8
1.485E+1	6.000E-2	-4.994E-8
1.493E+1	5.400E-2	-5.199E-8
1.500E+1	4.800E-2	-5.363E-8
1.508E+1	4.200E-2	-5.544E-8
1.515E+1	3.600E-2	-5.668E-8
1.523E+1	3.000E-2	-5.836E-8
1.531E+1	2.400E-2	-5.979E-8
1.538E+1	1.800E-2	-6.125E-8
1.546E+1	1.200E-2	-6.290E-8
1.554E+1	6.000E-3	-6.423E-8
1.561E+1	-1.039E-15	-6.571E-8
