1.240E-1	1.200E+0	1.485E-3
3.800E-1	1.194E+0	1.366E-3
4.530E-1	1.188E+0	1.248E-3
5.270E-1	1.182E+0	1.144E-3
6.010E-1	1.176E+0	1.033E-3
6.770E-1	1.170E+0	9.323E-4
8.090E-1	1.164E+0	8.354E-4
8.890E-1	1.158E+0	7.485E-4
9.700E-1	1.152E+0	6.671E-4
1.058E+0	1.146E+0	5.968E-4
1.134E+0	1.140E+0	5.261E-4
1.210E+0	1.134E+0	4.677E-4
1.286E+0	1.128E+0	4.133E-4
1.362E+0	1.122E+0	3.698E-4
1.438E+0	1.116E+0	3.275E-4
1.514E+0	1.110E+0	2.909E-4
1.590E+0	1.104E+0	2.559E-4
1.666E+0	1.098E+0	2.276E-4
1.741E+0	1.092E+0	2.042E-4
1.817E+0	1.086E+0	1.806E-4
1.893E+0	1.080E+0	1.639E-4
1.969E+0	1.074E+0	1.501E-4
2.045E+0	1.068E+0	1.386E-4
2.121E+0	1.062E+0	1.293E-4
2.196E+0	1.056E+0	1.207E-4
2.272E+0	1.050E+0	1.136E-4
2.348E+0	1.044E+0	1.097E-4
2.423E+0	1.038E+0	1.027E-4
2.499E+0	1.032E+0	9.536E-5
2.634E+0	1.026E+0	9.455E-5
2.715E+0	1.020E+0	8.919E-5
2.804E+0	1.014E+0	8.539E-5
2.879E+0	1.008E+0	8.185E-5
2.955E+0	1.002E+0	7.970E-5
3.031E+0	9.960E-1	8.029E-5
3.107E+0	9.900E-1	7.829E-5
3.183E+0	9.840E-1	7.622E-5
3.259E+0	9.780E-1	7.572E-5
3.337E+0	9.720E-1	7.213E-5
3.413E+0	9.660E-1	6.778E-5
3.489E+0	9.600E-1	6.837E-5
3.566E+0	9.540E-1	6.849E-5
3.642E+0	9.480E-1	6.822E-5
3.718E+0	9.420E-1	6.829E-5
3.794E+0	9.360E-1	6.835E-5
3.871E+0	9.300E-1	6.907E-5
3.947E+0	9.240E-1	6.901E-5
4.023E+0	9.180E-1	7.088E-5
4.099E+0	9.120E-1	6.600E-5
4.175E+0	9.060E-1	6.555E-5
4.252E+0	9.000E-1	6.534E-5
4.328E+0	8.940E-1	6.596E-5
4.404E+0	8.880E-1	6.431E-5
4.480E+0	8.820E-1	6.156E-5
4.557E+0	8.760E-1	6.170E-5
4.633E+0	8.700E-1	6.207E-5
4.709E+0	8.640E-1	6.277E-5
4.785E+0	8.580E-1	6.384E-5
4.862E+0	8.520E-1	6.197E-5
4.938E+0	8.460E-1	6.144E-5
5.014E+0	8.400E-1	6.299E-5
5.090E+0	8.340E-1	6.159E-5
5.166E+0	8.280E-1	6.052E-5
5.242E+0	8.220E-1	5.949E-5
5.319E+0	8.160E-1	5.759E-5
5.395E+0	8.100E-1	5.698E-5
5.471E+0	8.040E-1	5.785E-5
5.547E+0	7.980E-1	5.776E-5
5.624E+0	7.920E-1	5.796E-5
5.700E+0	7.860E-1	5.873E-5
5.776E+0	7.800E-1	5.781E-5
5.853E+0	7.740E-1	5.765E-5
5.929E+0	7.680E-1	5.848E-5
6.005E+0	7.620E-1	5.919E-5
6.082E+0	7.560E-1	5.884E-5
6.158E+0	7.500E-1	5.936E-5
6.234E+0	7.440E-1	6.152E-5
6.310E+0	7.380E-1	5.883E-5
6.387E+0	7.320E-1	5.940E-5
6.463E+0	7.260E-1	5.770E-5
6.539E+0	7.200E-1	5.744E-5
6.616E+0	7.140E-1	5.655E-5
6.692E+0	7.080E-1	5.505E-5
6.768E+0	7.020E-1	5.512E-5
6.844E+0	6.960E-1	5.525E-5
6.920E+0	6.900E-1	5.343E-5
6.997E+0	6.840E-1	5.229E-5
7.073E+0	6.780E-1	5.308E-5
7.149E+0	6.720E-1	5.162E-5
7.226E+0	6.660E-1	5.190E-5
7.302E+0	6.600E-1	5.142E-5
7.378E+0	6.540E-1	5.059E-5
7.454E+0	6.480E-1	5.159E-5
7.530E+0	6.420E-1	5.041E-5
7.606E+0	6.360E-1	4.945E-5
7.682E+0	6.300E-1	4.864E-5
7.759E+0	6.240E-1	4.886E-5
7.835E+0	6.180E-1	4.798E-5
7.911E+0	6.120E-1	4.731E-5
7.987E+0	6.060E-1	4.677E-5
8.063E+0	6.000E-1	4.623E-5
8.139E+0	5.940E-1	4.599E-5
8.215E+0	5.880E-1	4.585E-5
8.292E+0	5.820E-1	4.484E-5
8.368E+0	5.760E-1	4.441E-5
8.444E+0	5.700E-1	4.403E-5
8.520E+0	5.640E-1	4.471E-5
8.596E+0	5.580E-1	4.384E-5
8.673E+0	5.520E-1	4.342E-5
8.749E+0	5.460E-1	4.316E-5
8.825E+0	5.400E-1	4.284E-5
8.901E+0	5.340E-1	4.310E-5
8.977E+0	5.280E-1	4.285E-5
9.053E+0	5.220E-1	4.189E-5
9.129E+0	5.160E-1	4.088E-5
9.206E+0	5.100E-1	3.918E-5
9.282E+0	5.040E-1	3.955E-5
9.358E+0	4.980E-1	3.923E-5
9.434E+0	4.920E-1	3.838E-5
9.511E+0	4.860E-1	3.784E-5
9.587E+0	4.800E-1	3.766E-5
9.663E+0	4.740E-1	3.713E-5
9.740E+0	4.680E-1	3.744E-5
9.816E+0	4.620E-1	3.686E-5
9.892E+0	4.560E-1	3.623E-5
9.968E+0	4.500E-1	3.627E-5
1.004E+1	4.440E-1	3.537E-5
1.012E+1	4.380E-1	3.491E-5
1.020E+1	4.320E-1	3.478E-5
1.027E+1	4.260E-1	3.515E-5
1.035E+1	4.200E-1	3.465E-5
1.043E+1	4.140E-1	3.394E-5
1.050E+1	4.080E-1	3.308E-5
1.058E+1	4.020E-1	3.270E-5
1.065E+1	3.960E-1	3.158E-5
1.073E+1	3.900E-1	3.113E-5
1.081E+1	3.840E-1	3.039E-5
1.088E+1	3.780E-1	3.000E-5
1.096E+1	3.720E-1	3.017E-5
1.104E+1	3.660E-1	2.973E-5
1.111E+1	3.600E-1	2.934E-5
1.119E+1	3.540E-1	2.865E-5
1.126E+1	3.480E-1	2.853E-5
1.134E+1	3.420E-1	2.819E-5
1.142E+1	3.360E-1	2.752E-5
1.149E+1	3.300E-1	2.661E-5
1.157E+1	3.240E-1	2.602E-5
1.164E+1	3.180E-1	2.552E-5
1.172E+1	3.120E-1	2.432E-5
1.180E+1	3.060E-1	2.410E-5
1.187E+1	3.000E-1	2.361E-5
1.195E+1	2.940E-1	2.347E-5
1.203E+1	2.880E-1	2.251E-5
1.210E+1	2.820E-1	2.204E-5
1.218E+1	2.760E-1	2.177E-5
1.225E+1	2.700E-1	2.099E-5
1.233E+1	2.640E-1	2.052E-5
1.241E+1	2.580E-1	2.006E-5
1.248E+1	2.520E-1	2.006E-5
1.256E+1	2.460E-1	1.982E-5
1.263E+1	2.400E-1	1.892E-5
1.271E+1	2.340E-1	1.822E-5
1.279E+1	2.280E-1	1.824E-5
1.286E+1	2.220E-1	1.787E-5
1.294E+1	2.160E-1	1.739E-5
1.302E+1	2.100E-1	1.693E-5
1.309E+1	2.040E-1	1.634E-5
1.317E+1	1.980E-1	1.609E-5
1.324E+1	1.920E-1	1.579E-5
1.332E+1	1.860E-1	1.521E-5
1.340E+1	1.800E-1	1.488E-5
1.347E+1	1.740E-1	1.430E-5
1.355E+1	1.680E-1	1.394E-5
1.363E+1	1.620E-1	1.332E-5
1.370E+1	1.560E-1	1.290E-5
1.378E+1	1.500E-1	1.256E-5
1.385E+1	1.440E-1	1.212E-5
1.393E+1	1.380E-1	1.168E-5
1.401E+1	1.320E-1	1.124E-5
1.408E+1	1.260E-1	1.085E-5
1.416E+1	1.200E-1	1.032E-5
1.423E+1	1.140E-1	9.780E-6
1.437E+1	1.080E-1	9.238E-6
1.446E+1	1.020E-1	8.787E-6
1.454E+1	9.600E-2	8.168E-6
1.462E+1	9.000E-2	7.588E-6
1.469E+1	8.400E-2	7.118E-6
1.477E+1	7.800E-2	6.541E-6
1.484E+1	7.200E-2	6.037E-6
1.492E+1	6.600E-2	5.455E-6
1.500E+1	6.000E-2	4.997E-6
1.508E+1	5.400E-2	4.524E-6
1.516E+1	4.800E-2	3.999E-6
1.523E+1	4.200E-2	3.528E-6
1.531E+1	3.600E-2	3.003E-6
1.538E+1	3.000E-2	2.508E-6
1.546E+1	2.400E-2	1.958E-6
1.553E+1	1.800E-2	1.468E-6
1.561E+1	1.200E-2	9.778E-7
1.575E+1	6.000E-3	4.803E-7
1.583E+1	-1.039E-15	-8.923E-8
