1.240E-1	1.200E+0	9.198E-4
2.640E-1	1.194E+0	8.088E-4
3.370E-1	1.188E+0	7.037E-4
4.110E-1	1.182E+0	6.184E-4
4.880E-1	1.176E+0	5.327E-4
5.600E-1	1.170E+0	4.592E-4
6.340E-1	1.164E+0	3.876E-4
7.080E-1	1.158E+0	3.266E-4
7.820E-1	1.152E+0	2.708E-4
8.550E-1	1.146E+0	2.201E-4
9.290E-1	1.140E+0	1.702E-4
1.003E+0	1.134E+0	1.268E-4
1.076E+0	1.128E+0	9.247E-5
1.212E+0	1.122E+0	5.311E-5
1.286E+0	1.116E+0	1.619E-5
1.360E+0	1.110E+0	-1.011E-5
1.436E+0	1.104E+0	-4.142E-5
1.512E+0	1.098E+0	-6.522E-5
1.587E+0	1.092E+0	-8.980E-5
1.663E+0	1.086E+0	-1.100E-4
1.852E+0	1.080E+0	-1.333E-4
1.926E+0	1.074E+0	-1.564E-4
2.000E+0	1.068E+0	-1.749E-4
2.073E+0	1.062E+0	-1.917E-4
2.147E+0	1.056E+0	-2.089E-4
2.221E+0	1.050E+0	-2.244E-4
2.294E+0	1.044E+0	-2.371E-4
2.368E+0	1.038E+0	-2.527E-4
2.441E+0	1.032E+0	-2.652E-4
2.515E+0	1.026E+0	-2.769E-4
2.588E+0	1.020E+0	-2.871E-4
2.662E+0	1.014E+0	-2.976E-4
2.736E+0	1.008E+0	-3.076E-4
2.809E+0	1.002E+0	-3.172E-4
2.883E+0	9.960E-1	-3.268E-4
2.956E+0	9.900E-1	-3.366E-4
3.030E+0	9.840E-1	-3.438E-4
3.104E+0	9.780E-1	-3.497E-4
3.178E+0	9.720E-1	-3.566E-4
3.252E+0	9.660E-1	-3.625E-4
3.326E+0	9.600E-1	-3.671E-4
3.400E+0	9.540E-1	-3.716E-4
3.476E+0	9.480E-1	-3.781E-4
3.552E+0	9.420E-1	-3.825E-4
3.628E+0	9.360E-1	-3.870E-4
3.704E+0	9.300E-1	-3.907E-4
3.781E+0	9.240E-1	-3.938E-4
3.857E+0	9.180E-1	-3.977E-4
3.933E+0	9.120E-1	-4.016E-4
4.009E+0	9.060E-1	-4.036E-4
4.085E+0	9.000E-1	-4.079E-4
4.161E+0	8.940E-1	-4.111E-4
4.237E+0	8.880E-1	-4.140E-4
4.314E+0	8.820E-1	-4.168E-4
4.390E+0	8.760E-1	-4.189E-4
4.466E+0	8.700E-1	-4.208E-4
4.542E+0	8.640E-1	-4.241E-4
4.618E+0	8.580E-1	-4.265E-4
4.694E+0	8.520E-1	-4.295E-4
4.771E+0	8.460E-1	-4.316E-4
4.847E+0	8.400E-1	-4.333E-4
4.923E+0	8.340E-1	-4.341E-4
4.999E+0	8.280E-1	-4.354E-4
5.075E+0	8.220E-1	-4.385E-4
5.151E+0	8.160E-1	-4.418E-4
5.227E+0	8.100E-1	-4.434E-4
5.304E+0	8.040E-1	-4.455E-4
5.380E+0	7.980E-1	-4.457E-4
5.456E+0	7.920E-1	-4.462E-4
5.532E+0	7.860E-1	-4.484E-4
5.608E+0	7.800E-1	-4.511E-4
5.684E+0	7.740E-1	-4.509E-4
5.761E+0	7.680E-1	-4.515E-4
5.837E+0	7.620E-1	-4.534E-4
5.913E+0	7.560E-1	-4.545E-4
5.989E+0	7.500E-1	-4.567E-4
6.065E+0	7.440E-1	-4.578E-4
6.141E+0	7.380E-1	-4.592E-4
6.218E+0	7.320E-1	-4.605E-4
6.294E+0	7.260E-1	-4.605E-4
6.370E+0	7.200E-1	-4.625E-4
6.446E+0	7.140E-1	-4.628E-4
6.522E+0	7.080E-1	-4.643E-4
6.598E+0	7.020E-1	-4.642E-4
6.674E+0	6.960E-1	-4.652E-4
6.750E+0	6.900E-1	-4.663E-4
6.827E+0	6.840E-1	-4.661E-4
6.903E+0	6.780E-1	-4.675E-4
6.979E+0	6.720E-1	-4.685E-4
7.056E+0	6.660E-1	-4.690E-4
7.132E+0	6.600E-1	-4.704E-4
7.208E+0	6.540E-1	-4.708E-4
7.284E+0	6.480E-1	-4.717E-4
7.360E+0	6.420E-1	-4.729E-4
7.436E+0	6.360E-1	-4.740E-4
7.513E+0	6.300E-1	-4.746E-4
7.589E+0	6.240E-1	-4.755E-4
7.665E+0	6.180E-1	-4.761E-4
7.741E+0	6.120E-1	-4.773E-4
7.817E+0	6.060E-1	-4.779E-4
7.893E+0	6.000E-1	-4.789E-4
7.969E+0	5.940E-1	-4.795E-4
8.045E+0	5.880E-1	-4.804E-4
8.121E+0	5.820E-1	-4.809E-4
8.197E+0	5.760E-1	-4.820E-4
8.274E+0	5.700E-1	-4.825E-4
8.350E+0	5.640E-1	-4.842E-4
8.426E+0	5.580E-1	-4.840E-4
8.502E+0	5.520E-1	-4.849E-4
8.578E+0	5.460E-1	-4.848E-4
8.654E+0	5.400E-1	-4.860E-4
8.730E+0	5.340E-1	-4.864E-4
8.806E+0	5.280E-1	-4.873E-4
8.883E+0	5.220E-1	-4.875E-4
8.959E+0	5.160E-1	-4.892E-4
9.035E+0	5.100E-1	-4.898E-4
9.111E+0	5.040E-1	-4.911E-4
9.187E+0	4.980E-1	-4.915E-4
9.263E+0	4.920E-1	-4.924E-4
9.340E+0	4.860E-1	-4.932E-4
9.416E+0	4.800E-1	-4.934E-4
9.492E+0	4.740E-1	-4.944E-4
9.568E+0	4.680E-1	-4.949E-4
9.645E+0	4.620E-1	-4.958E-4
9.721E+0	4.560E-1	-4.960E-4
9.797E+0	4.500E-1	-4.969E-4
9.873E+0	4.440E-1	-4.969E-4
9.949E+0	4.380E-1	-4.977E-4
1.003E+1	4.320E-1	-4.988E-4
1.010E+1	4.260E-1	-4.997E-4
1.018E+1	4.200E-1	-4.996E-4
1.025E+1	4.140E-1	-4.993E-4
1.033E+1	4.080E-1	-5.008E-4
1.041E+1	4.020E-1	-5.010E-4
1.048E+1	3.960E-1	-5.013E-4
1.056E+1	3.900E-1	-5.014E-4
1.063E+1	3.840E-1	-5.023E-4
1.071E+1	3.780E-1	-5.029E-4
1.079E+1	3.720E-1	-5.034E-4
1.087E+1	3.660E-1	-5.047E-4
1.094E+1	3.600E-1	-5.051E-4
1.101E+1	3.540E-1	-5.056E-4
1.109E+1	3.480E-1	-5.060E-4
1.116E+1	3.420E-1	-5.061E-4
1.124E+1	3.360E-1	-5.069E-4
1.132E+1	3.300E-1	-5.086E-4
1.139E+1	3.240E-1	-5.091E-4
1.147E+1	3.180E-1	-5.096E-4
1.154E+1	3.120E-1	-5.096E-4
1.162E+1	3.060E-1	-5.101E-4
1.170E+1	3.000E-1	-5.108E-4
1.177E+1	2.940E-1	-5.118E-4
1.185E+1	2.880E-1	-5.118E-4
1.193E+1	2.820E-1	-5.123E-4
1.200E+1	2.760E-1	-5.128E-4
1.208E+1	2.700E-1	-5.133E-4
1.215E+1	2.640E-1	-5.139E-4
1.223E+1	2.580E-1	-5.141E-4
1.231E+1	2.520E-1	-5.146E-4
1.238E+1	2.460E-1	-5.146E-4
1.246E+1	2.400E-1	-5.153E-4
1.254E+1	2.340E-1	-5.161E-4
1.261E+1	2.280E-1	-5.167E-4
1.269E+1	2.220E-1	-5.167E-4
1.276E+1	2.160E-1	-5.168E-4
1.284E+1	2.100E-1	-5.176E-4
1.292E+1	2.040E-1	-5.183E-4
1.299E+1	1.980E-1	-5.187E-4
1.307E+1	1.920E-1	-5.194E-4
1.314E+1	1.860E-1	-5.191E-4
1.322E+1	1.800E-1	-5.204E-4
1.330E+1	1.740E-1	-5.210E-4
1.337E+1	1.680E-1	-5.209E-4
1.345E+1	1.620E-1	-5.217E-4
1.353E+1	1.560E-1	-5.223E-4
1.360E+1	1.500E-1	-5.224E-4
1.368E+1	1.440E-1	-5.231E-4
1.375E+1	1.380E-1	-5.238E-4
1.383E+1	1.320E-1	-5.240E-4
1.391E+1	1.260E-1	-5.250E-4
1.398E+1	1.200E-1	-5.257E-4
1.406E+1	1.140E-1	-5.262E-4
1.413E+1	1.080E-1	-5.267E-4
1.421E+1	1.020E-1	-5.271E-4
1.429E+1	9.600E-2	-5.280E-4
1.436E+1	9.000E-2	-5.281E-4
1.444E+1	8.400E-2	-5.285E-4
1.451E+1	7.800E-2	-5.289E-4
1.459E+1	7.200E-2	-5.296E-4
1.467E+1	6.600E-2	-5.304E-4
1.474E+1	6.000E-2	-5.304E-4
1.482E+1	5.400E-2	-5.309E-4
1.490E+1	4.800E-2	-5.315E-4
1.497E+1	4.200E-2	-5.316E-4
1.505E+1	3.600E-2	-5.322E-4
1.512E+1	3.000E-2	-5.326E-4
1.520E+1	2.400E-2	-5.331E-4
1.528E+1	1.800E-2	-5.340E-4
1.535E+1	1.200E-2	-5.345E-4
1.543E+1	6.000E-3	-5.353E-4
1.551E+1	-1.039E-15	-5.354E-4
