1.240E-1	1.200E+0	1.281E-3
3.800E-1	1.194E+0	1.174E-3
4.540E-1	1.188E+0	1.070E-3
5.280E-1	1.182E+0	9.709E-4
6.590E-1	1.176E+0	8.744E-4
7.400E-1	1.170E+0	7.882E-4
8.210E-1	1.164E+0	7.051E-4
9.020E-1	1.158E+0	6.335E-4
9.900E-1	1.152E+0	5.613E-4
1.066E+0	1.146E+0	5.008E-4
1.142E+0	1.140E+0	4.449E-4
1.217E+0	1.134E+0	3.968E-4
1.293E+0	1.128E+0	3.501E-4
1.369E+0	1.122E+0	3.122E-4
1.445E+0	1.116E+0	2.732E-4
1.521E+0	1.110E+0	2.440E-4
1.597E+0	1.104E+0	2.155E-4
1.673E+0	1.098E+0	1.926E-4
1.749E+0	1.092E+0	1.697E-4
1.825E+0	1.086E+0	1.498E-4
1.900E+0	1.080E+0	1.346E-4
1.976E+0	1.074E+0	1.223E-4
2.052E+0	1.068E+0	1.114E-4
2.128E+0	1.062E+0	1.025E-4
2.203E+0	1.056E+0	9.425E-5
2.339E+0	1.050E+0	8.646E-5
2.428E+0	1.044E+0	7.942E-5
2.501E+0	1.038E+0	7.367E-5
2.589E+0	1.032E+0	6.942E-5
2.665E+0	1.026E+0	6.525E-5
2.741E+0	1.020E+0	6.258E-5
2.817E+0	1.014E+0	5.899E-5
2.893E+0	1.008E+0	5.560E-5
2.968E+0	1.002E+0	5.377E-5
3.044E+0	9.960E-1	5.195E-5
3.120E+0	9.900E-1	5.012E-5
3.197E+0	9.840E-1	4.903E-5
3.273E+0	9.780E-1	4.848E-5
3.349E+0	9.720E-1	4.646E-5
3.426E+0	9.660E-1	4.511E-5
3.503E+0	9.600E-1	4.459E-5
3.578E+0	9.540E-1	4.368E-5
3.654E+0	9.480E-1	4.349E-5
3.730E+0	9.420E-1	4.287E-5
3.807E+0	9.360E-1	4.243E-5
3.883E+0	9.300E-1	4.124E-5
3.959E+0	9.240E-1	4.077E-5
4.035E+0	9.180E-1	4.042E-5
4.112E+0	9.120E-1	3.937E-5
4.188E+0	9.060E-1	3.906E-5
4.264E+0	9.000E-1	3.887E-5
4.340E+0	8.940E-1	3.849E-5
4.417E+0	8.880E-1	3.886E-5
4.493E+0	8.820E-1	3.815E-5
4.569E+0	8.760E-1	3.825E-5
4.646E+0	8.700E-1	3.704E-5
4.722E+0	8.640E-1	3.680E-5
4.798E+0	8.580E-1	3.743E-5
4.875E+0	8.520E-1	3.612E-5
4.951E+0	8.460E-1	3.527E-5
5.027E+0	8.400E-1	3.436E-5
5.103E+0	8.340E-1	3.353E-5
5.180E+0	8.280E-1	3.371E-5
5.256E+0	8.220E-1	3.291E-5
5.332E+0	8.160E-1	3.172E-5
5.408E+0	8.100E-1	3.094E-5
5.484E+0	8.040E-1	3.118E-5
5.560E+0	7.980E-1	3.153E-5
5.637E+0	7.920E-1	3.089E-5
5.713E+0	7.860E-1	3.022E-5
5.789E+0	7.800E-1	3.057E-5
5.865E+0	7.740E-1	2.984E-5
5.942E+0	7.680E-1	3.045E-5
6.018E+0	7.620E-1	2.987E-5
6.094E+0	7.560E-1	2.930E-5
6.170E+0	7.500E-1	2.943E-5
6.247E+0	7.440E-1	2.916E-5
6.323E+0	7.380E-1	2.854E-5
6.399E+0	7.320E-1	2.859E-5
6.476E+0	7.260E-1	2.876E-5
6.552E+0	7.200E-1	2.796E-5
6.628E+0	7.140E-1	2.732E-5
6.704E+0	7.080E-1	2.691E-5
6.781E+0	7.020E-1	2.692E-5
6.857E+0	6.960E-1	2.633E-5
6.933E+0	6.900E-1	2.586E-5
7.009E+0	6.840E-1	2.570E-5
7.086E+0	6.780E-1	2.558E-5
7.162E+0	6.720E-1	2.508E-5
7.238E+0	6.660E-1	2.475E-5
7.315E+0	6.600E-1	2.504E-5
7.391E+0	6.540E-1	2.457E-5
7.467E+0	6.480E-1	2.462E-5
7.543E+0	6.420E-1	2.407E-5
7.619E+0	6.360E-1	2.344E-5
7.695E+0	6.300E-1	2.355E-5
7.772E+0	6.240E-1	2.343E-5
7.848E+0	6.180E-1	2.312E-5
7.924E+0	6.120E-1	2.293E-5
8.000E+0	6.060E-1	2.270E-5
8.076E+0	6.000E-1	2.261E-5
8.152E+0	5.940E-1	2.222E-5
8.228E+0	5.880E-1	2.219E-5
8.304E+0	5.820E-1	2.206E-5
8.380E+0	5.760E-1	2.165E-5
8.457E+0	5.700E-1	2.147E-5
8.533E+0	5.640E-1	2.089E-5
8.609E+0	5.580E-1	2.066E-5
8.685E+0	5.520E-1	2.054E-5
8.761E+0	5.460E-1	2.023E-5
8.837E+0	5.400E-1	2.021E-5
8.913E+0	5.340E-1	1.993E-5
8.989E+0	5.280E-1	1.962E-5
9.066E+0	5.220E-1	1.854E-5
9.142E+0	5.160E-1	1.881E-5
9.218E+0	5.100E-1	1.808E-5
9.294E+0	5.040E-1	1.789E-5
9.370E+0	4.980E-1	1.777E-5
9.447E+0	4.920E-1	1.769E-5
9.523E+0	4.860E-1	1.755E-5
9.599E+0	4.800E-1	1.778E-5
9.676E+0	4.740E-1	1.801E-5
9.752E+0	4.680E-1	1.739E-5
9.828E+0	4.620E-1	1.756E-5
9.905E+0	4.560E-1	1.695E-5
9.981E+0	4.500E-1	1.656E-5
1.006E+1	4.440E-1	1.659E-5
1.013E+1	4.380E-1	1.617E-5
1.021E+1	4.320E-1	1.611E-5
1.029E+1	4.260E-1	1.553E-5
1.036E+1	4.200E-1	1.520E-5
1.044E+1	4.140E-1	1.504E-5
1.051E+1	4.080E-1	1.507E-5
1.059E+1	4.020E-1	1.474E-5
1.067E+1	3.960E-1	1.461E-5
1.074E+1	3.900E-1	1.426E-5
1.082E+1	3.840E-1	1.376E-5
1.089E+1	3.780E-1	1.365E-5
1.097E+1	3.720E-1	1.324E-5
1.105E+1	3.660E-1	1.282E-5
1.112E+1	3.600E-1	1.278E-5
1.120E+1	3.540E-1	1.232E-5
1.128E+1	3.480E-1	1.229E-5
1.135E+1	3.420E-1	1.243E-5
1.143E+1	3.360E-1	1.221E-5
1.151E+1	3.300E-1	1.184E-5
1.158E+1	3.240E-1	1.157E-5
1.166E+1	3.180E-1	1.149E-5
1.173E+1	3.120E-1	1.113E-5
1.181E+1	3.060E-1	1.102E-5
1.189E+1	3.000E-1	1.061E-5
1.196E+1	2.940E-1	1.069E-5
1.204E+1	2.880E-1	1.064E-5
1.211E+1	2.820E-1	1.052E-5
1.219E+1	2.760E-1	1.003E-5
1.227E+1	2.700E-1	9.679E-6
1.241E+1	2.640E-1	9.876E-6
1.249E+1	2.580E-1	9.406E-6
1.257E+1	2.520E-1	8.911E-6
1.265E+1	2.460E-1	8.691E-6
1.272E+1	2.400E-1	8.500E-6
1.280E+1	2.340E-1	8.198E-6
1.287E+1	2.280E-1	7.948E-6
1.295E+1	2.220E-1	7.654E-6
1.303E+1	2.160E-1	7.393E-6
1.310E+1	2.100E-1	7.183E-6
1.318E+1	2.040E-1	6.985E-6
1.326E+1	1.980E-1	6.814E-6
1.333E+1	1.920E-1	6.503E-6
1.341E+1	1.860E-1	6.395E-6
1.348E+1	1.800E-1	6.257E-6
1.356E+1	1.740E-1	5.979E-6
1.364E+1	1.680E-1	5.695E-6
1.371E+1	1.620E-1	5.525E-6
1.379E+1	1.560E-1	5.298E-6
1.387E+1	1.500E-1	5.203E-6
1.394E+1	1.440E-1	5.016E-6
1.402E+1	1.380E-1	4.689E-6
1.410E+1	1.320E-1	4.461E-6
1.417E+1	1.260E-1	4.209E-6
1.425E+1	1.200E-1	3.992E-6
1.432E+1	1.140E-1	3.789E-6
1.440E+1	1.080E-1	3.569E-6
1.448E+1	1.020E-1	3.378E-6
1.455E+1	9.600E-2	3.131E-6
1.463E+1	9.000E-2	2.892E-6
1.471E+1	8.400E-2	2.718E-6
1.478E+1	7.800E-2	2.212E-6
1.486E+1	7.200E-2	1.981E-6
1.493E+1	6.600E-2	1.833E-6
1.501E+1	6.000E-2	1.648E-6
1.509E+1	5.400E-2	1.476E-6
1.516E+1	4.800E-2	1.283E-6
1.524E+1	4.200E-2	1.094E-6
1.531E+1	3.600E-2	9.732E-7
1.546E+1	3.000E-2	8.085E-7
1.554E+1	2.400E-2	6.589E-7
1.562E+1	1.800E-2	4.660E-7
1.569E+1	1.200E-2	2.658E-7
1.577E+1	6.000E-3	9.175E-8
1.584E+1	-1.039E-15	-9.335E-8
