1.240E-1	1.200E+0	8.487E-4
2.650E-1	1.194E+0	7.500E-4
3.380E-1	1.188E+0	6.543E-4
4.120E-1	1.182E+0	5.726E-4
4.860E-1	1.176E+0	4.947E-4
5.590E-1	1.170E+0	4.273E-4
6.330E-1	1.164E+0	3.633E-4
7.070E-1	1.158E+0	3.071E-4
7.800E-1	1.152E+0	2.537E-4
8.540E-1	1.146E+0	2.060E-4
9.280E-1	1.140E+0	1.604E-4
1.001E+0	1.134E+0	1.225E-4
1.075E+0	1.128E+0	9.073E-5
1.211E+0	1.122E+0	5.290E-5
1.285E+0	1.116E+0	2.131E-5
1.360E+0	1.110E+0	-1.433E-6
1.500E+0	1.104E+0	-3.092E-5
1.702E+0	1.098E+0	-5.872E-5
1.776E+0	1.092E+0	-8.184E-5
1.850E+0	1.086E+0	-1.050E-4
1.923E+0	1.080E+0	-1.225E-4
2.112E+0	1.074E+0	-1.433E-4
2.186E+0	1.068E+0	-1.612E-4
2.259E+0	1.062E+0	-1.797E-4
2.333E+0	1.056E+0	-1.944E-4
2.407E+0	1.050E+0	-2.103E-4
2.481E+0	1.044E+0	-2.244E-4
2.557E+0	1.038E+0	-2.391E-4
2.633E+0	1.032E+0	-2.509E-4
2.708E+0	1.026E+0	-2.634E-4
2.784E+0	1.020E+0	-2.745E-4
2.860E+0	1.014E+0	-2.862E-4
2.936E+0	1.008E+0	-2.955E-4
3.011E+0	1.002E+0	-3.058E-4
3.087E+0	9.960E-1	-3.144E-4
3.163E+0	9.900E-1	-3.234E-4
3.239E+0	9.840E-1	-3.307E-4
3.315E+0	9.780E-1	-3.387E-4
3.392E+0	9.720E-1	-3.457E-4
3.468E+0	9.660E-1	-3.529E-4
3.544E+0	9.600E-1	-3.586E-4
3.620E+0	9.540E-1	-3.645E-4
3.696E+0	9.480E-1	-3.702E-4
3.772E+0	9.420E-1	-3.754E-4
3.848E+0	9.360E-1	-3.808E-4
3.925E+0	9.300E-1	-3.846E-4
4.001E+0	9.240E-1	-3.908E-4
4.077E+0	9.180E-1	-3.945E-4
4.153E+0	9.120E-1	-3.989E-4
4.229E+0	9.060E-1	-4.028E-4
4.305E+0	9.000E-1	-4.064E-4
4.381E+0	8.940E-1	-4.091E-4
4.458E+0	8.880E-1	-4.130E-4
4.534E+0	8.820E-1	-4.161E-4
4.610E+0	8.760E-1	-4.189E-4
4.686E+0	8.700E-1	-4.210E-4
4.762E+0	8.640E-1	-4.239E-4
4.839E+0	8.580E-1	-4.267E-4
4.916E+0	8.520E-1	-4.289E-4
4.992E+0	8.460E-1	-4.308E-4
5.068E+0	8.400E-1	-4.324E-4
5.144E+0	8.340E-1	-4.342E-4
5.220E+0	8.280E-1	-4.363E-4
5.296E+0	8.220E-1	-4.377E-4
5.372E+0	8.160E-1	-4.388E-4
5.449E+0	8.100E-1	-4.398E-4
5.525E+0	8.040E-1	-4.415E-4
5.601E+0	7.980E-1	-4.429E-4
5.677E+0	7.920E-1	-4.441E-4
5.753E+0	7.860E-1	-4.457E-4
5.829E+0	7.800E-1	-4.469E-4
5.906E+0	7.740E-1	-4.479E-4
5.982E+0	7.680E-1	-4.490E-4
6.058E+0	7.620E-1	-4.501E-4
6.134E+0	7.560E-1	-4.512E-4
6.210E+0	7.500E-1	-4.522E-4
6.286E+0	7.440E-1	-4.525E-4
6.363E+0	7.380E-1	-4.534E-4
6.439E+0	7.320E-1	-4.538E-4
6.515E+0	7.260E-1	-4.554E-4
6.591E+0	7.200E-1	-4.569E-4
6.667E+0	7.140E-1	-4.568E-4
6.743E+0	7.080E-1	-4.572E-4
6.819E+0	7.020E-1	-4.582E-4
6.895E+0	6.960E-1	-4.592E-4
6.972E+0	6.900E-1	-4.599E-4
7.048E+0	6.840E-1	-4.610E-4
7.124E+0	6.780E-1	-4.617E-4
7.200E+0	6.720E-1	-4.622E-4
7.277E+0	6.660E-1	-4.631E-4
7.353E+0	6.600E-1	-4.637E-4
7.429E+0	6.540E-1	-4.643E-4
7.505E+0	6.480E-1	-4.650E-4
7.581E+0	6.420E-1	-4.661E-4
7.657E+0	6.360E-1	-4.667E-4
7.733E+0	6.300E-1	-4.670E-4
7.809E+0	6.240E-1	-4.679E-4
7.885E+0	6.180E-1	-4.678E-4
7.962E+0	6.120E-1	-4.689E-4
8.038E+0	6.060E-1	-4.692E-4
8.114E+0	6.000E-1	-4.695E-4
8.190E+0	5.940E-1	-4.706E-4
8.266E+0	5.880E-1	-4.715E-4
8.342E+0	5.820E-1	-4.716E-4
8.418E+0	5.760E-1	-4.716E-4
8.494E+0	5.700E-1	-4.729E-4
8.571E+0	5.640E-1	-4.729E-4
8.647E+0	5.580E-1	-4.739E-4
8.723E+0	5.520E-1	-4.745E-4
8.799E+0	5.460E-1	-4.746E-4
8.875E+0	5.400E-1	-4.754E-4
8.951E+0	5.340E-1	-4.764E-4
9.027E+0	5.280E-1	-4.760E-4
9.104E+0	5.220E-1	-4.764E-4
9.180E+0	5.160E-1	-4.773E-4
9.256E+0	5.100E-1	-4.774E-4
9.332E+0	5.040E-1	-4.782E-4
9.408E+0	4.980E-1	-4.781E-4
9.484E+0	4.920E-1	-4.788E-4
9.560E+0	4.860E-1	-4.791E-4
9.637E+0	4.800E-1	-4.796E-4
9.713E+0	4.740E-1	-4.798E-4
9.789E+0	4.680E-1	-4.805E-4
9.866E+0	4.620E-1	-4.813E-4
9.942E+0	4.560E-1	-4.818E-4
1.002E+1	4.500E-1	-4.818E-4
1.009E+1	4.440E-1	-4.822E-4
1.017E+1	4.380E-1	-4.829E-4
1.025E+1	4.320E-1	-4.828E-4
1.032E+1	4.260E-1	-4.833E-4
1.040E+1	4.200E-1	-4.839E-4
1.047E+1	4.140E-1	-4.841E-4
1.055E+1	4.080E-1	-4.839E-4
1.063E+1	4.020E-1	-4.851E-4
1.070E+1	3.960E-1	-4.846E-4
1.078E+1	3.900E-1	-4.853E-4
1.086E+1	3.840E-1	-4.854E-4
1.093E+1	3.780E-1	-4.862E-4
1.101E+1	3.720E-1	-4.863E-4
1.108E+1	3.660E-1	-4.866E-4
1.116E+1	3.600E-1	-4.871E-4
1.124E+1	3.540E-1	-4.875E-4
1.131E+1	3.480E-1	-4.880E-4
1.139E+1	3.420E-1	-4.888E-4
1.146E+1	3.360E-1	-4.890E-4
1.154E+1	3.300E-1	-4.890E-4
1.162E+1	3.240E-1	-4.894E-4
1.169E+1	3.180E-1	-4.897E-4
1.177E+1	3.120E-1	-4.896E-4
1.185E+1	3.060E-1	-4.900E-4
1.192E+1	3.000E-1	-4.906E-4
1.200E+1	2.940E-1	-4.907E-4
1.207E+1	2.880E-1	-4.914E-4
1.215E+1	2.820E-1	-4.915E-4
1.223E+1	2.760E-1	-4.919E-4
1.230E+1	2.700E-1	-4.926E-4
1.238E+1	2.640E-1	-4.931E-4
1.246E+1	2.580E-1	-4.928E-4
1.253E+1	2.520E-1	-4.938E-4
1.261E+1	2.460E-1	-4.939E-4
1.268E+1	2.400E-1	-4.944E-4
1.276E+1	2.340E-1	-4.948E-4
1.284E+1	2.280E-1	-4.951E-4
1.291E+1	2.220E-1	-4.952E-4
1.299E+1	2.160E-1	-4.960E-4
1.306E+1	2.100E-1	-4.958E-4
1.314E+1	2.040E-1	-4.965E-4
1.322E+1	1.980E-1	-4.964E-4
1.329E+1	1.920E-1	-4.968E-4
1.337E+1	1.860E-1	-4.972E-4
1.345E+1	1.800E-1	-4.969E-4
1.352E+1	1.740E-1	-4.979E-4
1.360E+1	1.680E-1	-4.978E-4
1.367E+1	1.620E-1	-4.978E-4
1.375E+1	1.560E-1	-4.984E-4
1.383E+1	1.500E-1	-4.981E-4
1.390E+1	1.440E-1	-4.985E-4
1.398E+1	1.380E-1	-4.989E-4
1.405E+1	1.320E-1	-4.991E-4
1.413E+1	1.260E-1	-4.997E-4
1.421E+1	1.200E-1	-5.002E-4
1.428E+1	1.140E-1	-4.999E-4
1.436E+1	1.080E-1	-5.004E-4
1.444E+1	1.020E-1	-5.011E-4
1.451E+1	9.600E-2	-5.007E-4
1.459E+1	9.000E-2	-5.016E-4
1.466E+1	8.400E-2	-5.018E-4
1.474E+1	7.800E-2	-5.018E-4
1.482E+1	7.200E-2	-5.023E-4
1.489E+1	6.600E-2	-5.028E-4
1.497E+1	6.000E-2	-5.030E-4
1.504E+1	5.400E-2	-5.029E-4
1.512E+1	4.800E-2	-5.033E-4
1.520E+1	4.200E-2	-5.039E-4
1.527E+1	3.600E-2	-5.043E-4
1.535E+1	3.000E-2	-5.044E-4
1.543E+1	2.400E-2	-5.047E-4
1.550E+1	1.800E-2	-5.047E-4
1.558E+1	1.200E-2	-5.046E-4
1.565E+1	6.000E-3	-5.057E-4
1.573E+1	-1.039E-15	-5.060E-4
