1.260E-1	1.200E+0	6.356E-3
2.660E-1	1.194E+0	4.071E-3
3.390E-1	1.188E+0	2.642E-3
4.130E-1	1.182E+0	1.855E-3
4.870E-1	1.176E+0	1.397E-3
5.600E-1	1.170E+0	1.122E-3
6.340E-1	1.164E+0	8.671E-4
7.650E-1	1.158E+0	7.721E-4
8.390E-1	1.152E+0	7.067E-4
9.130E-1	1.146E+0	6.578E-4
9.860E-1	1.140E+0	6.144E-4
1.062E+0	1.134E+0	5.651E-4
1.138E+0	1.128E+0	5.302E-4
1.214E+0	1.122E+0	5.139E-4
1.289E+0	1.116E+0	4.872E-4
1.365E+0	1.110E+0	4.625E-4
1.441E+0	1.104E+0	4.422E-4
1.517E+0	1.098E+0	4.343E-4
1.593E+0	1.092E+0	4.141E-4
1.668E+0	1.086E+0	3.921E-4
1.744E+0	1.080E+0	3.839E-4
1.820E+0	1.074E+0	3.698E-4
1.896E+0	1.068E+0	3.640E-4
1.972E+0	1.062E+0	3.456E-4
2.047E+0	1.056E+0	3.512E-4
2.123E+0	1.050E+0	3.481E-4
2.198E+0	1.044E+0	3.281E-4
2.274E+0	1.038E+0	3.291E-4
2.350E+0	1.032E+0	3.190E-4
2.425E+0	1.026E+0	2.976E-4
2.501E+0	1.020E+0	2.699E-4
2.577E+0	1.014E+0	2.746E-4
2.652E+0	1.008E+0	2.677E-4
2.728E+0	1.002E+0	2.707E-4
2.804E+0	9.960E-1	2.594E-4
2.880E+0	9.900E-1	2.637E-4
2.956E+0	9.840E-1	2.554E-4
3.032E+0	9.780E-1	2.557E-4
3.108E+0	9.720E-1	2.441E-4
3.184E+0	9.660E-1	2.398E-4
3.260E+0	9.600E-1	2.318E-4
3.336E+0	9.540E-1	2.240E-4
3.413E+0	9.480E-1	2.324E-4
3.489E+0	9.420E-1	2.378E-4
3.565E+0	9.360E-1	2.241E-4
3.641E+0	9.300E-1	2.221E-4
3.717E+0	9.240E-1	2.172E-4
3.793E+0	9.180E-1	2.222E-4
3.869E+0	9.120E-1	2.230E-4
3.945E+0	9.060E-1	2.127E-4
4.021E+0	9.000E-1	2.080E-4
4.097E+0	8.940E-1	2.073E-4
4.173E+0	8.880E-1	2.054E-4
4.249E+0	8.820E-1	2.166E-4
4.325E+0	8.760E-1	2.163E-4
4.401E+0	8.700E-1	2.026E-4
4.477E+0	8.640E-1	2.015E-4
4.553E+0	8.580E-1	1.934E-4
4.629E+0	8.520E-1	2.013E-4
4.705E+0	8.460E-1	2.049E-4
4.781E+0	8.400E-1	1.975E-4
4.857E+0	8.340E-1	1.971E-4
4.934E+0	8.280E-1	1.968E-4
5.010E+0	8.220E-1	2.118E-4
5.086E+0	8.160E-1	2.196E-4
5.162E+0	8.100E-1	2.195E-4
5.238E+0	8.040E-1	2.181E-4
5.314E+0	7.980E-1	2.161E-4
5.390E+0	7.920E-1	2.026E-4
5.466E+0	7.860E-1	1.981E-4
5.542E+0	7.800E-1	1.968E-4
5.619E+0	7.740E-1	1.848E-4
5.695E+0	7.680E-1	1.934E-4
5.771E+0	7.620E-1	2.074E-4
5.847E+0	7.560E-1	2.099E-4
5.923E+0	7.500E-1	2.055E-4
5.999E+0	7.440E-1	1.825E-4
6.075E+0	7.380E-1	1.864E-4
6.151E+0	7.320E-1	1.788E-4
6.227E+0	7.260E-1	1.822E-4
6.303E+0	7.200E-1	1.802E-4
6.380E+0	7.140E-1	1.755E-4
6.456E+0	7.080E-1	1.705E-4
6.532E+0	7.020E-1	1.669E-4
6.608E+0	6.960E-1	1.641E-4
6.693E+0	6.900E-1	1.697E-4
6.773E+0	6.840E-1	1.665E-4
6.847E+0	6.780E-1	1.631E-4
6.920E+0	6.720E-1	1.646E-4
6.994E+0	6.660E-1	1.643E-4
7.068E+0	6.600E-1	1.709E-4
7.141E+0	6.540E-1	1.680E-4
7.215E+0	6.480E-1	1.660E-4
7.289E+0	6.420E-1	1.606E-4
7.365E+0	6.360E-1	1.613E-4
7.441E+0	6.300E-1	1.641E-4
7.517E+0	6.240E-1	1.492E-4
7.593E+0	6.180E-1	1.517E-4
7.669E+0	6.120E-1	1.666E-4
7.745E+0	6.060E-1	1.655E-4
7.821E+0	6.000E-1	1.657E-4
7.897E+0	5.940E-1	1.625E-4
7.973E+0	5.880E-1	1.593E-4
8.049E+0	5.820E-1	1.574E-4
8.125E+0	5.760E-1	1.548E-4
8.201E+0	5.700E-1	1.442E-4
8.277E+0	5.640E-1	1.457E-4
8.353E+0	5.580E-1	1.433E-4
8.429E+0	5.520E-1	1.425E-4
8.505E+0	5.460E-1	1.402E-4
8.581E+0	5.400E-1	1.420E-4
8.657E+0	5.340E-1	1.423E-4
8.733E+0	5.280E-1	1.389E-4
8.809E+0	5.220E-1	1.439E-4
8.885E+0	5.160E-1	1.348E-4
8.960E+0	5.100E-1	1.301E-4
9.036E+0	5.040E-1	1.325E-4
9.112E+0	4.980E-1	1.402E-4
9.189E+0	4.920E-1	1.492E-4
9.265E+0	4.860E-1	1.521E-4
9.341E+0	4.800E-1	1.466E-4
9.417E+0	4.740E-1	1.360E-4
9.493E+0	4.680E-1	1.380E-4
9.569E+0	4.620E-1	1.374E-4
9.645E+0	4.560E-1	1.234E-4
9.721E+0	4.500E-1	1.240E-4
9.797E+0	4.440E-1	1.277E-4
9.873E+0	4.380E-1	1.230E-4
9.949E+0	4.320E-1	1.224E-4
1.003E+1	4.260E-1	1.252E-4
1.010E+1	4.200E-1	1.267E-4
1.018E+1	4.140E-1	1.312E-4
1.025E+1	4.080E-1	1.193E-4
1.033E+1	4.020E-1	1.134E-4
1.040E+1	3.960E-1	1.160E-4
1.048E+1	3.900E-1	1.170E-4
1.056E+1	3.840E-1	1.126E-4
1.063E+1	3.780E-1	1.152E-4
1.071E+1	3.720E-1	1.206E-4
1.079E+1	3.660E-1	1.201E-4
1.086E+1	3.600E-1	1.181E-4
1.094E+1	3.540E-1	1.266E-4
1.101E+1	3.480E-1	1.322E-4
1.109E+1	3.420E-1	1.319E-4
1.117E+1	3.360E-1	1.383E-4
1.124E+1	3.300E-1	1.284E-4
1.132E+1	3.240E-1	1.271E-4
1.139E+1	3.180E-1	1.275E-4
1.147E+1	3.120E-1	1.242E-4
1.155E+1	3.060E-1	1.145E-4
1.162E+1	3.000E-1	1.053E-4
1.170E+1	2.940E-1	1.055E-4
1.177E+1	2.880E-1	9.876E-5
1.191E+1	2.820E-1	9.902E-5
1.199E+1	2.760E-1	1.710E-4
1.219E+1	2.700E-1	1.639E-4
1.226E+1	2.640E-1	1.576E-4
1.234E+1	2.580E-1	1.570E-4
1.241E+1	2.520E-1	1.514E-4
1.248E+1	2.460E-1	1.480E-4
1.256E+1	2.400E-1	1.454E-4
1.263E+1	2.340E-1	1.436E-4
1.270E+1	2.280E-1	1.375E-4
1.278E+1	2.220E-1	1.340E-4
1.285E+1	2.160E-1	1.280E-4
1.293E+1	2.100E-1	1.240E-4
1.300E+1	2.040E-1	1.203E-4
1.307E+1	1.980E-1	1.176E-4
1.315E+1	1.920E-1	1.149E-4
1.322E+1	1.860E-1	1.108E-4
1.329E+1	1.800E-1	1.063E-4
1.337E+1	1.740E-1	1.027E-4
1.344E+1	1.680E-1	1.013E-4
1.351E+1	1.620E-1	9.803E-5
1.365E+1	1.560E-1	9.577E-5
1.373E+1	1.500E-1	9.243E-5
1.380E+1	1.440E-1	8.918E-5
1.388E+1	1.380E-1	8.438E-5
1.396E+1	1.320E-1	8.070E-5
1.403E+1	1.260E-1	7.658E-5
1.411E+1	1.200E-1	7.292E-5
1.419E+1	1.140E-1	6.976E-5
1.426E+1	1.080E-1	6.708E-5
1.434E+1	1.020E-1	6.353E-5
1.441E+1	9.600E-2	5.930E-5
1.449E+1	9.000E-2	5.585E-5
1.456E+1	8.400E-2	5.307E-5
1.464E+1	7.800E-2	4.904E-5
1.472E+1	7.200E-2	4.497E-5
1.479E+1	6.600E-2	4.127E-5
1.487E+1	6.000E-2	3.753E-5
1.495E+1	5.400E-2	3.411E-5
1.502E+1	4.800E-2	3.028E-5
1.510E+1	4.200E-2	2.676E-5
1.518E+1	3.600E-2	2.286E-5
1.525E+1	3.000E-2	1.934E-5
1.533E+1	2.400E-2	1.518E-5
1.540E+1	1.800E-2	1.150E-5
1.548E+1	1.200E-2	7.820E-6
1.562E+1	6.000E-3	3.922E-6
1.571E+1	-1.039E-15	-2.199E-7
