1.240E-1	1.200E+0	2.949E-3
2.650E-1	1.194E+0	2.263E-3
3.380E-1	1.188E+0	1.817E-3
4.120E-1	1.182E+0	1.528E-3
4.860E-1	1.176E+0	1.325E-3
5.600E-1	1.170E+0	1.170E-3
6.330E-1	1.164E+0	1.054E-3
7.070E-1	1.158E+0	9.251E-4
8.380E-1	1.152E+0	8.432E-4
9.120E-1	1.146E+0	7.958E-4
9.850E-1	1.140E+0	7.494E-4
1.059E+0	1.134E+0	7.023E-4
1.133E+0	1.128E+0	6.689E-4
1.206E+0	1.122E+0	6.393E-4
1.282E+0	1.116E+0	6.061E-4
1.358E+0	1.110E+0	5.826E-4
1.434E+0	1.104E+0	5.578E-4
1.509E+0	1.098E+0	5.286E-4
1.585E+0	1.092E+0	5.149E-4
1.661E+0	1.086E+0	4.912E-4
1.737E+0	1.080E+0	4.783E-4
1.813E+0	1.074E+0	4.660E-4
1.888E+0	1.068E+0	4.581E-4
1.964E+0	1.062E+0	4.401E-4
2.040E+0	1.056E+0	4.304E-4
2.115E+0	1.050E+0	4.196E-4
2.191E+0	1.044E+0	4.008E-4
2.266E+0	1.038E+0	3.960E-4
2.342E+0	1.032E+0	3.773E-4
2.418E+0	1.026E+0	3.707E-4
2.493E+0	1.020E+0	3.620E-4
2.569E+0	1.014E+0	3.586E-4
2.645E+0	1.008E+0	3.485E-4
2.720E+0	1.002E+0	3.404E-4
2.796E+0	9.960E-1	3.255E-4
2.872E+0	9.900E-1	3.200E-4
2.948E+0	9.840E-1	3.115E-4
3.024E+0	9.780E-1	3.023E-4
3.100E+0	9.720E-1	2.841E-4
3.176E+0	9.660E-1	2.806E-4
3.252E+0	9.600E-1	2.732E-4
3.329E+0	9.540E-1	2.694E-4
3.405E+0	9.480E-1	2.568E-4
3.481E+0	9.420E-1	2.510E-4
3.557E+0	9.360E-1	2.416E-4
3.633E+0	9.300E-1	2.325E-4
3.709E+0	9.240E-1	2.236E-4
3.785E+0	9.180E-1	2.203E-4
3.861E+0	9.120E-1	2.067E-4
3.937E+0	9.060E-1	2.050E-4
4.013E+0	9.000E-1	1.989E-4
4.089E+0	8.940E-1	1.898E-4
4.165E+0	8.880E-1	1.942E-4
4.241E+0	8.820E-1	1.853E-4
4.318E+0	8.760E-1	1.736E-4
4.394E+0	8.700E-1	1.665E-4
4.470E+0	8.640E-1	1.567E-4
4.546E+0	8.580E-1	1.489E-4
4.622E+0	8.520E-1	1.508E-4
4.698E+0	8.460E-1	1.448E-4
4.774E+0	8.400E-1	1.408E-4
4.850E+0	8.340E-1	1.312E-4
4.926E+0	8.280E-1	1.304E-4
5.002E+0	8.220E-1	1.238E-4
5.078E+0	8.160E-1	1.183E-4
5.154E+0	8.100E-1	1.155E-4
5.230E+0	8.040E-1	1.103E-4
5.306E+0	7.980E-1	1.094E-4
5.382E+0	7.920E-1	1.032E-4
5.459E+0	7.860E-1	1.007E-4
5.535E+0	7.800E-1	9.548E-5
5.670E+0	7.740E-1	9.050E-5
5.751E+0	7.680E-1	8.638E-5
5.833E+0	7.620E-1	8.080E-5
5.921E+0	7.560E-1	7.601E-5
5.997E+0	7.500E-1	7.476E-5
6.073E+0	7.440E-1	6.261E-5
6.149E+0	7.380E-1	5.903E-5
6.225E+0	7.320E-1	5.494E-5
6.302E+0	7.260E-1	5.360E-5
6.378E+0	7.200E-1	4.821E-5
6.454E+0	7.140E-1	4.675E-5
6.530E+0	7.080E-1	4.395E-5
6.606E+0	7.020E-1	4.446E-5
6.683E+0	6.960E-1	3.915E-5
6.760E+0	6.900E-1	3.298E-5
6.836E+0	6.840E-1	3.125E-5
6.912E+0	6.780E-1	2.621E-5
6.988E+0	6.720E-1	2.504E-5
7.064E+0	6.660E-1	2.073E-5
7.141E+0	6.600E-1	1.832E-5
7.217E+0	6.540E-1	1.798E-5
7.293E+0	6.480E-1	1.258E-5
7.369E+0	6.420E-1	1.001E-5
7.445E+0	6.360E-1	4.077E-6
7.585E+0	6.300E-1	5.438E-6
7.861E+0	6.240E-1	3.890E-6
7.936E+0	6.180E-1	-1.524E-6
8.011E+0	6.120E-1	-4.702E-6
8.086E+0	6.060E-1	-8.376E-6
8.160E+0	6.000E-1	-7.071E-6
8.235E+0	5.940E-1	-1.000E-5
8.310E+0	5.880E-1	-1.032E-5
8.505E+0	5.820E-1	-1.509E-5
8.578E+0	5.760E-1	-1.411E-5
8.652E+0	5.700E-1	-1.887E-5
8.726E+0	5.640E-1	-2.229E-5
8.799E+0	5.580E-1	-2.461E-5
8.873E+0	5.520E-1	-2.722E-5
8.947E+0	5.460E-1	-2.778E-5
9.021E+0	5.400E-1	-3.086E-5
9.094E+0	5.340E-1	-3.308E-5
9.168E+0	5.280E-1	-3.571E-5
9.244E+0	5.220E-1	-3.571E-5
9.320E+0	5.160E-1	-3.908E-5
9.397E+0	5.100E-1	-4.137E-5
9.473E+0	5.040E-1	-4.366E-5
9.549E+0	4.980E-1	-4.646E-5
9.625E+0	4.920E-1	-5.000E-5
9.701E+0	4.860E-1	-5.505E-5
9.777E+0	4.800E-1	-5.777E-5
9.853E+0	4.740E-1	-5.894E-5
9.929E+0	4.680E-1	-6.054E-5
1.001E+1	4.620E-1	-6.214E-5
1.008E+1	4.560E-1	-6.519E-5
1.016E+1	4.500E-1	-6.749E-5
1.023E+1	4.440E-1	-6.906E-5
1.031E+1	4.380E-1	-7.296E-5
1.039E+1	4.320E-1	-7.354E-5
1.046E+1	4.260E-1	-7.574E-5
1.054E+1	4.200E-1	-7.895E-5
1.061E+1	4.140E-1	-8.329E-5
1.069E+1	4.080E-1	-8.643E-5
1.077E+1	4.020E-1	-8.933E-5
1.084E+1	3.960E-1	-8.978E-5
1.092E+1	3.900E-1	-9.117E-5
1.099E+1	3.840E-1	-9.431E-5
1.107E+1	3.780E-1	-9.510E-5
1.115E+1	3.720E-1	-9.822E-5
1.122E+1	3.660E-1	-1.002E-4
1.130E+1	3.600E-1	-1.029E-4
1.137E+1	3.540E-1	-1.050E-4
1.145E+1	3.480E-1	-1.105E-4
1.164E+1	3.420E-1	-1.078E-4
1.171E+1	3.360E-1	-1.109E-4
1.179E+1	3.300E-1	-1.150E-4
1.186E+1	3.240E-1	-1.172E-4
1.194E+1	3.180E-1	-1.214E-4
1.201E+1	3.120E-1	-1.232E-4
1.208E+1	3.060E-1	-1.259E-4
1.216E+1	3.000E-1	-1.274E-4
1.223E+1	2.940E-1	-1.294E-4
1.230E+1	2.880E-1	-1.318E-4
1.238E+1	2.820E-1	-1.335E-4
1.245E+1	2.760E-1	-1.371E-4
1.252E+1	2.700E-1	-1.386E-4
1.260E+1	2.640E-1	-1.419E-4
1.267E+1	2.580E-1	-1.438E-4
1.274E+1	2.520E-1	-1.465E-4
1.282E+1	2.460E-1	-1.492E-4
1.289E+1	2.400E-1	-1.521E-4
1.297E+1	2.340E-1	-1.543E-4
1.305E+1	2.280E-1	-1.565E-4
1.312E+1	2.220E-1	-1.594E-4
1.320E+1	2.160E-1	-1.615E-4
1.328E+1	2.100E-1	-1.624E-4
1.335E+1	2.040E-1	-1.646E-4
1.343E+1	1.980E-1	-1.669E-4
1.350E+1	1.920E-1	-1.682E-4
1.358E+1	1.860E-1	-1.703E-4
1.366E+1	1.800E-1	-1.729E-4
1.373E+1	1.740E-1	-1.756E-4
1.382E+1	1.680E-1	-1.778E-4
1.389E+1	1.620E-1	-1.803E-4
1.396E+1	1.560E-1	-1.823E-4
1.404E+1	1.500E-1	-1.843E-4
1.411E+1	1.440E-1	-1.861E-4
1.419E+1	1.380E-1	-1.887E-4
1.426E+1	1.320E-1	-1.905E-4
1.434E+1	1.260E-1	-1.924E-4
1.441E+1	1.200E-1	-1.950E-4
1.449E+1	1.140E-1	-1.973E-4
1.457E+1	1.080E-1	-1.997E-4
1.464E+1	1.020E-1	-2.023E-4
1.472E+1	9.600E-2	-2.046E-4
1.480E+1	9.000E-2	-2.062E-4
1.487E+1	8.400E-2	-2.092E-4
1.495E+1	7.800E-2	-2.112E-4
1.502E+1	7.200E-2	-2.137E-4
1.510E+1	6.600E-2	-2.159E-4
1.518E+1	6.000E-2	-2.183E-4
1.525E+1	5.400E-2	-2.204E-4
1.533E+1	4.800E-2	-2.225E-4
1.540E+1	4.200E-2	-2.248E-4
1.548E+1	3.600E-2	-2.270E-4
1.556E+1	3.000E-2	-2.292E-4
1.563E+1	2.400E-2	-2.314E-4
1.571E+1	1.800E-2	-2.338E-4
1.579E+1	1.200E-2	-2.360E-4
1.586E+1	6.000E-3	-2.381E-4
1.594E+1	-1.039E-15	-2.406E-4
