1.230E-1	1.200E+0	1.211E-3
3.790E-1	1.194E+0	1.080E-3
4.530E-1	1.188E+0	9.370E-4
5.840E-1	1.182E+0	8.306E-4
6.650E-1	1.176E+0	7.299E-4
7.460E-1	1.170E+0	6.424E-4
8.340E-1	1.164E+0	5.596E-4
9.100E-1	1.158E+0	4.894E-4
9.860E-1	1.152E+0	4.234E-4
1.061E+0	1.146E+0	3.671E-4
1.137E+0	1.140E+0	3.148E-4
1.213E+0	1.134E+0	2.707E-4
1.289E+0	1.128E+0	2.301E-4
1.365E+0	1.122E+0	1.964E-4
1.441E+0	1.116E+0	1.658E-4
1.516E+0	1.110E+0	1.406E-4
1.592E+0	1.104E+0	1.179E-4
1.668E+0	1.098E+0	9.850E-5
1.803E+0	1.092E+0	8.186E-5
1.884E+0	1.086E+0	6.816E-5
1.973E+0	1.080E+0	5.728E-5
2.049E+0	1.074E+0	4.778E-5
2.124E+0	1.068E+0	4.027E-5
2.200E+0	1.062E+0	3.366E-5
2.276E+0	1.056E+0	2.847E-5
2.352E+0	1.050E+0	2.392E-5
2.427E+0	1.044E+0	2.034E-5
2.503E+0	1.038E+0	1.721E-5
2.579E+0	1.032E+0	1.474E-5
2.654E+0	1.026E+0	1.258E-5
2.730E+0	1.020E+0	1.087E-5
2.806E+0	1.014E+0	9.353E-6
2.945E+0	1.008E+0	8.140E-6
3.032E+0	1.002E+0	7.077E-6
3.107E+0	9.960E-1	6.230E-6
3.184E+0	9.900E-1	5.470E-6
3.260E+0	9.840E-1	4.854E-6
3.336E+0	9.780E-1	4.296E-6
3.412E+0	9.720E-1	3.816E-6
3.488E+0	9.660E-1	3.418E-6
3.565E+0	9.600E-1	3.052E-6
3.641E+0	9.540E-1	2.747E-6
3.717E+0	9.480E-1	2.461E-6
3.793E+0	9.420E-1	2.221E-6
3.869E+0	9.360E-1	1.995E-6
3.945E+0	9.300E-1	1.801E-6
4.022E+0	9.240E-1	1.619E-6
4.098E+0	9.180E-1	1.462E-6
4.174E+0	9.120E-1	1.313E-6
4.250E+0	9.060E-1	1.185E-6
4.326E+0	9.000E-1	1.063E-6
4.402E+0	8.940E-1	9.532E-7
4.549E+0	8.880E-1	8.510E-7
4.625E+0	8.820E-1	7.663E-7
4.702E+0	8.760E-1	6.870E-7
4.778E+0	8.700E-1	6.155E-7
4.854E+0	8.640E-1	5.479E-7
4.930E+0	8.580E-1	4.887E-7
5.007E+0	8.520E-1	4.346E-7
5.083E+0	8.460E-1	3.839E-7
5.159E+0	8.400E-1	3.411E-7
5.235E+0	8.340E-1	3.003E-7
5.311E+0	8.280E-1	2.673E-7
5.388E+0	8.220E-1	2.338E-7
5.464E+0	8.160E-1	2.053E-7
5.540E+0	8.100E-1	1.787E-7
5.616E+0	8.040E-1	1.539E-7
5.692E+0	7.980E-1	1.322E-7
5.769E+0	7.920E-1	1.139E-7
5.845E+0	7.860E-1	9.669E-8
5.921E+0	7.800E-1	8.150E-8
5.998E+0	7.740E-1	6.802E-8
6.074E+0	7.680E-1	5.570E-8
6.150E+0	7.620E-1	4.458E-8
6.226E+0	7.560E-1	3.470E-8
6.302E+0	7.500E-1	2.589E-8
6.378E+0	7.440E-1	1.667E-8
6.454E+0	7.380E-1	9.379E-9
6.530E+0	7.320E-1	2.302E-9
6.606E+0	7.260E-1	-2.414E-9
6.682E+0	7.200E-1	-9.666E-9
6.759E+0	7.140E-1	-1.458E-8
6.835E+0	7.080E-1	-1.916E-8
6.911E+0	7.020E-1	-2.295E-8
6.987E+0	6.960E-1	-2.703E-8
7.063E+0	6.900E-1	-2.989E-8
7.139E+0	6.840E-1	-3.300E-8
7.215E+0	6.780E-1	-3.621E-8
7.291E+0	6.720E-1	-3.923E-8
7.367E+0	6.660E-1	-4.165E-8
7.443E+0	6.600E-1	-4.436E-8
7.519E+0	6.540E-1	-4.660E-8
7.595E+0	6.480E-1	-4.652E-8
7.671E+0	6.420E-1	-4.857E-8
7.747E+0	6.360E-1	-5.042E-8
7.823E+0	6.300E-1	-5.308E-8
7.899E+0	6.240E-1	-5.468E-8
7.975E+0	6.180E-1	-5.577E-8
8.051E+0	6.120E-1	-5.701E-8
8.127E+0	6.060E-1	-5.880E-8
8.203E+0	6.000E-1	-6.038E-8
8.279E+0	5.940E-1	-6.121E-8
8.355E+0	5.880E-1	-6.276E-8
8.431E+0	5.820E-1	-6.392E-8
8.508E+0	5.760E-1	-6.471E-8
8.584E+0	5.700E-1	-6.685E-8
8.660E+0	5.640E-1	-6.732E-8
8.736E+0	5.580E-1	-6.778E-8
8.813E+0	5.520E-1	-6.840E-8
8.889E+0	5.460E-1	-6.955E-8
8.965E+0	5.400E-1	-7.023E-8
9.041E+0	5.340E-1	-7.140E-8
9.117E+0	5.280E-1	-7.179E-8
9.194E+0	5.220E-1	-7.178E-8
9.270E+0	5.160E-1	-7.286E-8
9.346E+0	5.100E-1	-7.297E-8
9.422E+0	5.040E-1	-7.504E-8
9.498E+0	4.980E-1	-7.520E-8
9.574E+0	4.920E-1	-7.544E-8
9.651E+0	4.860E-1	-7.276E-8
9.727E+0	4.800E-1	-7.399E-8
9.803E+0	4.740E-1	-7.464E-8
9.880E+0	4.680E-1	-7.511E-8
9.956E+0	4.620E-1	-7.463E-8
1.003E+1	4.560E-1	-7.488E-8
1.011E+1	4.500E-1	-7.521E-8
1.019E+1	4.440E-1	-7.585E-8
1.026E+1	4.380E-1	-7.620E-8
1.034E+1	4.320E-1	-7.672E-8
1.041E+1	4.260E-1	-7.720E-8
1.049E+1	4.200E-1	-7.711E-8
1.057E+1	4.140E-1	-7.782E-8
1.064E+1	4.080E-1	-7.810E-8
1.072E+1	4.020E-1	-7.846E-8
1.079E+1	3.960E-1	-7.844E-8
1.087E+1	3.900E-1	-7.888E-8
1.095E+1	3.840E-1	-7.920E-8
1.102E+1	3.780E-1	-7.962E-8
1.110E+1	3.720E-1	-7.982E-8
1.118E+1	3.660E-1	-7.994E-8
1.125E+1	3.600E-1	-8.032E-8
1.133E+1	3.540E-1	-8.061E-8
1.140E+1	3.480E-1	-8.091E-8
1.148E+1	3.420E-1	-8.131E-8
1.156E+1	3.360E-1	-8.148E-8
1.163E+1	3.300E-1	-8.197E-8
1.171E+1	3.240E-1	-8.308E-8
1.179E+1	3.180E-1	-8.261E-8
1.186E+1	3.120E-1	-8.054E-8
1.194E+1	3.060E-1	-7.966E-8
1.202E+1	3.000E-1	-7.930E-8
1.209E+1	2.940E-1	-7.983E-8
1.217E+1	2.880E-1	-8.058E-8
1.224E+1	2.820E-1	-8.130E-8
1.232E+1	2.760E-1	-8.208E-8
1.240E+1	2.700E-1	-8.256E-8
1.247E+1	2.640E-1	-8.319E-8
1.255E+1	2.580E-1	-8.372E-8
1.263E+1	2.520E-1	-8.433E-8
1.270E+1	2.460E-1	-8.463E-8
1.278E+1	2.400E-1	-8.509E-8
1.286E+1	2.340E-1	-8.516E-8
1.293E+1	2.280E-1	-8.532E-8
1.301E+1	2.220E-1	-8.536E-8
1.308E+1	2.160E-1	-8.567E-8
1.316E+1	2.100E-1	-8.586E-8
1.324E+1	2.040E-1	-8.638E-8
1.331E+1	1.980E-1	-8.601E-8
1.339E+1	1.920E-1	-8.603E-8
1.346E+1	1.860E-1	-8.635E-8
1.354E+1	1.800E-1	-8.665E-8
1.362E+1	1.740E-1	-8.681E-8
1.369E+1	1.680E-1	-8.685E-8
1.377E+1	1.620E-1	-8.733E-8
1.385E+1	1.560E-1	-8.731E-8
1.392E+1	1.500E-1	-8.763E-8
1.400E+1	1.440E-1	-8.765E-8
1.407E+1	1.380E-1	-8.782E-8
1.415E+1	1.320E-1	-8.758E-8
1.423E+1	1.260E-1	-8.782E-8
1.430E+1	1.200E-1	-8.858E-8
1.438E+1	1.140E-1	-8.891E-8
1.446E+1	1.080E-1	-8.897E-8
1.453E+1	1.020E-1	-8.924E-8
1.461E+1	9.600E-2	-8.949E-8
1.469E+1	9.000E-2	-8.972E-8
1.476E+1	8.400E-2	-8.992E-8
1.484E+1	7.800E-2	-9.011E-8
1.491E+1	7.200E-2	-9.042E-8
1.499E+1	6.600E-2	-9.059E-8
1.507E+1	6.000E-2	-9.085E-8
1.514E+1	5.400E-2	-9.093E-8
1.522E+1	4.800E-2	-9.111E-8
1.530E+1	4.200E-2	-9.119E-8
1.537E+1	3.600E-2	-9.133E-8
1.545E+1	3.000E-2	-9.151E-8
1.553E+1	2.400E-2	-9.168E-8
1.560E+1	1.800E-2	-9.182E-8
1.568E+1	1.200E-2	-9.200E-8
1.575E+1	6.000E-3	-9.214E-8
1.583E+1	-1.039E-15	-9.237E-8
