1.240E-1	1.200E+0	8.048E-4
2.640E-1	1.194E+0	6.930E-4
3.370E-1	1.188E+0	5.982E-4
4.110E-1	1.182E+0	5.202E-4
4.850E-1	1.176E+0	4.476E-4
5.590E-1	1.170E+0	3.858E-4
6.330E-1	1.164E+0	3.269E-4
7.070E-1	1.158E+0	2.764E-4
7.800E-1	1.152E+0	2.281E-4
8.540E-1	1.146E+0	1.870E-4
9.270E-1	1.140E+0	1.475E-4
1.001E+0	1.134E+0	1.140E-4
1.074E+0	1.128E+0	8.443E-5
1.210E+0	1.122E+0	5.419E-5
1.284E+0	1.116E+0	2.700E-5
1.360E+0	1.110E+0	5.004E-6
1.499E+0	1.104E+0	-1.599E-5
1.701E+0	1.098E+0	-3.817E-5
1.775E+0	1.092E+0	-5.778E-5
1.849E+0	1.086E+0	-7.566E-5
1.923E+0	1.080E+0	-9.125E-5
1.996E+0	1.074E+0	-1.044E-4
2.185E+0	1.068E+0	-1.205E-4
2.259E+0	1.062E+0	-1.359E-4
2.332E+0	1.056E+0	-1.493E-4
2.407E+0	1.050E+0	-1.635E-4
2.483E+0	1.044E+0	-1.762E-4
2.558E+0	1.038E+0	-1.896E-4
2.634E+0	1.032E+0	-2.013E-4
2.710E+0	1.026E+0	-2.139E-4
2.785E+0	1.020E+0	-2.251E-4
2.861E+0	1.014E+0	-2.368E-4
2.936E+0	1.008E+0	-2.468E-4
3.012E+0	1.002E+0	-2.573E-4
3.087E+0	9.960E-1	-2.667E-4
3.164E+0	9.900E-1	-2.763E-4
3.240E+0	9.840E-1	-2.846E-4
3.316E+0	9.780E-1	-2.936E-4
3.392E+0	9.720E-1	-3.016E-4
3.468E+0	9.660E-1	-3.084E-4
3.545E+0	9.600E-1	-3.159E-4
3.621E+0	9.540E-1	-3.219E-4
3.697E+0	9.480E-1	-3.285E-4
3.773E+0	9.420E-1	-3.338E-4
3.849E+0	9.360E-1	-3.393E-4
3.925E+0	9.300E-1	-3.442E-4
4.001E+0	9.240E-1	-3.493E-4
4.077E+0	9.180E-1	-3.532E-4
4.153E+0	9.120E-1	-3.576E-4
4.229E+0	9.060E-1	-3.614E-4
4.305E+0	9.000E-1	-3.653E-4
4.381E+0	8.940E-1	-3.686E-4
4.457E+0	8.880E-1	-3.722E-4
4.533E+0	8.820E-1	-3.748E-4
4.610E+0	8.760E-1	-3.783E-4
4.686E+0	8.700E-1	-3.810E-4
4.762E+0	8.640E-1	-3.833E-4
4.838E+0	8.580E-1	-3.864E-4
4.914E+0	8.520E-1	-3.887E-4
4.990E+0	8.460E-1	-3.903E-4
5.066E+0	8.400E-1	-3.928E-4
5.142E+0	8.340E-1	-3.948E-4
5.219E+0	8.280E-1	-3.966E-4
5.295E+0	8.220E-1	-3.985E-4
5.371E+0	8.160E-1	-4.003E-4
5.447E+0	8.100E-1	-4.021E-4
5.523E+0	8.040E-1	-4.032E-4
5.598E+0	7.980E-1	-4.049E-4
5.675E+0	7.920E-1	-4.061E-4
5.751E+0	7.860E-1	-4.073E-4
5.827E+0	7.800E-1	-4.084E-4
5.903E+0	7.740E-1	-4.098E-4
5.979E+0	7.680E-1	-4.111E-4
6.055E+0	7.620E-1	-4.123E-4
6.131E+0	7.560E-1	-4.135E-4
6.207E+0	7.500E-1	-4.145E-4
6.283E+0	7.440E-1	-4.155E-4
6.359E+0	7.380E-1	-4.163E-4
6.435E+0	7.320E-1	-4.170E-4
6.511E+0	7.260E-1	-4.175E-4
6.587E+0	7.200E-1	-4.185E-4
6.663E+0	7.140E-1	-4.194E-4
6.739E+0	7.080E-1	-4.195E-4
6.815E+0	7.020E-1	-4.203E-4
6.891E+0	6.960E-1	-4.216E-4
6.967E+0	6.900E-1	-4.220E-4
7.044E+0	6.840E-1	-4.226E-4
7.120E+0	6.780E-1	-4.234E-4
7.196E+0	6.720E-1	-4.237E-4
7.272E+0	6.660E-1	-4.244E-4
7.348E+0	6.600E-1	-4.245E-4
7.424E+0	6.540E-1	-4.256E-4
7.500E+0	6.480E-1	-4.255E-4
7.576E+0	6.420E-1	-4.265E-4
7.652E+0	6.360E-1	-4.276E-4
7.728E+0	6.300E-1	-4.269E-4
7.804E+0	6.240E-1	-4.279E-4
7.880E+0	6.180E-1	-4.285E-4
7.956E+0	6.120E-1	-4.291E-4
8.032E+0	6.060E-1	-4.294E-4
8.108E+0	6.000E-1	-4.301E-4
8.183E+0	5.940E-1	-4.305E-4
8.259E+0	5.880E-1	-4.308E-4
8.335E+0	5.820E-1	-4.317E-4
8.411E+0	5.760E-1	-4.321E-4
8.487E+0	5.700E-1	-4.324E-4
8.563E+0	5.640E-1	-4.331E-4
8.639E+0	5.580E-1	-4.333E-4
8.715E+0	5.520E-1	-4.334E-4
8.791E+0	5.460E-1	-4.341E-4
8.867E+0	5.400E-1	-4.348E-4
8.943E+0	5.340E-1	-4.349E-4
9.019E+0	5.280E-1	-4.351E-4
9.095E+0	5.220E-1	-4.356E-4
9.171E+0	5.160E-1	-4.354E-4
9.247E+0	5.100E-1	-4.362E-4
9.323E+0	5.040E-1	-4.365E-4
9.399E+0	4.980E-1	-4.369E-4
9.475E+0	4.920E-1	-4.371E-4
9.551E+0	4.860E-1	-4.374E-4
9.627E+0	4.800E-1	-4.377E-4
9.703E+0	4.740E-1	-4.380E-4
9.779E+0	4.680E-1	-4.382E-4
9.856E+0	4.620E-1	-4.387E-4
9.932E+0	4.560E-1	-4.392E-4
1.001E+1	4.500E-1	-4.395E-4
1.008E+1	4.440E-1	-4.399E-4
1.016E+1	4.380E-1	-4.401E-4
1.024E+1	4.320E-1	-4.404E-4
1.031E+1	4.260E-1	-4.407E-4
1.039E+1	4.200E-1	-4.410E-4
1.046E+1	4.140E-1	-4.412E-4
1.054E+1	4.080E-1	-4.417E-4
1.062E+1	4.020E-1	-4.419E-4
1.069E+1	3.960E-1	-4.423E-4
1.077E+1	3.900E-1	-4.423E-4
1.084E+1	3.840E-1	-4.426E-4
1.092E+1	3.780E-1	-4.429E-4
1.100E+1	3.720E-1	-4.429E-4
1.107E+1	3.660E-1	-4.433E-4
1.115E+1	3.600E-1	-4.433E-4
1.122E+1	3.540E-1	-4.438E-4
1.130E+1	3.480E-1	-4.439E-4
1.138E+1	3.420E-1	-4.439E-4
1.145E+1	3.360E-1	-4.439E-4
1.153E+1	3.300E-1	-4.443E-4
1.160E+1	3.240E-1	-4.447E-4
1.168E+1	3.180E-1	-4.450E-4
1.176E+1	3.120E-1	-4.456E-4
1.183E+1	3.060E-1	-4.449E-4
1.191E+1	3.000E-1	-4.459E-4
1.198E+1	2.940E-1	-4.463E-4
1.206E+1	2.880E-1	-4.464E-4
1.214E+1	2.820E-1	-4.467E-4
1.221E+1	2.760E-1	-4.471E-4
1.229E+1	2.700E-1	-4.472E-4
1.236E+1	2.640E-1	-4.477E-4
1.244E+1	2.580E-1	-4.477E-4
1.252E+1	2.520E-1	-4.478E-4
1.259E+1	2.460E-1	-4.481E-4
1.267E+1	2.400E-1	-4.484E-4
1.274E+1	2.340E-1	-4.485E-4
1.282E+1	2.280E-1	-4.486E-4
1.290E+1	2.220E-1	-4.491E-4
1.297E+1	2.160E-1	-4.494E-4
1.305E+1	2.100E-1	-4.494E-4
1.312E+1	2.040E-1	-4.496E-4
1.320E+1	1.980E-1	-4.495E-4
1.328E+1	1.920E-1	-4.495E-4
1.335E+1	1.860E-1	-4.504E-4
1.343E+1	1.800E-1	-4.500E-4
1.351E+1	1.740E-1	-4.505E-4
1.358E+1	1.680E-1	-4.507E-4
1.366E+1	1.620E-1	-4.508E-4
1.373E+1	1.560E-1	-4.507E-4
1.381E+1	1.500E-1	-4.513E-4
1.388E+1	1.440E-1	-4.518E-4
1.396E+1	1.380E-1	-4.519E-4
1.404E+1	1.320E-1	-4.525E-4
1.411E+1	1.260E-1	-4.527E-4
1.419E+1	1.200E-1	-4.527E-4
1.427E+1	1.140E-1	-4.532E-4
1.434E+1	1.080E-1	-4.532E-4
1.442E+1	1.020E-1	-4.533E-4
1.449E+1	9.600E-2	-4.534E-4
1.457E+1	9.000E-2	-4.534E-4
1.464E+1	8.400E-2	-4.543E-4
1.472E+1	7.800E-2	-4.543E-4
1.480E+1	7.200E-2	-4.541E-4
1.488E+1	6.600E-2	-4.545E-4
1.495E+1	6.000E-2	-4.547E-4
1.503E+1	5.400E-2	-4.551E-4
1.510E+1	4.800E-2	-4.549E-4
1.518E+1	4.200E-2	-4.555E-4
1.525E+1	3.600E-2	-4.556E-4
1.533E+1	3.000E-2	-4.560E-4
1.540E+1	2.400E-2	-4.564E-4
1.548E+1	1.800E-2	-4.565E-4
1.556E+1	1.200E-2	-4.568E-4
1.563E+1	6.000E-3	-4.569E-4
1.571E+1	-1.039E-15	-4.571E-4
