1.240E-1	1.200E+0	1.397E-3
3.790E-1	1.194E+0	1.260E-3
4.530E-1	1.188E+0	1.153E-3
5.270E-1	1.182E+0	1.040E-3
6.000E-1	1.176E+0	9.375E-4
7.390E-1	1.170E+0	8.575E-4
8.120E-1	1.164E+0	7.797E-4
8.860E-1	1.158E+0	7.118E-4
9.600E-1	1.152E+0	6.487E-4
1.033E+0	1.146E+0	5.924E-4
1.107E+0	1.140E+0	5.454E-4
1.180E+0	1.134E+0	5.086E-4
1.254E+0	1.128E+0	4.614E-4
1.328E+0	1.122E+0	4.250E-4
1.401E+0	1.116E+0	3.966E-4
1.475E+0	1.110E+0	3.679E-4
1.548E+0	1.104E+0	3.430E-4
1.622E+0	1.098E+0	3.220E-4
1.695E+0	1.092E+0	3.039E-4
1.769E+0	1.086E+0	2.843E-4
1.843E+0	1.080E+0	2.727E-4
1.916E+0	1.074E+0	2.598E-4
1.990E+0	1.068E+0	2.505E-4
2.063E+0	1.062E+0	2.434E-4
2.136E+0	1.056E+0	2.359E-4
2.210E+0	1.050E+0	2.308E-4
2.283E+0	1.044E+0	2.337E-4
2.357E+0	1.038E+0	2.184E-4
2.430E+0	1.032E+0	2.143E-4
2.504E+0	1.026E+0	2.106E-4
2.578E+0	1.020E+0	2.047E-4
2.653E+0	1.014E+0	2.002E-4
2.725E+0	1.008E+0	1.979E-4
2.803E+0	1.002E+0	2.004E-4
2.878E+0	9.960E-1	1.947E-4
2.954E+0	9.900E-1	1.925E-4
3.030E+0	9.840E-1	1.867E-4
3.106E+0	9.780E-1	1.932E-4
3.183E+0	9.720E-1	1.834E-4
3.259E+0	9.660E-1	1.811E-4
3.335E+0	9.600E-1	1.801E-4
3.411E+0	9.540E-1	1.783E-4
3.487E+0	9.480E-1	1.736E-4
3.563E+0	9.420E-1	1.723E-4
3.639E+0	9.360E-1	1.711E-4
3.716E+0	9.300E-1	1.685E-4
3.792E+0	9.240E-1	1.650E-4
3.868E+0	9.180E-1	1.650E-4
3.944E+0	9.120E-1	1.624E-4
4.020E+0	9.060E-1	1.605E-4
4.096E+0	9.000E-1	1.586E-4
4.172E+0	8.940E-1	1.563E-4
4.248E+0	8.880E-1	1.553E-4
4.324E+0	8.820E-1	1.550E-4
4.400E+0	8.760E-1	1.518E-4
4.476E+0	8.700E-1	1.514E-4
4.552E+0	8.640E-1	1.484E-4
4.628E+0	8.580E-1	1.485E-4
4.705E+0	8.520E-1	1.485E-4
4.781E+0	8.460E-1	1.463E-4
4.857E+0	8.400E-1	1.444E-4
4.933E+0	8.340E-1	1.426E-4
5.009E+0	8.280E-1	1.419E-4
5.085E+0	8.220E-1	1.425E-4
5.161E+0	8.160E-1	1.404E-4
5.237E+0	8.100E-1	1.390E-4
5.313E+0	8.040E-1	1.365E-4
5.389E+0	7.980E-1	1.360E-4
5.465E+0	7.920E-1	1.335E-4
5.541E+0	7.860E-1	1.335E-4
5.617E+0	7.800E-1	1.319E-4
5.694E+0	7.740E-1	1.303E-4
5.770E+0	7.680E-1	1.300E-4
5.846E+0	7.620E-1	1.276E-4
5.922E+0	7.560E-1	1.261E-4
5.998E+0	7.500E-1	1.245E-4
6.074E+0	7.440E-1	1.223E-4
6.150E+0	7.380E-1	1.215E-4
6.226E+0	7.320E-1	1.217E-4
6.302E+0	7.260E-1	1.194E-4
6.378E+0	7.200E-1	1.175E-4
6.454E+0	7.140E-1	1.177E-4
6.530E+0	7.080E-1	1.170E-4
6.606E+0	7.020E-1	1.149E-4
6.682E+0	6.960E-1	1.144E-4
6.758E+0	6.900E-1	1.132E-4
6.834E+0	6.840E-1	1.121E-4
6.910E+0	6.780E-1	1.108E-4
6.987E+0	6.720E-1	1.103E-4
7.063E+0	6.660E-1	1.092E-4
7.139E+0	6.600E-1	1.074E-4
7.215E+0	6.540E-1	1.055E-4
7.291E+0	6.480E-1	1.043E-4
7.367E+0	6.420E-1	1.040E-4
7.443E+0	6.360E-1	1.027E-4
7.518E+0	6.300E-1	1.007E-4
7.594E+0	6.240E-1	9.920E-5
7.730E+0	6.180E-1	9.912E-5
7.811E+0	6.120E-1	9.757E-5
7.900E+0	6.060E-1	9.679E-5
7.976E+0	6.000E-1	9.610E-5
8.052E+0	5.940E-1	9.478E-5
8.128E+0	5.880E-1	9.389E-5
8.204E+0	5.820E-1	9.221E-5
8.280E+0	5.760E-1	9.191E-5
8.356E+0	5.700E-1	8.997E-5
8.432E+0	5.640E-1	8.972E-5
8.509E+0	5.580E-1	9.046E-5
8.584E+0	5.520E-1	8.900E-5
8.661E+0	5.460E-1	8.785E-5
8.737E+0	5.400E-1	8.548E-5
8.813E+0	5.340E-1	8.529E-5
8.889E+0	5.280E-1	8.499E-5
8.965E+0	5.220E-1	8.369E-5
9.041E+0	5.160E-1	8.186E-5
9.117E+0	5.100E-1	8.050E-5
9.193E+0	5.040E-1	8.004E-5
9.269E+0	4.980E-1	7.846E-5
9.345E+0	4.920E-1	7.761E-5
9.421E+0	4.860E-1	7.686E-5
9.497E+0	4.800E-1	7.551E-5
9.573E+0	4.740E-1	7.332E-5
9.650E+0	4.680E-1	7.268E-5
9.726E+0	4.620E-1	7.177E-5
9.802E+0	4.560E-1	7.132E-5
9.878E+0	4.500E-1	6.954E-5
9.954E+0	4.440E-1	6.926E-5
1.003E+1	4.380E-1	6.822E-5
1.011E+1	4.320E-1	6.719E-5
1.018E+1	4.260E-1	6.555E-5
1.026E+1	4.200E-1	6.554E-5
1.034E+1	4.140E-1	6.415E-5
1.041E+1	4.080E-1	6.337E-5
1.049E+1	4.020E-1	6.206E-5
1.056E+1	3.960E-1	6.063E-5
1.064E+1	3.900E-1	5.967E-5
1.071E+1	3.840E-1	5.867E-5
1.079E+1	3.780E-1	5.780E-5
1.087E+1	3.720E-1	5.690E-5
1.094E+1	3.660E-1	5.590E-5
1.102E+1	3.600E-1	5.548E-5
1.110E+1	3.540E-1	5.427E-5
1.117E+1	3.480E-1	5.323E-5
1.125E+1	3.420E-1	5.241E-5
1.132E+1	3.360E-1	5.150E-5
1.140E+1	3.300E-1	5.057E-5
1.148E+1	3.240E-1	4.980E-5
1.155E+1	3.180E-1	4.864E-5
1.163E+1	3.120E-1	4.767E-5
1.171E+1	3.060E-1	4.683E-5
1.178E+1	3.000E-1	4.585E-5
1.186E+1	2.940E-1	4.481E-5
1.193E+1	2.880E-1	4.396E-5
1.201E+1	2.820E-1	4.299E-5
1.209E+1	2.760E-1	4.188E-5
1.216E+1	2.700E-1	4.096E-5
1.224E+1	2.640E-1	4.022E-5
1.231E+1	2.580E-1	3.904E-5
1.239E+1	2.520E-1	3.829E-5
1.247E+1	2.460E-1	3.778E-5
1.254E+1	2.400E-1	3.687E-5
1.262E+1	2.340E-1	3.605E-5
1.270E+1	2.280E-1	3.420E-5
1.277E+1	2.220E-1	3.336E-5
1.285E+1	2.160E-1	3.257E-5
1.292E+1	2.100E-1	3.146E-5
1.300E+1	2.040E-1	3.038E-5
1.308E+1	1.980E-1	2.953E-5
1.315E+1	1.920E-1	2.859E-5
1.323E+1	1.860E-1	2.772E-5
1.330E+1	1.800E-1	2.696E-5
1.338E+1	1.740E-1	2.608E-5
1.346E+1	1.680E-1	2.512E-5
1.353E+1	1.620E-1	2.417E-5
1.361E+1	1.560E-1	2.324E-5
1.369E+1	1.500E-1	2.223E-5
1.376E+1	1.440E-1	2.134E-5
1.384E+1	1.380E-1	2.048E-5
1.391E+1	1.320E-1	1.947E-5
1.399E+1	1.260E-1	1.869E-5
1.407E+1	1.200E-1	1.798E-5
1.414E+1	1.140E-1	1.711E-5
1.422E+1	1.080E-1	1.622E-5
1.429E+1	1.020E-1	1.529E-5
1.437E+1	9.600E-2	1.440E-5
1.445E+1	9.000E-2	1.356E-5
1.452E+1	8.400E-2	1.277E-5
1.460E+1	7.800E-2	1.183E-5
1.468E+1	7.200E-2	1.093E-5
1.475E+1	6.600E-2	9.986E-6
1.489E+1	6.000E-2	9.113E-6
1.497E+1	5.400E-2	8.281E-6
1.506E+1	4.800E-2	7.395E-6
1.514E+1	4.200E-2	6.475E-6
1.522E+1	3.600E-2	5.532E-6
1.529E+1	3.000E-2	4.622E-6
1.537E+1	2.400E-2	3.650E-6
1.545E+1	1.800E-2	2.761E-6
1.552E+1	1.200E-2	1.815E-6
1.560E+1	6.000E-3	8.474E-7
1.574E+1	-1.039E-15	-1.251E-8
