1.230E-1	1.200E+0	9.963E-4
2.640E-1	1.194E+0	9.195E-4
3.370E-1	1.188E+0	8.168E-4
4.110E-1	1.182E+0	7.240E-4
4.850E-1	1.176E+0	6.343E-4
5.580E-1	1.170E+0	5.569E-4
6.320E-1	1.164E+0	4.833E-4
7.050E-1	1.158E+0	4.203E-4
7.790E-1	1.152E+0	3.612E-4
8.520E-1	1.146E+0	3.117E-4
9.260E-1	1.140E+0	2.659E-4
9.990E-1	1.134E+0	2.280E-4
1.073E+0	1.128E+0	1.924E-4
1.147E+0	1.122E+0	1.641E-4
1.220E+0	1.116E+0	1.380E-4
1.294E+0	1.110E+0	1.169E-4
1.367E+0	1.104E+0	9.784E-5
1.503E+0	1.098E+0	8.297E-5
1.591E+0	1.092E+0	6.830E-5
1.667E+0	1.086E+0	5.711E-5
1.743E+0	1.080E+0	4.807E-5
1.819E+0	1.074E+0	4.024E-5
1.895E+0	1.068E+0	3.418E-5
1.971E+0	1.062E+0	2.859E-5
2.046E+0	1.056E+0	2.476E-5
2.122E+0	1.050E+0	2.078E-5
2.198E+0	1.044E+0	1.787E-5
2.274E+0	1.038E+0	1.535E-5
2.349E+0	1.032E+0	1.337E-5
2.425E+0	1.026E+0	1.142E-5
2.501E+0	1.020E+0	9.799E-6
2.640E+0	1.014E+0	8.792E-6
2.727E+0	1.008E+0	7.508E-6
2.802E+0	1.002E+0	6.874E-6
2.878E+0	9.960E-1	6.210E-6
2.954E+0	9.900E-1	5.267E-6
3.030E+0	9.840E-1	4.628E-6
3.106E+0	9.780E-1	4.207E-6
3.183E+0	9.720E-1	3.827E-6
3.259E+0	9.660E-1	3.399E-6
3.335E+0	9.600E-1	3.152E-6
3.411E+0	9.540E-1	2.841E-6
3.487E+0	9.480E-1	2.510E-6
3.563E+0	9.420E-1	2.493E-6
3.640E+0	9.360E-1	2.127E-6
3.716E+0	9.300E-1	1.830E-6
3.792E+0	9.240E-1	1.651E-6
3.868E+0	9.180E-1	1.602E-6
3.944E+0	9.120E-1	1.512E-6
4.020E+0	9.060E-1	1.447E-6
4.096E+0	9.000E-1	1.224E-6
4.172E+0	8.940E-1	1.105E-6
4.249E+0	8.880E-1	1.238E-6
4.325E+0	8.820E-1	1.004E-6
4.594E+0	8.760E-1	7.959E-7
4.870E+0	8.700E-1	7.904E-7
5.015E+0	8.640E-1	6.651E-7
5.090E+0	8.580E-1	5.871E-7
5.166E+0	8.520E-1	5.668E-7
5.243E+0	8.460E-1	5.127E-7
5.318E+0	8.400E-1	4.574E-7
5.394E+0	8.340E-1	4.512E-7
5.470E+0	8.280E-1	3.595E-7
5.546E+0	8.220E-1	3.296E-7
5.622E+0	8.160E-1	2.980E-7
5.698E+0	8.100E-1	3.345E-7
5.774E+0	8.040E-1	2.248E-7
5.849E+0	7.980E-1	3.692E-7
5.925E+0	7.920E-1	2.377E-7
6.001E+0	7.860E-1	2.118E-7
6.077E+0	7.800E-1	3.009E-7
6.153E+0	7.740E-1	2.307E-7
6.229E+0	7.680E-1	2.054E-7
6.305E+0	7.620E-1	3.089E-7
6.381E+0	7.560E-1	3.463E-7
6.457E+0	7.500E-1	2.408E-7
6.533E+0	7.440E-1	2.581E-7
6.608E+0	7.380E-1	2.828E-7
6.684E+0	7.320E-1	2.733E-7
6.760E+0	7.260E-1	2.484E-7
6.836E+0	7.200E-1	3.399E-7
6.912E+0	7.140E-1	2.095E-7
6.988E+0	7.080E-1	1.533E-7
7.064E+0	7.020E-1	2.560E-7
7.139E+0	6.960E-1	2.760E-7
7.216E+0	6.900E-1	2.261E-7
7.291E+0	6.840E-1	3.309E-7
7.367E+0	6.780E-1	2.157E-7
7.443E+0	6.720E-1	2.112E-7
7.519E+0	6.660E-1	2.331E-7
7.595E+0	6.600E-1	4.097E-7
7.670E+0	6.540E-1	2.509E-7
7.746E+0	6.480E-1	3.758E-7
7.822E+0	6.420E-1	4.922E-7
7.898E+0	6.360E-1	2.210E-7
7.974E+0	6.300E-1	2.352E-7
8.050E+0	6.240E-1	5.435E-7
8.126E+0	6.180E-1	2.532E-7
8.202E+0	6.120E-1	3.076E-7
8.278E+0	6.060E-1	3.581E-7
8.353E+0	6.000E-1	1.029E-7
8.429E+0	5.940E-1	1.936E-7
8.505E+0	5.880E-1	1.737E-7
8.581E+0	5.820E-1	1.311E-7
8.657E+0	5.760E-1	1.642E-7
8.733E+0	5.700E-1	2.232E-7
8.809E+0	5.640E-1	2.194E-7
8.885E+0	5.580E-1	5.931E-8
8.960E+0	5.520E-1	1.752E-7
9.036E+0	5.460E-1	1.668E-7
9.112E+0	5.400E-1	6.073E-8
9.188E+0	5.340E-1	1.615E-7
9.264E+0	5.280E-1	2.309E-7
9.340E+0	5.220E-1	1.552E-7
9.416E+0	5.160E-1	1.574E-7
9.492E+0	5.100E-1	2.279E-7
9.568E+0	5.040E-1	2.318E-7
9.644E+0	4.980E-1	6.275E-8
9.720E+0	4.920E-1	7.962E-8
9.796E+0	4.860E-1	6.301E-8
9.872E+0	4.800E-1	5.532E-8
9.948E+0	4.740E-1	2.455E-8
1.002E+1	4.680E-1	1.200E-8
1.010E+1	4.620E-1	1.714E-8
1.018E+1	4.560E-1	3.734E-8
1.025E+1	4.500E-1	2.103E-8
1.033E+1	4.440E-1	2.814E-9
1.040E+1	4.380E-1	7.477E-8
1.048E+1	4.320E-1	3.012E-8
1.055E+1	4.260E-1	2.452E-8
1.063E+1	4.200E-1	4.063E-8
1.071E+1	4.140E-1	3.689E-8
1.078E+1	4.080E-1	2.797E-8
1.086E+1	4.020E-1	3.765E-8
1.093E+1	3.960E-1	8.875E-8
1.101E+1	3.900E-1	6.066E-8
1.109E+1	3.840E-1	7.178E-8
1.116E+1	3.780E-1	5.253E-8
1.124E+1	3.720E-1	7.816E-8
1.131E+1	3.660E-1	7.711E-8
1.139E+1	3.600E-1	1.500E-7
1.147E+1	3.540E-1	1.003E-7
1.154E+1	3.480E-1	1.145E-7
1.162E+1	3.420E-1	1.521E-7
1.169E+1	3.360E-1	1.165E-7
1.177E+1	3.300E-1	1.025E-7
1.185E+1	3.240E-1	1.218E-7
1.192E+1	3.180E-1	5.831E-8
1.200E+1	3.120E-1	8.019E-8
1.207E+1	3.060E-1	6.843E-8
1.215E+1	3.000E-1	1.170E-7
1.222E+1	2.940E-1	3.222E-8
1.230E+1	2.880E-1	5.161E-8
1.237E+1	2.820E-1	3.182E-8
1.245E+1	2.760E-1	3.553E-8
1.253E+1	2.700E-1	2.635E-8
1.260E+1	2.640E-1	4.225E-8
1.268E+1	2.580E-1	8.749E-8
1.275E+1	2.520E-1	7.398E-8
1.283E+1	2.460E-1	6.541E-8
1.290E+1	2.400E-1	7.960E-8
1.298E+1	2.340E-1	8.700E-8
1.306E+1	2.280E-1	6.594E-8
1.313E+1	2.220E-1	1.014E-7
1.321E+1	2.160E-1	1.010E-7
1.328E+1	2.100E-1	1.182E-7
1.336E+1	2.040E-1	1.125E-7
1.344E+1	1.980E-1	5.170E-8
1.351E+1	1.920E-1	6.695E-8
1.359E+1	1.860E-1	1.001E-7
1.366E+1	1.800E-1	4.273E-8
1.374E+1	1.740E-1	3.623E-8
1.381E+1	1.680E-1	4.074E-8
1.389E+1	1.620E-1	5.821E-8
1.396E+1	1.560E-1	3.689E-8
1.404E+1	1.500E-1	2.617E-8
1.412E+1	1.440E-1	9.301E-8
1.419E+1	1.380E-1	5.460E-8
1.427E+1	1.320E-1	3.953E-8
1.434E+1	1.260E-1	6.304E-8
1.442E+1	1.200E-1	4.893E-8
1.450E+1	1.140E-1	8.584E-8
1.457E+1	1.080E-1	8.994E-8
1.465E+1	1.020E-1	2.434E-8
1.472E+1	9.600E-2	7.185E-9
1.480E+1	9.000E-2	4.540E-8
1.487E+1	8.400E-2	4.909E-8
1.495E+1	7.800E-2	-5.139E-9
1.503E+1	7.200E-2	-1.196E-8
1.510E+1	6.600E-2	1.227E-8
1.518E+1	6.000E-2	-2.553E-8
1.525E+1	5.400E-2	-2.913E-8
1.533E+1	4.800E-2	-2.912E-8
1.540E+1	4.200E-2	-4.359E-8
1.548E+1	3.600E-2	-5.331E-8
1.556E+1	3.000E-2	-5.634E-8
1.563E+1	2.400E-2	-5.570E-8
1.571E+1	1.800E-2	-6.279E-8
1.578E+1	1.200E-2	-6.841E-8
1.586E+1	6.000E-3	-7.238E-8
1.594E+1	-1.039E-15	-7.838E-8
