1.240E-1	1.200E+0	5.338E-4
2.640E-1	1.194E+0	4.379E-4
3.370E-1	1.188E+0	3.601E-4
4.110E-1	1.182E+0	2.988E-4
4.850E-1	1.176E+0	2.424E-4
5.580E-1	1.170E+0	1.961E-4
6.320E-1	1.164E+0	1.516E-4
7.050E-1	1.158E+0	1.136E-4
7.790E-1	1.152E+0	8.102E-5
9.140E-1	1.146E+0	4.751E-5
9.890E-1	1.140E+0	1.678E-5
1.063E+0	1.134E+0	-2.617E-6
1.205E+0	1.128E+0	-2.977E-5
1.400E+0	1.122E+0	-5.466E-5
1.474E+0	1.116E+0	-7.761E-5
1.547E+0	1.110E+0	-9.707E-5
1.621E+0	1.104E+0	-1.124E-4
1.810E+0	1.098E+0	-1.320E-4
1.884E+0	1.092E+0	-1.506E-4
1.957E+0	1.086E+0	-1.690E-4
2.030E+0	1.080E+0	-1.844E-4
2.104E+0	1.074E+0	-2.018E-4
2.178E+0	1.068E+0	-2.167E-4
2.251E+0	1.062E+0	-2.320E-4
2.326E+0	1.056E+0	-2.453E-4
2.402E+0	1.050E+0	-2.594E-4
2.477E+0	1.044E+0	-2.721E-4
2.553E+0	1.038E+0	-2.834E-4
2.629E+0	1.032E+0	-2.943E-4
2.704E+0	1.026E+0	-3.053E-4
2.780E+0	1.020E+0	-3.144E-4
2.855E+0	1.014E+0	-3.239E-4
2.931E+0	1.008E+0	-3.319E-4
3.007E+0	1.002E+0	-3.402E-4
3.082E+0	9.960E-1	-3.461E-4
3.158E+0	9.900E-1	-3.538E-4
3.234E+0	9.840E-1	-3.596E-4
3.310E+0	9.780E-1	-3.659E-4
3.387E+0	9.720E-1	-3.696E-4
3.463E+0	9.660E-1	-3.749E-4
3.539E+0	9.600E-1	-3.803E-4
3.615E+0	9.540E-1	-3.847E-4
3.691E+0	9.480E-1	-3.889E-4
3.767E+0	9.420E-1	-3.921E-4
3.843E+0	9.360E-1	-3.958E-4
3.920E+0	9.300E-1	-3.995E-4
3.996E+0	9.240E-1	-4.026E-4
4.072E+0	9.180E-1	-4.052E-4
4.148E+0	9.120E-1	-4.086E-4
4.224E+0	9.060E-1	-4.107E-4
4.300E+0	9.000E-1	-4.124E-4
4.376E+0	8.940E-1	-4.152E-4
4.452E+0	8.880E-1	-4.177E-4
4.528E+0	8.820E-1	-4.191E-4
4.604E+0	8.760E-1	-4.225E-4
4.680E+0	8.700E-1	-4.240E-4
4.756E+0	8.640E-1	-4.263E-4
4.832E+0	8.580E-1	-4.274E-4
4.908E+0	8.520E-1	-4.287E-4
4.985E+0	8.460E-1	-4.292E-4
5.060E+0	8.400E-1	-4.314E-4
5.137E+0	8.340E-1	-4.332E-4
5.213E+0	8.280E-1	-4.349E-4
5.289E+0	8.220E-1	-4.363E-4
5.365E+0	8.160E-1	-4.380E-4
5.441E+0	8.100E-1	-4.392E-4
5.517E+0	8.040E-1	-4.402E-4
5.593E+0	7.980E-1	-4.413E-4
5.669E+0	7.920E-1	-4.416E-4
5.745E+0	7.860E-1	-4.421E-4
5.821E+0	7.800E-1	-4.427E-4
5.897E+0	7.740E-1	-4.442E-4
5.973E+0	7.680E-1	-4.452E-4
6.049E+0	7.620E-1	-4.465E-4
6.125E+0	7.560E-1	-4.467E-4
6.202E+0	7.500E-1	-4.476E-4
6.278E+0	7.440E-1	-4.485E-4
6.354E+0	7.380E-1	-4.494E-4
6.430E+0	7.320E-1	-4.493E-4
6.506E+0	7.260E-1	-4.503E-4
6.582E+0	7.200E-1	-4.511E-4
6.658E+0	7.140E-1	-4.513E-4
6.734E+0	7.080E-1	-4.522E-4
6.810E+0	7.020E-1	-4.524E-4
6.886E+0	6.960E-1	-4.534E-4
6.962E+0	6.900E-1	-4.531E-4
7.038E+0	6.840E-1	-4.540E-4
7.114E+0	6.780E-1	-4.546E-4
7.190E+0	6.720E-1	-4.551E-4
7.267E+0	6.660E-1	-4.560E-4
7.343E+0	6.600E-1	-4.568E-4
7.419E+0	6.540E-1	-4.577E-4
7.495E+0	6.480E-1	-4.576E-4
7.571E+0	6.420E-1	-4.582E-4
7.646E+0	6.360E-1	-4.587E-4
7.722E+0	6.300E-1	-4.592E-4
7.798E+0	6.240E-1	-4.600E-4
7.874E+0	6.180E-1	-4.596E-4
7.950E+0	6.120E-1	-4.600E-4
8.026E+0	6.060E-1	-4.605E-4
8.102E+0	6.000E-1	-4.612E-4
8.178E+0	5.940E-1	-4.618E-4
8.254E+0	5.880E-1	-4.614E-4
8.330E+0	5.820E-1	-4.622E-4
8.406E+0	5.760E-1	-4.624E-4
8.482E+0	5.700E-1	-4.625E-4
8.558E+0	5.640E-1	-4.629E-4
8.634E+0	5.580E-1	-4.632E-4
8.710E+0	5.520E-1	-4.632E-4
8.786E+0	5.460E-1	-4.638E-4
8.862E+0	5.400E-1	-4.644E-4
8.938E+0	5.340E-1	-4.638E-4
9.014E+0	5.280E-1	-4.650E-4
9.090E+0	5.220E-1	-4.652E-4
9.166E+0	5.160E-1	-4.656E-4
9.242E+0	5.100E-1	-4.662E-4
9.318E+0	5.040E-1	-4.665E-4
9.394E+0	4.980E-1	-4.666E-4
9.470E+0	4.920E-1	-4.668E-4
9.546E+0	4.860E-1	-4.672E-4
9.622E+0	4.800E-1	-4.676E-4
9.698E+0	4.740E-1	-4.674E-4
9.775E+0	4.680E-1	-4.679E-4
9.851E+0	4.620E-1	-4.682E-4
9.927E+0	4.560E-1	-4.680E-4
1.000E+1	4.500E-1	-4.689E-4
1.008E+1	4.440E-1	-4.691E-4
1.015E+1	4.380E-1	-4.697E-4
1.023E+1	4.320E-1	-4.696E-4
1.031E+1	4.260E-1	-4.701E-4
1.038E+1	4.200E-1	-4.697E-4
1.046E+1	4.140E-1	-4.706E-4
1.054E+1	4.080E-1	-4.711E-4
1.061E+1	4.020E-1	-4.708E-4
1.069E+1	3.960E-1	-4.712E-4
1.076E+1	3.900E-1	-4.709E-4
1.084E+1	3.840E-1	-4.719E-4
1.092E+1	3.780E-1	-4.725E-4
1.099E+1	3.720E-1	-4.721E-4
1.107E+1	3.660E-1	-4.729E-4
1.114E+1	3.600E-1	-4.730E-4
1.122E+1	3.540E-1	-4.733E-4
1.130E+1	3.480E-1	-4.732E-4
1.137E+1	3.420E-1	-4.740E-4
1.145E+1	3.360E-1	-4.744E-4
1.153E+1	3.300E-1	-4.744E-4
1.160E+1	3.240E-1	-4.749E-4
1.168E+1	3.180E-1	-4.746E-4
1.175E+1	3.120E-1	-4.750E-4
1.183E+1	3.060E-1	-4.756E-4
1.191E+1	3.000E-1	-4.756E-4
1.198E+1	2.940E-1	-4.759E-4
1.206E+1	2.880E-1	-4.759E-4
1.213E+1	2.820E-1	-4.758E-4
1.221E+1	2.760E-1	-4.765E-4
1.229E+1	2.700E-1	-4.765E-4
1.236E+1	2.640E-1	-4.765E-4
1.244E+1	2.580E-1	-4.767E-4
1.251E+1	2.520E-1	-4.775E-4
1.259E+1	2.460E-1	-4.773E-4
1.267E+1	2.400E-1	-4.775E-4
1.274E+1	2.340E-1	-4.775E-4
1.282E+1	2.280E-1	-4.779E-4
1.289E+1	2.220E-1	-4.781E-4
1.297E+1	2.160E-1	-4.776E-4
1.305E+1	2.100E-1	-4.785E-4
1.312E+1	2.040E-1	-4.784E-4
1.320E+1	1.980E-1	-4.789E-4
1.328E+1	1.920E-1	-4.786E-4
1.335E+1	1.860E-1	-4.793E-4
1.343E+1	1.800E-1	-4.794E-4
1.350E+1	1.740E-1	-4.797E-4
1.358E+1	1.680E-1	-4.795E-4
1.366E+1	1.620E-1	-4.800E-4
1.373E+1	1.560E-1	-4.802E-4
1.381E+1	1.500E-1	-4.805E-4
1.388E+1	1.440E-1	-4.807E-4
1.396E+1	1.380E-1	-4.810E-4
1.404E+1	1.320E-1	-4.814E-4
1.411E+1	1.260E-1	-4.813E-4
1.419E+1	1.200E-1	-4.813E-4
1.427E+1	1.140E-1	-4.820E-4
1.434E+1	1.080E-1	-4.820E-4
1.442E+1	1.020E-1	-4.821E-4
1.449E+1	9.600E-2	-4.825E-4
1.457E+1	9.000E-2	-4.826E-4
1.464E+1	8.400E-2	-4.825E-4
1.472E+1	7.800E-2	-4.828E-4
1.480E+1	7.200E-2	-4.829E-4
1.487E+1	6.600E-2	-4.837E-4
1.495E+1	6.000E-2	-4.835E-4
1.503E+1	5.400E-2	-4.836E-4
1.510E+1	4.800E-2	-4.839E-4
1.518E+1	4.200E-2	-4.838E-4
1.526E+1	3.600E-2	-4.840E-4
1.533E+1	3.000E-2	-4.842E-4
1.541E+1	2.400E-2	-4.843E-4
1.548E+1	1.800E-2	-4.849E-4
1.556E+1	1.200E-2	-4.849E-4
1.564E+1	6.000E-3	-4.848E-4
1.571E+1	-1.039E-15	-4.852E-4
