1.240E-1	1.200E+0	1.024E-3
2.640E-1	1.194E+0	8.591E-4
3.370E-1	1.188E+0	7.188E-4
4.110E-1	1.182E+0	6.049E-4
4.840E-1	1.176E+0	5.078E-4
5.580E-1	1.170E+0	4.296E-4
6.320E-1	1.164E+0	3.629E-4
7.050E-1	1.158E+0	3.098E-4
7.780E-1	1.152E+0	2.650E-4
8.520E-1	1.146E+0	2.296E-4
9.260E-1	1.140E+0	1.996E-4
9.990E-1	1.134E+0	1.763E-4
1.073E+0	1.128E+0	1.567E-4
1.147E+0	1.122E+0	1.413E-4
1.220E+0	1.116E+0	1.282E-4
1.294E+0	1.110E+0	1.179E-4
1.367E+0	1.104E+0	1.090E-4
1.441E+0	1.098E+0	1.019E-4
1.514E+0	1.092E+0	9.535E-5
1.650E+0	1.086E+0	9.025E-5
1.738E+0	1.080E+0	8.631E-5
1.814E+0	1.074E+0	8.241E-5
1.890E+0	1.068E+0	7.907E-5
1.966E+0	1.062E+0	7.540E-5
2.041E+0	1.056E+0	7.271E-5
2.117E+0	1.050E+0	7.008E-5
2.192E+0	1.044E+0	6.779E-5
2.268E+0	1.038E+0	6.539E-5
2.344E+0	1.032E+0	6.330E-5
2.420E+0	1.026E+0	6.121E-5
2.495E+0	1.020E+0	5.932E-5
2.571E+0	1.014E+0	5.742E-5
2.647E+0	1.008E+0	5.567E-5
2.722E+0	1.002E+0	5.384E-5
2.798E+0	9.960E-1	5.227E-5
2.874E+0	9.900E-1	5.057E-5
2.950E+0	9.840E-1	4.907E-5
3.027E+0	9.780E-1	4.754E-5
3.103E+0	9.720E-1	4.610E-5
3.179E+0	9.660E-1	4.476E-5
3.255E+0	9.600E-1	4.339E-5
3.332E+0	9.540E-1	4.218E-5
3.408E+0	9.480E-1	4.104E-5
3.484E+0	9.420E-1	3.987E-5
3.560E+0	9.360E-1	3.871E-5
3.636E+0	9.300E-1	3.762E-5
3.713E+0	9.240E-1	3.653E-5
3.789E+0	9.180E-1	3.543E-5
3.865E+0	9.120E-1	3.440E-5
3.941E+0	9.060E-1	3.354E-5
4.017E+0	9.000E-1	3.261E-5
4.093E+0	8.940E-1	3.176E-5
4.170E+0	8.880E-1	3.088E-5
4.246E+0	8.820E-1	3.008E-5
4.322E+0	8.760E-1	2.925E-5
4.398E+0	8.700E-1	2.849E-5
4.474E+0	8.640E-1	2.773E-5
4.551E+0	8.580E-1	2.698E-5
4.627E+0	8.520E-1	2.641E-5
4.703E+0	8.460E-1	2.572E-5
4.779E+0	8.400E-1	2.509E-5
4.855E+0	8.340E-1	2.442E-5
4.931E+0	8.280E-1	2.368E-5
5.007E+0	8.220E-1	2.303E-5
5.083E+0	8.160E-1	2.246E-5
5.160E+0	8.100E-1	2.189E-5
5.236E+0	8.040E-1	2.139E-5
5.312E+0	7.980E-1	2.080E-5
5.388E+0	7.920E-1	2.027E-5
5.464E+0	7.860E-1	1.973E-5
5.541E+0	7.800E-1	1.923E-5
5.617E+0	7.740E-1	1.870E-5
5.693E+0	7.680E-1	1.822E-5
5.769E+0	7.620E-1	1.771E-5
5.846E+0	7.560E-1	1.725E-5
5.922E+0	7.500E-1	1.683E-5
5.998E+0	7.440E-1	1.635E-5
6.074E+0	7.380E-1	1.593E-5
6.150E+0	7.320E-1	1.550E-5
6.226E+0	7.260E-1	1.511E-5
6.302E+0	7.200E-1	1.471E-5
6.378E+0	7.140E-1	1.430E-5
6.455E+0	7.080E-1	1.390E-5
6.531E+0	7.020E-1	1.355E-5
6.607E+0	6.960E-1	1.316E-5
6.683E+0	6.900E-1	1.284E-5
6.759E+0	6.840E-1	1.252E-5
6.835E+0	6.780E-1	1.212E-5
6.912E+0	6.720E-1	1.177E-5
6.988E+0	6.660E-1	1.144E-5
7.064E+0	6.600E-1	1.110E-5
7.140E+0	6.540E-1	1.078E-5
7.216E+0	6.480E-1	1.047E-5
7.292E+0	6.420E-1	1.015E-5
7.368E+0	6.360E-1	9.883E-6
7.508E+0	6.300E-1	9.591E-6
7.594E+0	6.240E-1	9.316E-6
7.671E+0	6.180E-1	9.037E-6
7.747E+0	6.120E-1	8.781E-6
7.823E+0	6.060E-1	8.521E-6
7.899E+0	6.000E-1	8.262E-6
7.975E+0	5.940E-1	8.014E-6
8.051E+0	5.880E-1	7.763E-6
8.127E+0	5.820E-1	7.517E-6
8.203E+0	5.760E-1	7.294E-6
8.279E+0	5.700E-1	7.066E-6
8.355E+0	5.640E-1	6.843E-6
8.431E+0	5.580E-1	6.633E-6
8.507E+0	5.520E-1	6.430E-6
8.583E+0	5.460E-1	6.167E-6
8.659E+0	5.400E-1	5.960E-6
8.736E+0	5.340E-1	5.795E-6
8.812E+0	5.280E-1	5.600E-6
8.888E+0	5.220E-1	5.431E-6
8.964E+0	5.160E-1	5.247E-6
9.040E+0	5.100E-1	5.078E-6
9.116E+0	5.040E-1	4.900E-6
9.192E+0	4.980E-1	4.729E-6
9.268E+0	4.920E-1	4.564E-6
9.344E+0	4.860E-1	4.404E-6
9.420E+0	4.800E-1	4.246E-6
9.497E+0	4.740E-1	4.102E-6
9.573E+0	4.680E-1	3.954E-6
9.649E+0	4.620E-1	3.809E-6
9.725E+0	4.560E-1	3.669E-6
9.801E+0	4.500E-1	3.542E-6
9.877E+0	4.440E-1	3.400E-6
9.953E+0	4.380E-1	3.282E-6
1.003E+1	4.320E-1	3.157E-6
1.011E+1	4.260E-1	3.030E-6
1.018E+1	4.200E-1	2.919E-6
1.026E+1	4.140E-1	2.811E-6
1.033E+1	4.080E-1	2.717E-6
1.041E+1	4.020E-1	2.599E-6
1.049E+1	3.960E-1	2.501E-6
1.056E+1	3.900E-1	2.401E-6
1.064E+1	3.840E-1	2.315E-6
1.071E+1	3.780E-1	2.214E-6
1.079E+1	3.720E-1	2.124E-6
1.087E+1	3.660E-1	2.039E-6
1.094E+1	3.600E-1	1.955E-6
1.102E+1	3.540E-1	1.871E-6
1.110E+1	3.480E-1	1.792E-6
1.117E+1	3.420E-1	1.710E-6
1.125E+1	3.360E-1	1.632E-6
1.132E+1	3.300E-1	1.562E-6
1.140E+1	3.240E-1	1.491E-6
1.148E+1	3.180E-1	1.416E-6
1.155E+1	3.120E-1	1.348E-6
1.163E+1	3.060E-1	1.293E-6
1.171E+1	3.000E-1	1.232E-6
1.178E+1	2.940E-1	1.177E-6
1.186E+1	2.880E-1	1.117E-6
1.193E+1	2.820E-1	1.067E-6
1.201E+1	2.760E-1	1.018E-6
1.209E+1	2.700E-1	9.655E-7
1.223E+1	2.640E-1	9.131E-7
1.231E+1	2.580E-1	8.658E-7
1.238E+1	2.520E-1	8.144E-7
1.246E+1	2.460E-1	7.734E-7
1.254E+1	2.400E-1	7.345E-7
1.261E+1	2.340E-1	6.952E-7
1.269E+1	2.280E-1	6.527E-7
1.277E+1	2.220E-1	6.183E-7
1.284E+1	2.160E-1	5.800E-7
1.292E+1	2.100E-1	5.433E-7
1.299E+1	2.040E-1	5.153E-7
1.307E+1	1.980E-1	4.856E-7
1.315E+1	1.920E-1	4.480E-7
1.322E+1	1.860E-1	4.198E-7
1.330E+1	1.800E-1	3.938E-7
1.337E+1	1.740E-1	3.646E-7
1.345E+1	1.680E-1	3.383E-7
1.353E+1	1.620E-1	3.151E-7
1.361E+1	1.560E-1	2.866E-7
1.368E+1	1.500E-1	2.645E-7
1.376E+1	1.440E-1	2.451E-7
1.383E+1	1.380E-1	2.250E-7
1.391E+1	1.320E-1	2.068E-7
1.398E+1	1.260E-1	1.869E-7
1.406E+1	1.200E-1	1.697E-7
1.414E+1	1.140E-1	1.529E-7
1.421E+1	1.080E-1	1.379E-7
1.429E+1	1.020E-1	1.173E-7
1.437E+1	9.600E-2	1.012E-7
1.444E+1	9.000E-2	8.693E-8
1.452E+1	8.400E-2	7.269E-8
1.460E+1	7.800E-2	5.978E-8
1.467E+1	7.200E-2	4.890E-8
1.475E+1	6.600E-2	3.640E-8
1.482E+1	6.000E-2	2.361E-8
1.490E+1	5.400E-2	1.074E-8
1.498E+1	4.800E-2	2.639E-9
1.505E+1	4.200E-2	-7.771E-9
1.513E+1	3.600E-2	-1.873E-8
1.521E+1	3.000E-2	-2.917E-8
1.528E+1	2.400E-2	-3.967E-8
1.536E+1	1.800E-2	-4.915E-8
1.543E+1	1.200E-2	-5.909E-8
1.551E+1	6.000E-3	-6.899E-8
1.559E+1	-1.039E-15	-7.952E-8
