1.240E-1	1.200E+0	4.697E-4
2.640E-1	1.194E+0	3.982E-4
3.380E-1	1.188E+0	3.410E-4
4.110E-1	1.182E+0	2.970E-4
4.850E-1	1.176E+0	2.592E-4
5.590E-1	1.170E+0	2.291E-4
6.320E-1	1.164E+0	2.021E-4
7.060E-1	1.158E+0	1.800E-4
7.790E-1	1.152E+0	1.596E-4
8.530E-1	1.146E+0	1.426E-4
9.260E-1	1.140E+0	1.261E-4
1.000E+0	1.134E+0	1.122E-4
1.074E+0	1.128E+0	1.002E-4
1.210E+0	1.122E+0	8.651E-5
1.284E+0	1.116E+0	7.381E-5
1.360E+0	1.110E+0	6.247E-5
1.435E+0	1.104E+0	5.053E-5
1.511E+0	1.098E+0	3.974E-5
1.587E+0	1.092E+0	2.827E-5
1.663E+0	1.086E+0	1.700E-5
1.739E+0	1.080E+0	8.303E-6
1.878E+0	1.074E+0	-1.780E-7
2.035E+0	1.068E+0	-1.106E-5
2.233E+0	1.062E+0	-2.355E-5
2.306E+0	1.056E+0	-3.335E-5
2.380E+0	1.050E+0	-4.363E-5
2.453E+0	1.044E+0	-5.305E-5
2.527E+0	1.038E+0	-6.215E-5
2.600E+0	1.032E+0	-7.047E-5
2.674E+0	1.026E+0	-7.908E-5
2.747E+0	1.020E+0	-8.674E-5
2.821E+0	1.014E+0	-9.443E-5
2.894E+0	1.008E+0	-1.013E-4
2.968E+0	1.002E+0	-1.083E-4
3.157E+0	9.960E-1	-1.131E-4
3.236E+0	9.900E-1	-1.194E-4
3.312E+0	9.840E-1	-1.244E-4
3.388E+0	9.780E-1	-1.298E-4
3.464E+0	9.720E-1	-1.347E-4
3.540E+0	9.660E-1	-1.388E-4
3.616E+0	9.600E-1	-1.434E-4
3.692E+0	9.540E-1	-1.469E-4
3.768E+0	9.480E-1	-1.509E-4
3.844E+0	9.420E-1	-1.542E-4
3.920E+0	9.360E-1	-1.577E-4
3.997E+0	9.300E-1	-1.606E-4
4.073E+0	9.240E-1	-1.639E-4
4.149E+0	9.180E-1	-1.663E-4
4.225E+0	9.120E-1	-1.691E-4
4.301E+0	9.060E-1	-1.716E-4
4.377E+0	9.000E-1	-1.743E-4
4.453E+0	8.940E-1	-1.766E-4
4.529E+0	8.880E-1	-1.791E-4
4.605E+0	8.820E-1	-1.811E-4
4.682E+0	8.760E-1	-1.831E-4
4.758E+0	8.700E-1	-1.849E-4
4.834E+0	8.640E-1	-1.870E-4
4.910E+0	8.580E-1	-1.888E-4
4.986E+0	8.520E-1	-1.904E-4
5.062E+0	8.460E-1	-1.923E-4
5.139E+0	8.400E-1	-1.941E-4
5.215E+0	8.340E-1	-1.955E-4
5.291E+0	8.280E-1	-1.969E-4
5.367E+0	8.220E-1	-1.984E-4
5.443E+0	8.160E-1	-1.998E-4
5.519E+0	8.100E-1	-2.010E-4
5.595E+0	8.040E-1	-2.027E-4
5.671E+0	7.980E-1	-2.039E-4
5.747E+0	7.920E-1	-2.050E-4
5.823E+0	7.860E-1	-2.063E-4
5.899E+0	7.800E-1	-2.075E-4
5.975E+0	7.740E-1	-2.087E-4
6.052E+0	7.680E-1	-2.099E-4
6.128E+0	7.620E-1	-2.108E-4
6.204E+0	7.560E-1	-2.119E-4
6.280E+0	7.500E-1	-2.129E-4
6.356E+0	7.440E-1	-2.137E-4
6.432E+0	7.380E-1	-2.149E-4
6.508E+0	7.320E-1	-2.159E-4
6.584E+0	7.260E-1	-2.169E-4
6.660E+0	7.200E-1	-2.180E-4
6.736E+0	7.140E-1	-2.187E-4
6.812E+0	7.080E-1	-2.196E-4
6.888E+0	7.020E-1	-2.203E-4
6.964E+0	6.960E-1	-2.210E-4
7.040E+0	6.900E-1	-2.216E-4
7.116E+0	6.840E-1	-2.227E-4
7.192E+0	6.780E-1	-2.233E-4
7.268E+0	6.720E-1	-2.242E-4
7.345E+0	6.660E-1	-2.248E-4
7.421E+0	6.600E-1	-2.258E-4
7.497E+0	6.540E-1	-2.263E-4
7.573E+0	6.480E-1	-2.270E-4
7.649E+0	6.420E-1	-2.277E-4
7.725E+0	6.360E-1	-2.283E-4
7.801E+0	6.300E-1	-2.291E-4
7.877E+0	6.240E-1	-2.295E-4
7.952E+0	6.180E-1	-2.302E-4
8.028E+0	6.120E-1	-2.308E-4
8.104E+0	6.060E-1	-2.315E-4
8.180E+0	6.000E-1	-2.320E-4
8.256E+0	5.940E-1	-2.326E-4
8.332E+0	5.880E-1	-2.333E-4
8.408E+0	5.820E-1	-2.340E-4
8.484E+0	5.760E-1	-2.343E-4
8.560E+0	5.700E-1	-2.349E-4
8.636E+0	5.640E-1	-2.358E-4
8.712E+0	5.580E-1	-2.362E-4
8.788E+0	5.520E-1	-2.367E-4
8.864E+0	5.460E-1	-2.372E-4
8.940E+0	5.400E-1	-2.378E-4
9.016E+0	5.340E-1	-2.381E-4
9.092E+0	5.280E-1	-2.386E-4
9.168E+0	5.220E-1	-2.390E-4
9.244E+0	5.160E-1	-2.395E-4
9.320E+0	5.100E-1	-2.398E-4
9.396E+0	5.040E-1	-2.403E-4
9.472E+0	4.980E-1	-2.408E-4
9.548E+0	4.920E-1	-2.412E-4
9.624E+0	4.860E-1	-2.417E-4
9.700E+0	4.800E-1	-2.417E-4
9.776E+0	4.740E-1	-2.424E-4
9.852E+0	4.680E-1	-2.428E-4
9.928E+0	4.620E-1	-2.431E-4
1.000E+1	4.560E-1	-2.435E-4
1.008E+1	4.500E-1	-2.440E-4
1.016E+1	4.440E-1	-2.444E-4
1.023E+1	4.380E-1	-2.445E-4
1.031E+1	4.320E-1	-2.452E-4
1.038E+1	4.260E-1	-2.452E-4
1.046E+1	4.200E-1	-2.458E-4
1.054E+1	4.140E-1	-2.461E-4
1.061E+1	4.080E-1	-2.463E-4
1.069E+1	4.020E-1	-2.466E-4
1.076E+1	3.960E-1	-2.467E-4
1.084E+1	3.900E-1	-2.472E-4
1.092E+1	3.840E-1	-2.473E-4
1.099E+1	3.780E-1	-2.479E-4
1.107E+1	3.720E-1	-2.480E-4
1.114E+1	3.660E-1	-2.484E-4
1.122E+1	3.600E-1	-2.487E-4
1.130E+1	3.540E-1	-2.490E-4
1.137E+1	3.480E-1	-2.491E-4
1.145E+1	3.420E-1	-2.494E-4
1.153E+1	3.360E-1	-2.497E-4
1.160E+1	3.300E-1	-2.502E-4
1.168E+1	3.240E-1	-2.503E-4
1.175E+1	3.180E-1	-2.506E-4
1.183E+1	3.120E-1	-2.509E-4
1.190E+1	3.060E-1	-2.508E-4
1.198E+1	3.000E-1	-2.512E-4
1.206E+1	2.940E-1	-2.513E-4
1.213E+1	2.880E-1	-2.516E-4
1.221E+1	2.820E-1	-2.521E-4
1.229E+1	2.760E-1	-2.523E-4
1.236E+1	2.700E-1	-2.520E-4
1.244E+1	2.640E-1	-2.525E-4
1.251E+1	2.580E-1	-2.527E-4
1.259E+1	2.520E-1	-2.529E-4
1.266E+1	2.460E-1	-2.534E-4
1.274E+1	2.400E-1	-2.535E-4
1.282E+1	2.340E-1	-2.537E-4
1.289E+1	2.280E-1	-2.538E-4
1.297E+1	2.220E-1	-2.539E-4
1.304E+1	2.160E-1	-2.542E-4
1.312E+1	2.100E-1	-2.543E-4
1.320E+1	2.040E-1	-2.548E-4
1.327E+1	1.980E-1	-2.549E-4
1.335E+1	1.920E-1	-2.551E-4
1.343E+1	1.860E-1	-2.552E-4
1.350E+1	1.800E-1	-2.554E-4
1.358E+1	1.740E-1	-2.557E-4
1.365E+1	1.680E-1	-2.557E-4
1.373E+1	1.620E-1	-2.564E-4
1.380E+1	1.560E-1	-2.563E-4
1.388E+1	1.500E-1	-2.564E-4
1.396E+1	1.440E-1	-2.567E-4
1.403E+1	1.380E-1	-2.567E-4
1.411E+1	1.320E-1	-2.572E-4
1.419E+1	1.260E-1	-2.573E-4
1.426E+1	1.200E-1	-2.575E-4
1.434E+1	1.140E-1	-2.576E-4
1.441E+1	1.080E-1	-2.576E-4
1.449E+1	1.020E-1	-2.578E-4
1.456E+1	9.600E-2	-2.580E-4
1.464E+1	9.000E-2	-2.582E-4
1.472E+1	8.400E-2	-2.582E-4
1.479E+1	7.800E-2	-2.586E-4
1.487E+1	7.200E-2	-2.588E-4
1.495E+1	6.600E-2	-2.587E-4
1.502E+1	6.000E-2	-2.591E-4
1.510E+1	5.400E-2	-2.587E-4
1.518E+1	4.800E-2	-2.595E-4
1.525E+1	4.200E-2	-2.596E-4
1.533E+1	3.600E-2	-2.598E-4
1.540E+1	3.000E-2	-2.598E-4
1.548E+1	2.400E-2	-2.599E-4
1.555E+1	1.800E-2	-2.600E-4
1.563E+1	1.200E-2	-2.602E-4
1.571E+1	6.000E-3	-2.605E-4
1.578E+1	-1.039E-15	-2.607E-4
