1.240E-1	1.200E+0	2.114E-3
2.650E-1	1.194E+0	1.897E-3
3.380E-1	1.188E+0	1.681E-3
4.120E-1	1.182E+0	1.488E-3
4.860E-1	1.176E+0	1.307E-3
5.600E-1	1.170E+0	1.149E-3
6.340E-1	1.164E+0	1.002E-3
7.070E-1	1.158E+0	8.443E-4
8.390E-1	1.152E+0	7.306E-4
9.120E-1	1.146E+0	6.341E-4
9.860E-1	1.140E+0	5.453E-4
1.060E+0	1.134E+0	4.703E-4
1.133E+0	1.128E+0	4.020E-4
1.209E+0	1.122E+0	3.443E-4
1.285E+0	1.116E+0	2.921E-4
1.361E+0	1.110E+0	2.488E-4
1.437E+0	1.104E+0	2.099E-4
1.513E+0	1.098E+0	1.781E-4
1.589E+0	1.092E+0	1.497E-4
1.664E+0	1.086E+0	1.256E-4
1.740E+0	1.080E+0	1.061E-4
1.816E+0	1.074E+0	8.716E-5
1.952E+0	1.068E+0	7.317E-5
2.033E+0	1.062E+0	6.097E-5
2.121E+0	1.056E+0	5.132E-5
2.197E+0	1.050E+0	4.291E-5
2.272E+0	1.044E+0	3.624E-5
2.348E+0	1.038E+0	3.038E-5
2.424E+0	1.032E+0	2.572E-5
2.500E+0	1.026E+0	2.163E-5
2.575E+0	1.020E+0	1.838E-5
2.651E+0	1.014E+0	1.552E-5
2.727E+0	1.008E+0	1.325E-5
2.803E+0	1.002E+0	1.125E-5
2.878E+0	9.960E-1	9.655E-6
3.018E+0	9.900E-1	8.233E-6
3.105E+0	9.840E-1	7.103E-6
3.182E+0	9.780E-1	6.104E-6
3.258E+0	9.720E-1	5.267E-6
3.334E+0	9.660E-1	4.597E-6
3.411E+0	9.600E-1	3.995E-6
3.487E+0	9.540E-1	3.509E-6
3.563E+0	9.480E-1	3.069E-6
3.639E+0	9.420E-1	2.709E-6
3.717E+0	9.360E-1	2.382E-6
3.793E+0	9.300E-1	2.111E-6
3.869E+0	9.240E-1	1.864E-6
3.945E+0	9.180E-1	1.658E-6
4.021E+0	9.120E-1	1.468E-6
4.098E+0	9.060E-1	1.310E-6
4.174E+0	9.000E-1	1.163E-6
4.250E+0	8.940E-1	1.040E-6
4.326E+0	8.880E-1	9.172E-7
4.473E+0	8.820E-1	8.217E-7
4.550E+0	8.760E-1	7.317E-7
4.626E+0	8.700E-1	6.548E-7
4.702E+0	8.640E-1	5.822E-7
4.779E+0	8.580E-1	5.177E-7
4.855E+0	8.520E-1	4.621E-7
4.931E+0	8.460E-1	4.094E-7
5.007E+0	8.400E-1	3.644E-7
5.084E+0	8.340E-1	3.220E-7
5.160E+0	8.280E-1	2.855E-7
5.236E+0	8.220E-1	2.507E-7
5.313E+0	8.160E-1	2.212E-7
5.389E+0	8.100E-1	1.928E-7
5.465E+0	8.040E-1	1.686E-7
5.541E+0	7.980E-1	1.455E-7
5.618E+0	7.920E-1	1.259E-7
5.694E+0	7.860E-1	1.071E-7
5.770E+0	7.800E-1	9.119E-8
5.847E+0	7.740E-1	7.601E-8
5.923E+0	7.680E-1	6.325E-8
6.000E+0	7.620E-1	5.079E-8
6.076E+0	7.560E-1	3.972E-8
6.152E+0	7.500E-1	2.994E-8
6.228E+0	7.440E-1	2.097E-8
6.304E+0	7.380E-1	1.317E-8
6.381E+0	7.320E-1	5.698E-9
6.457E+0	7.260E-1	-5.543E-10
6.533E+0	7.200E-1	-6.678E-9
6.609E+0	7.140E-1	-1.188E-8
6.685E+0	7.080E-1	-1.687E-8
6.762E+0	7.020E-1	-2.105E-8
6.838E+0	6.960E-1	-2.505E-8
6.914E+0	6.900E-1	-2.859E-8
6.990E+0	6.840E-1	-3.198E-8
7.066E+0	6.780E-1	-3.483E-8
7.142E+0	6.720E-1	-3.758E-8
7.219E+0	6.660E-1	-3.992E-8
7.295E+0	6.600E-1	-4.216E-8
7.371E+0	6.540E-1	-4.416E-8
7.447E+0	6.480E-1	-4.600E-8
7.523E+0	6.420E-1	-4.770E-8
7.599E+0	6.360E-1	-4.909E-8
7.675E+0	6.300E-1	-5.061E-8
7.751E+0	6.240E-1	-5.165E-8
7.827E+0	6.180E-1	-5.278E-8
7.903E+0	6.120E-1	-5.375E-8
7.979E+0	6.060E-1	-5.473E-8
8.055E+0	6.000E-1	-5.552E-8
8.131E+0	5.940E-1	-5.638E-8
8.207E+0	5.880E-1	-5.706E-8
8.283E+0	5.820E-1	-5.778E-8
8.359E+0	5.760E-1	-5.840E-8
8.436E+0	5.700E-1	-5.908E-8
8.512E+0	5.640E-1	-5.953E-8
8.588E+0	5.580E-1	-6.006E-8
8.664E+0	5.520E-1	-6.040E-8
8.740E+0	5.460E-1	-6.083E-8
8.816E+0	5.400E-1	-6.116E-8
8.892E+0	5.340E-1	-6.145E-8
8.969E+0	5.280E-1	-6.183E-8
9.045E+0	5.220E-1	-6.206E-8
9.121E+0	5.160E-1	-6.233E-8
9.197E+0	5.100E-1	-6.251E-8
9.274E+0	5.040E-1	-6.282E-8
9.350E+0	4.980E-1	-6.292E-8
9.426E+0	4.920E-1	-6.305E-8
9.503E+0	4.860E-1	-6.316E-8
9.579E+0	4.800E-1	-6.335E-8
9.655E+0	4.740E-1	-6.345E-8
9.732E+0	4.680E-1	-6.360E-8
9.808E+0	4.620E-1	-6.371E-8
9.884E+0	4.560E-1	-6.391E-8
9.961E+0	4.500E-1	-6.403E-8
1.004E+1	4.440E-1	-6.421E-8
1.011E+1	4.380E-1	-6.431E-8
1.019E+1	4.320E-1	-6.444E-8
1.027E+1	4.260E-1	-6.452E-8
1.034E+1	4.200E-1	-6.464E-8
1.042E+1	4.140E-1	-6.476E-8
1.049E+1	4.080E-1	-6.480E-8
1.057E+1	4.020E-1	-6.495E-8
1.065E+1	3.960E-1	-6.502E-8
1.072E+1	3.900E-1	-6.517E-8
1.080E+1	3.840E-1	-6.520E-8
1.088E+1	3.780E-1	-6.532E-8
1.095E+1	3.720E-1	-6.538E-8
1.103E+1	3.660E-1	-6.548E-8
1.111E+1	3.600E-1	-6.550E-8
1.118E+1	3.540E-1	-6.555E-8
1.126E+1	3.480E-1	-6.560E-8
1.134E+1	3.420E-1	-6.569E-8
1.141E+1	3.360E-1	-6.571E-8
1.149E+1	3.300E-1	-6.578E-8
1.156E+1	3.240E-1	-6.583E-8
1.164E+1	3.180E-1	-6.599E-8
1.172E+1	3.120E-1	-6.607E-8
1.179E+1	3.060E-1	-6.614E-8
1.187E+1	3.000E-1	-6.626E-8
1.195E+1	2.940E-1	-6.631E-8
1.202E+1	2.880E-1	-6.643E-8
1.210E+1	2.820E-1	-6.644E-8
1.217E+1	2.760E-1	-6.655E-8
1.225E+1	2.700E-1	-6.660E-8
1.233E+1	2.640E-1	-6.669E-8
1.240E+1	2.580E-1	-6.675E-8
1.248E+1	2.520E-1	-6.682E-8
1.256E+1	2.460E-1	-6.689E-8
1.263E+1	2.400E-1	-6.695E-8
1.271E+1	2.340E-1	-6.701E-8
1.279E+1	2.280E-1	-6.710E-8
1.286E+1	2.220E-1	-6.713E-8
1.294E+1	2.160E-1	-6.722E-8
1.301E+1	2.100E-1	-6.726E-8
1.309E+1	2.040E-1	-6.722E-8
1.317E+1	1.980E-1	-6.725E-8
1.324E+1	1.920E-1	-6.726E-8
1.332E+1	1.860E-1	-6.731E-8
1.340E+1	1.800E-1	-6.734E-8
1.347E+1	1.740E-1	-6.743E-8
1.355E+1	1.680E-1	-6.751E-8
1.363E+1	1.620E-1	-6.763E-8
1.370E+1	1.560E-1	-6.766E-8
1.378E+1	1.500E-1	-6.776E-8
1.386E+1	1.440E-1	-6.781E-8
1.393E+1	1.380E-1	-6.800E-8
1.401E+1	1.320E-1	-6.801E-8
1.408E+1	1.260E-1	-6.808E-8
1.416E+1	1.200E-1	-6.814E-8
1.424E+1	1.140E-1	-6.824E-8
1.431E+1	1.080E-1	-6.832E-8
1.439E+1	1.020E-1	-6.839E-8
1.447E+1	9.600E-2	-6.848E-8
1.454E+1	9.000E-2	-6.850E-8
1.462E+1	8.400E-2	-6.857E-8
1.470E+1	7.800E-2	-6.862E-8
1.477E+1	7.200E-2	-6.870E-8
1.485E+1	6.600E-2	-6.876E-8
1.493E+1	6.000E-2	-6.885E-8
1.500E+1	5.400E-2	-6.887E-8
1.508E+1	4.800E-2	-6.889E-8
1.515E+1	4.200E-2	-6.896E-8
1.523E+1	3.600E-2	-6.897E-8
1.531E+1	3.000E-2	-6.902E-8
1.538E+1	2.400E-2	-6.915E-8
1.546E+1	1.800E-2	-6.922E-8
1.554E+1	1.200E-2	-6.944E-8
1.561E+1	6.000E-3	-6.950E-8
1.569E+1	-1.039E-15	-6.960E-8
