1.240E-1	1.200E+0	1.120E-3
3.790E-1	1.194E+0	9.726E-4
5.110E-1	1.188E+0	8.547E-4
5.990E-1	1.182E+0	7.548E-4
6.750E-1	1.176E+0	6.605E-4
7.510E-1	1.170E+0	5.794E-4
8.270E-1	1.164E+0	5.017E-4
9.030E-1	1.158E+0	4.352E-4
9.780E-1	1.152E+0	3.716E-4
1.054E+0	1.146E+0	3.176E-4
1.130E+0	1.140E+0	2.662E-4
1.206E+0	1.134E+0	2.227E-4
1.282E+0	1.128E+0	1.814E-4
1.358E+0	1.122E+0	1.466E-4
1.434E+0	1.116E+0	1.134E-4
1.510E+0	1.110E+0	8.832E-5
1.645E+0	1.104E+0	5.797E-5
1.734E+0	1.098E+0	3.428E-5
1.810E+0	1.092E+0	1.143E-5
1.886E+0	1.086E+0	-4.239E-6
2.025E+0	1.080E+0	-2.533E-5
2.228E+0	1.074E+0	-4.648E-5
2.301E+0	1.068E+0	-6.310E-5
2.375E+0	1.062E+0	-8.003E-5
2.448E+0	1.056E+0	-9.506E-5
2.522E+0	1.050E+0	-1.087E-4
2.711E+0	1.044E+0	-1.242E-4
2.785E+0	1.038E+0	-1.397E-4
2.859E+0	1.032E+0	-1.533E-4
2.935E+0	1.026E+0	-1.678E-4
3.011E+0	1.020E+0	-1.808E-4
3.087E+0	1.014E+0	-1.945E-4
3.162E+0	1.008E+0	-2.068E-4
3.238E+0	1.002E+0	-2.196E-4
3.314E+0	9.960E-1	-2.311E-4
3.390E+0	9.900E-1	-2.434E-4
3.466E+0	9.840E-1	-2.539E-4
3.542E+0	9.780E-1	-2.651E-4
3.618E+0	9.720E-1	-2.758E-4
3.694E+0	9.660E-1	-2.848E-4
3.771E+0	9.600E-1	-2.942E-4
3.847E+0	9.540E-1	-3.026E-4
3.923E+0	9.480E-1	-3.112E-4
3.999E+0	9.420E-1	-3.184E-4
4.075E+0	9.360E-1	-3.263E-4
4.151E+0	9.300E-1	-3.328E-4
4.227E+0	9.240E-1	-3.395E-4
4.304E+0	9.180E-1	-3.452E-4
4.380E+0	9.120E-1	-3.513E-4
4.456E+0	9.060E-1	-3.567E-4
4.532E+0	9.000E-1	-3.623E-4
4.608E+0	8.940E-1	-3.668E-4
4.684E+0	8.880E-1	-3.716E-4
4.761E+0	8.820E-1	-3.759E-4
4.837E+0	8.760E-1	-3.804E-4
4.913E+0	8.700E-1	-3.839E-4
4.989E+0	8.640E-1	-3.879E-4
5.066E+0	8.580E-1	-3.912E-4
5.142E+0	8.520E-1	-3.948E-4
5.218E+0	8.460E-1	-3.981E-4
5.294E+0	8.400E-1	-4.011E-4
5.370E+0	8.340E-1	-4.036E-4
5.446E+0	8.280E-1	-4.061E-4
5.522E+0	8.220E-1	-4.088E-4
5.598E+0	8.160E-1	-4.111E-4
5.675E+0	8.100E-1	-4.137E-4
5.751E+0	8.040E-1	-4.159E-4
5.827E+0	7.980E-1	-4.179E-4
5.903E+0	7.920E-1	-4.196E-4
5.979E+0	7.860E-1	-4.219E-4
6.055E+0	7.800E-1	-4.237E-4
6.132E+0	7.740E-1	-4.252E-4
6.208E+0	7.680E-1	-4.269E-4
6.284E+0	7.620E-1	-4.283E-4
6.360E+0	7.560E-1	-4.299E-4
6.436E+0	7.500E-1	-4.309E-4
6.512E+0	7.440E-1	-4.326E-4
6.589E+0	7.380E-1	-4.335E-4
6.665E+0	7.320E-1	-4.349E-4
6.741E+0	7.260E-1	-4.362E-4
6.817E+0	7.200E-1	-4.372E-4
6.893E+0	7.140E-1	-4.383E-4
6.969E+0	7.080E-1	-4.392E-4
7.045E+0	7.020E-1	-4.402E-4
7.121E+0	6.960E-1	-4.410E-4
7.198E+0	6.900E-1	-4.419E-4
7.274E+0	6.840E-1	-4.423E-4
7.350E+0	6.780E-1	-4.433E-4
7.426E+0	6.720E-1	-4.443E-4
7.502E+0	6.660E-1	-4.449E-4
7.579E+0	6.600E-1	-4.460E-4
7.655E+0	6.540E-1	-4.467E-4
7.731E+0	6.480E-1	-4.470E-4
7.807E+0	6.420E-1	-4.474E-4
7.883E+0	6.360E-1	-4.482E-4
7.959E+0	6.300E-1	-4.492E-4
8.035E+0	6.240E-1	-4.493E-4
8.111E+0	6.180E-1	-4.505E-4
8.187E+0	6.120E-1	-4.509E-4
8.263E+0	6.060E-1	-4.517E-4
8.339E+0	6.000E-1	-4.519E-4
8.415E+0	5.940E-1	-4.525E-4
8.491E+0	5.880E-1	-4.534E-4
8.567E+0	5.820E-1	-4.537E-4
8.643E+0	5.760E-1	-4.548E-4
8.719E+0	5.700E-1	-4.551E-4
8.795E+0	5.640E-1	-4.556E-4
8.871E+0	5.580E-1	-4.564E-4
8.948E+0	5.520E-1	-4.567E-4
9.024E+0	5.460E-1	-4.572E-4
9.100E+0	5.400E-1	-4.578E-4
9.176E+0	5.340E-1	-4.586E-4
9.252E+0	5.280E-1	-4.587E-4
9.328E+0	5.220E-1	-4.595E-4
9.404E+0	5.160E-1	-4.598E-4
9.480E+0	5.100E-1	-4.601E-4
9.556E+0	5.040E-1	-4.606E-4
9.632E+0	4.980E-1	-4.610E-4
9.708E+0	4.920E-1	-4.618E-4
9.784E+0	4.860E-1	-4.618E-4
9.860E+0	4.800E-1	-4.624E-4
9.936E+0	4.740E-1	-4.627E-4
1.001E+1	4.680E-1	-4.632E-4
1.009E+1	4.620E-1	-4.639E-4
1.016E+1	4.560E-1	-4.647E-4
1.024E+1	4.500E-1	-4.647E-4
1.032E+1	4.440E-1	-4.653E-4
1.039E+1	4.380E-1	-4.658E-4
1.047E+1	4.320E-1	-4.661E-4
1.054E+1	4.260E-1	-4.665E-4
1.062E+1	4.200E-1	-4.666E-4
1.070E+1	4.140E-1	-4.672E-4
1.077E+1	4.080E-1	-4.673E-4
1.085E+1	4.020E-1	-4.678E-4
1.093E+1	3.960E-1	-4.677E-4
1.100E+1	3.900E-1	-4.683E-4
1.108E+1	3.840E-1	-4.688E-4
1.115E+1	3.780E-1	-4.692E-4
1.123E+1	3.720E-1	-4.700E-4
1.131E+1	3.660E-1	-4.698E-4
1.138E+1	3.600E-1	-4.705E-4
1.146E+1	3.540E-1	-4.706E-4
1.154E+1	3.480E-1	-4.713E-4
1.161E+1	3.420E-1	-4.715E-4
1.169E+1	3.360E-1	-4.715E-4
1.176E+1	3.300E-1	-4.721E-4
1.184E+1	3.240E-1	-4.727E-4
1.192E+1	3.180E-1	-4.731E-4
1.199E+1	3.120E-1	-4.734E-4
1.207E+1	3.060E-1	-4.739E-4
1.214E+1	3.000E-1	-4.743E-4
1.222E+1	2.940E-1	-4.744E-4
1.230E+1	2.880E-1	-4.745E-4
1.237E+1	2.820E-1	-4.751E-4
1.245E+1	2.760E-1	-4.756E-4
1.253E+1	2.700E-1	-4.758E-4
1.260E+1	2.640E-1	-4.761E-4
1.268E+1	2.580E-1	-4.762E-4
1.275E+1	2.520E-1	-4.765E-4
1.283E+1	2.460E-1	-4.772E-4
1.291E+1	2.400E-1	-4.774E-4
1.298E+1	2.340E-1	-4.780E-4
1.306E+1	2.280E-1	-4.783E-4
1.313E+1	2.220E-1	-4.780E-4
1.321E+1	2.160E-1	-4.786E-4
1.329E+1	2.100E-1	-4.794E-4
1.336E+1	2.040E-1	-4.797E-4
1.344E+1	1.980E-1	-4.799E-4
1.352E+1	1.920E-1	-4.801E-4
1.359E+1	1.860E-1	-4.805E-4
1.367E+1	1.800E-1	-4.805E-4
1.374E+1	1.740E-1	-4.808E-4
1.382E+1	1.680E-1	-4.812E-4
1.390E+1	1.620E-1	-4.803E-4
1.397E+1	1.560E-1	-4.815E-4
1.405E+1	1.500E-1	-4.815E-4
1.413E+1	1.440E-1	-4.812E-4
1.420E+1	1.380E-1	-4.822E-4
1.428E+1	1.320E-1	-4.824E-4
1.436E+1	1.260E-1	-4.827E-4
1.443E+1	1.200E-1	-4.831E-4
1.451E+1	1.140E-1	-4.835E-4
1.458E+1	1.080E-1	-4.839E-4
1.466E+1	1.020E-1	-4.842E-4
1.473E+1	9.600E-2	-4.845E-4
1.481E+1	9.000E-2	-4.850E-4
1.489E+1	8.400E-2	-4.849E-4
1.496E+1	7.800E-2	-4.852E-4
1.504E+1	7.200E-2	-4.852E-4
1.512E+1	6.600E-2	-4.853E-4
1.519E+1	6.000E-2	-4.862E-4
1.527E+1	5.400E-2	-4.861E-4
1.535E+1	4.800E-2	-4.869E-4
1.542E+1	4.200E-2	-4.866E-4
1.550E+1	3.600E-2	-4.870E-4
1.557E+1	3.000E-2	-4.876E-4
1.565E+1	2.400E-2	-4.873E-4
1.573E+1	1.800E-2	-4.877E-4
1.580E+1	1.200E-2	-4.878E-4
1.588E+1	6.000E-3	-4.886E-4
1.596E+1	-1.039E-15	-4.884E-4
