1.240E-1	1.200E+0	3.263E-5
3.260E-1	1.194E+0	2.279E-5
3.990E-1	1.188E+0	2.234E-5
4.730E-1	1.182E+0	2.430E-5
5.460E-1	1.176E+0	2.620E-5
6.200E-1	1.170E+0	2.750E-5
6.940E-1	1.164E+0	2.809E-5
7.680E-1	1.158E+0	2.819E-5
8.410E-1	1.152E+0	2.787E-5
9.150E-1	1.146E+0	2.732E-5
9.890E-1	1.140E+0	2.656E-5
1.063E+0	1.134E+0	2.570E-5
1.136E+0	1.128E+0	2.476E-5
1.210E+0	1.122E+0	2.380E-5
1.286E+0	1.116E+0	2.280E-5
1.362E+0	1.110E+0	2.183E-5
1.438E+0	1.104E+0	2.084E-5
1.513E+0	1.098E+0	1.991E-5
1.589E+0	1.092E+0	1.899E-5
1.665E+0	1.086E+0	1.809E-5
1.741E+0	1.080E+0	1.725E-5
1.817E+0	1.074E+0	1.644E-5
1.893E+0	1.068E+0	1.567E-5
1.969E+0	1.062E+0	1.493E-5
2.045E+0	1.056E+0	1.424E-5
2.120E+0	1.050E+0	1.357E-5
2.196E+0	1.044E+0	1.294E-5
2.272E+0	1.038E+0	1.234E-5
2.347E+0	1.032E+0	1.176E-5
2.423E+0	1.026E+0	1.121E-5
2.499E+0	1.020E+0	1.069E-5
2.575E+0	1.014E+0	1.018E-5
2.650E+0	1.008E+0	9.472E-6
2.790E+0	1.002E+0	9.177E-6
2.876E+0	9.960E-1	8.762E-6
2.952E+0	9.900E-1	8.341E-6
3.029E+0	9.840E-1	7.934E-6
3.105E+0	9.780E-1	7.533E-6
3.181E+0	9.720E-1	7.139E-6
3.257E+0	9.660E-1	6.767E-6
3.334E+0	9.600E-1	6.400E-6
3.410E+0	9.540E-1	6.047E-6
3.486E+0	9.480E-1	5.706E-6
3.562E+0	9.420E-1	5.377E-6
3.638E+0	9.360E-1	5.060E-6
3.714E+0	9.300E-1	4.759E-6
3.790E+0	9.240E-1	4.462E-6
3.867E+0	9.180E-1	4.181E-6
3.943E+0	9.120E-1	3.906E-6
4.019E+0	9.060E-1	3.649E-6
4.095E+0	9.000E-1	3.397E-6
4.171E+0	8.940E-1	3.158E-6
4.247E+0	8.880E-1	2.926E-6
4.324E+0	8.820E-1	2.708E-6
4.400E+0	8.760E-1	2.497E-6
4.476E+0	8.700E-1	2.300E-6
4.552E+0	8.640E-1	2.112E-6
4.628E+0	8.580E-1	1.931E-6
4.705E+0	8.520E-1	1.764E-6
4.781E+0	8.460E-1	1.605E-6
4.857E+0	8.400E-1	1.460E-6
4.933E+0	8.340E-1	1.321E-6
5.009E+0	8.280E-1	1.194E-6
5.085E+0	8.220E-1	1.074E-6
5.161E+0	8.160E-1	9.281E-7
5.308E+0	8.100E-1	8.470E-7
5.385E+0	8.040E-1	7.625E-7
5.461E+0	7.980E-1	6.785E-7
5.537E+0	7.920E-1	6.018E-7
5.613E+0	7.860E-1	5.288E-7
5.690E+0	7.800E-1	4.634E-7
5.766E+0	7.740E-1	4.024E-7
5.842E+0	7.680E-1	3.492E-7
5.918E+0	7.620E-1	2.985E-7
5.995E+0	7.560E-1	2.530E-7
6.071E+0	7.500E-1	2.132E-7
6.147E+0	7.440E-1	1.771E-7
6.223E+0	7.380E-1	1.457E-7
6.299E+0	7.320E-1	1.160E-7
6.375E+0	7.260E-1	9.146E-8
6.452E+0	7.200E-1	6.736E-8
6.528E+0	7.140E-1	4.779E-8
6.604E+0	7.080E-1	2.842E-8
6.680E+0	7.020E-1	1.304E-8
6.756E+0	6.960E-1	-2.219E-9
6.832E+0	6.900E-1	-1.481E-8
6.908E+0	6.840E-1	-2.715E-8
6.985E+0	6.780E-1	-3.678E-8
7.061E+0	6.720E-1	-4.692E-8
7.137E+0	6.660E-1	-5.464E-8
7.213E+0	6.600E-1	-6.241E-8
7.289E+0	6.540E-1	-7.030E-8
7.365E+0	6.480E-1	-7.509E-8
7.441E+0	6.420E-1	-8.284E-8
7.518E+0	6.360E-1	-8.712E-8
7.594E+0	6.300E-1	-9.276E-8
7.670E+0	6.240E-1	-9.527E-8
7.746E+0	6.180E-1	-9.928E-8
7.823E+0	6.120E-1	-1.030E-7
7.899E+0	6.060E-1	-1.070E-7
7.975E+0	6.000E-1	-1.081E-7
8.050E+0	5.940E-1	-1.121E-7
8.127E+0	5.880E-1	-1.140E-7
8.203E+0	5.820E-1	-1.172E-7
8.279E+0	5.760E-1	-1.195E-7
8.355E+0	5.700E-1	-1.233E-7
8.431E+0	5.640E-1	-1.245E-7
8.507E+0	5.580E-1	-1.277E-7
8.583E+0	5.520E-1	-1.289E-7
8.660E+0	5.460E-1	-1.316E-7
8.736E+0	5.400E-1	-1.333E-7
8.812E+0	5.340E-1	-1.341E-7
8.888E+0	5.280E-1	-1.363E-7
8.964E+0	5.220E-1	-1.371E-7
9.040E+0	5.160E-1	-1.390E-7
9.116E+0	5.100E-1	-1.399E-7
9.192E+0	5.040E-1	-1.421E-7
9.268E+0	4.980E-1	-1.414E-7
9.345E+0	4.920E-1	-1.446E-7
9.421E+0	4.860E-1	-1.448E-7
9.497E+0	4.800E-1	-1.457E-7
9.573E+0	4.740E-1	-1.467E-7
9.650E+0	4.680E-1	-1.481E-7
9.726E+0	4.620E-1	-1.482E-7
9.802E+0	4.560E-1	-1.497E-7
9.878E+0	4.500E-1	-1.496E-7
9.954E+0	4.440E-1	-1.512E-7
1.003E+1	4.380E-1	-1.511E-7
1.011E+1	4.320E-1	-1.523E-7
1.018E+1	4.260E-1	-1.527E-7
1.026E+1	4.200E-1	-1.528E-7
1.034E+1	4.140E-1	-1.544E-7
1.041E+1	4.080E-1	-1.539E-7
1.049E+1	4.020E-1	-1.552E-7
1.056E+1	3.960E-1	-1.551E-7
1.064E+1	3.900E-1	-1.564E-7
1.072E+1	3.840E-1	-1.561E-7
1.079E+1	3.780E-1	-1.574E-7
1.087E+1	3.720E-1	-1.574E-7
1.094E+1	3.660E-1	-1.591E-7
1.102E+1	3.600E-1	-1.580E-7
1.110E+1	3.540E-1	-1.593E-7
1.117E+1	3.480E-1	-1.584E-7
1.125E+1	3.420E-1	-1.597E-7
1.132E+1	3.360E-1	-1.597E-7
1.140E+1	3.300E-1	-1.605E-7
1.148E+1	3.240E-1	-1.602E-7
1.155E+1	3.180E-1	-1.618E-7
1.163E+1	3.120E-1	-1.624E-7
1.171E+1	3.060E-1	-1.617E-7
1.178E+1	3.000E-1	-1.624E-7
1.186E+1	2.940E-1	-1.618E-7
1.193E+1	2.880E-1	-1.626E-7
1.201E+1	2.820E-1	-1.617E-7
1.209E+1	2.760E-1	-1.623E-7
1.216E+1	2.700E-1	-1.612E-7
1.224E+1	2.640E-1	-1.617E-7
1.231E+1	2.580E-1	-1.608E-7
1.239E+1	2.520E-1	-1.612E-7
1.247E+1	2.460E-1	-1.601E-7
1.254E+1	2.400E-1	-1.606E-7
1.262E+1	2.340E-1	-1.595E-7
1.270E+1	2.280E-1	-1.598E-7
1.277E+1	2.220E-1	-1.587E-7
1.285E+1	2.160E-1	-1.589E-7
1.292E+1	2.100E-1	-1.586E-7
1.300E+1	2.040E-1	-1.572E-7
1.308E+1	1.980E-1	-1.572E-7
1.315E+1	1.920E-1	-1.558E-7
1.323E+1	1.860E-1	-1.557E-7
1.330E+1	1.800E-1	-1.541E-7
1.338E+1	1.740E-1	-1.540E-7
1.346E+1	1.680E-1	-1.527E-7
1.353E+1	1.620E-1	-1.524E-7
1.361E+1	1.560E-1	-1.509E-7
1.369E+1	1.500E-1	-1.507E-7
1.376E+1	1.440E-1	-1.492E-7
1.384E+1	1.380E-1	-1.489E-7
1.391E+1	1.320E-1	-1.474E-7
1.399E+1	1.260E-1	-1.470E-7
1.407E+1	1.200E-1	-1.454E-7
1.414E+1	1.140E-1	-1.451E-7
1.422E+1	1.080E-1	-1.436E-7
1.429E+1	1.020E-1	-1.433E-7
1.437E+1	9.600E-2	-1.426E-7
1.445E+1	9.000E-2	-1.411E-7
1.452E+1	8.400E-2	-1.408E-7
1.460E+1	7.800E-2	-1.393E-7
1.468E+1	7.200E-2	-1.390E-7
1.475E+1	6.600E-2	-1.377E-7
1.483E+1	6.000E-2	-1.373E-7
1.491E+1	5.400E-2	-1.359E-7
1.498E+1	4.800E-2	-1.357E-7
1.506E+1	4.200E-2	-1.345E-7
1.513E+1	3.600E-2	-1.343E-7
1.521E+1	3.000E-2	-1.331E-7
1.529E+1	2.400E-2	-1.329E-7
1.536E+1	1.800E-2	-1.318E-7
1.544E+1	1.200E-2	-1.317E-7
1.552E+1	6.000E-3	-1.307E-7
1.559E+1	-1.039E-15	-1.307E-7
