1.230E-1	1.200E+0	2.836E-4
2.630E-1	1.194E+0	3.560E-4
3.370E-1	1.188E+0	4.031E-4
4.100E-1	1.182E+0	4.318E-4
4.840E-1	1.176E+0	4.481E-4
5.580E-1	1.170E+0	4.559E-4
6.310E-1	1.164E+0	4.564E-4
7.050E-1	1.158E+0	4.533E-4
7.780E-1	1.152E+0	4.459E-4
8.520E-1	1.146E+0	4.368E-4
9.250E-1	1.140E+0	4.249E-4
9.990E-1	1.134E+0	4.124E-4
1.073E+0	1.128E+0	3.982E-4
1.146E+0	1.122E+0	3.837E-4
1.220E+0	1.116E+0	3.683E-4
1.293E+0	1.110E+0	3.532E-4
1.367E+0	1.104E+0	3.373E-4
1.440E+0	1.098E+0	3.220E-4
1.514E+0	1.092E+0	3.064E-4
1.587E+0	1.086E+0	2.910E-4
1.663E+0	1.080E+0	2.767E-4
1.739E+0	1.074E+0	2.617E-4
1.815E+0	1.068E+0	2.481E-4
1.891E+0	1.062E+0	2.341E-4
1.966E+0	1.056E+0	2.213E-4
2.042E+0	1.050E+0	2.083E-4
2.117E+0	1.044E+0	1.964E-4
2.193E+0	1.038E+0	1.845E-4
2.269E+0	1.032E+0	1.734E-4
2.345E+0	1.026E+0	1.624E-4
2.420E+0	1.020E+0	1.523E-4
2.496E+0	1.014E+0	1.421E-4
2.571E+0	1.008E+0	1.329E-4
2.647E+0	1.002E+0	1.236E-4
2.722E+0	9.960E-1	1.151E-4
2.798E+0	9.900E-1	1.066E-4
2.875E+0	9.840E-1	9.832E-5
3.010E+0	9.780E-1	9.041E-5
3.092E+0	9.720E-1	8.299E-5
3.181E+0	9.660E-1	7.622E-5
3.257E+0	9.600E-1	6.933E-5
3.333E+0	9.540E-1	6.307E-5
3.409E+0	9.480E-1	5.665E-5
3.485E+0	9.420E-1	5.080E-5
3.561E+0	9.360E-1	4.476E-5
3.637E+0	9.300E-1	3.925E-5
3.714E+0	9.240E-1	3.353E-5
3.790E+0	9.180E-1	2.832E-5
3.866E+0	9.120E-1	2.287E-5
3.942E+0	9.060E-1	1.790E-5
4.018E+0	9.000E-1	1.262E-5
4.094E+0	8.940E-1	9.000E-6
4.234E+0	8.880E-1	3.124E-6
4.321E+0	8.820E-1	-1.425E-6
4.397E+0	8.760E-1	-6.747E-6
4.474E+0	8.700E-1	-8.851E-6
4.727E+0	8.640E-1	-1.454E-5
4.801E+0	8.580E-1	-1.952E-5
4.875E+0	8.520E-1	-2.407E-5
4.948E+0	8.460E-1	-2.901E-5
5.022E+0	8.400E-1	-3.354E-5
5.096E+0	8.340E-1	-3.845E-5
5.170E+0	8.280E-1	-4.293E-5
5.243E+0	8.220E-1	-4.785E-5
5.317E+0	8.160E-1	-5.232E-5
5.391E+0	8.100E-1	-5.725E-5
5.465E+0	8.040E-1	-6.167E-5
5.539E+0	7.980E-1	-6.657E-5
5.613E+0	7.920E-1	-7.097E-5
5.686E+0	7.860E-1	-7.592E-5
5.760E+0	7.800E-1	-8.024E-5
5.834E+0	7.740E-1	-8.510E-5
5.908E+0	7.680E-1	-8.943E-5
5.981E+0	7.620E-1	-9.427E-5
6.055E+0	7.560E-1	-9.897E-5
6.130E+0	7.500E-1	-1.033E-4
6.206E+0	7.440E-1	-1.077E-4
6.395E+0	7.380E-1	-1.094E-4
6.469E+0	7.320E-1	-1.143E-4
6.542E+0	7.260E-1	-1.187E-4
6.616E+0	7.200E-1	-1.234E-4
6.690E+0	7.140E-1	-1.276E-4
6.763E+0	7.080E-1	-1.322E-4
6.837E+0	7.020E-1	-1.363E-4
6.910E+0	6.960E-1	-1.409E-4
6.984E+0	6.900E-1	-1.449E-4
7.058E+0	6.840E-1	-1.491E-4
7.132E+0	6.780E-1	-1.530E-4
7.205E+0	6.720E-1	-1.572E-4
7.279E+0	6.660E-1	-1.610E-4
7.353E+0	6.600E-1	-1.651E-4
7.426E+0	6.540E-1	-1.687E-4
7.500E+0	6.480E-1	-1.727E-4
7.574E+0	6.420E-1	-1.765E-4
7.648E+0	6.360E-1	-1.797E-4
7.722E+0	6.300E-1	-1.836E-4
7.796E+0	6.240E-1	-1.866E-4
7.870E+0	6.180E-1	-1.904E-4
7.946E+0	6.120E-1	-1.934E-4
8.022E+0	6.060E-1	-1.968E-4
8.098E+0	6.000E-1	-1.998E-4
8.173E+0	5.940E-1	-2.031E-4
8.249E+0	5.880E-1	-2.059E-4
8.325E+0	5.820E-1	-2.091E-4
8.401E+0	5.760E-1	-2.117E-4
8.477E+0	5.700E-1	-2.147E-4
8.554E+0	5.640E-1	-2.175E-4
8.629E+0	5.580E-1	-2.203E-4
8.705E+0	5.520E-1	-2.228E-4
8.781E+0	5.460E-1	-2.256E-4
8.857E+0	5.400E-1	-2.284E-4
8.933E+0	5.340E-1	-2.307E-4
9.009E+0	5.280E-1	-2.332E-4
9.085E+0	5.220E-1	-2.352E-4
9.162E+0	5.160E-1	-2.376E-4
9.238E+0	5.100E-1	-2.394E-4
9.314E+0	5.040E-1	-2.419E-4
9.390E+0	4.980E-1	-2.437E-4
9.466E+0	4.920E-1	-2.458E-4
9.542E+0	4.860E-1	-2.473E-4
9.618E+0	4.800E-1	-2.493E-4
9.694E+0	4.740E-1	-2.506E-4
9.770E+0	4.680E-1	-2.523E-4
9.847E+0	4.620E-1	-2.542E-4
9.923E+0	4.560E-1	-2.557E-4
9.999E+0	4.500E-1	-2.571E-4
1.007E+1	4.440E-1	-2.585E-4
1.015E+1	4.380E-1	-2.598E-4
1.023E+1	4.320E-1	-2.612E-4
1.030E+1	4.260E-1	-2.626E-4
1.038E+1	4.200E-1	-2.636E-4
1.046E+1	4.140E-1	-2.646E-4
1.053E+1	4.080E-1	-2.656E-4
1.061E+1	4.020E-1	-2.668E-4
1.068E+1	3.960E-1	-2.676E-4
1.076E+1	3.900E-1	-2.684E-4
1.084E+1	3.840E-1	-2.692E-4
1.091E+1	3.780E-1	-2.700E-4
1.099E+1	3.720E-1	-2.705E-4
1.106E+1	3.660E-1	-2.710E-4
1.114E+1	3.600E-1	-2.715E-4
1.122E+1	3.540E-1	-2.722E-4
1.129E+1	3.480E-1	-2.724E-4
1.137E+1	3.420E-1	-2.731E-4
1.144E+1	3.360E-1	-2.733E-4
1.152E+1	3.300E-1	-2.739E-4
1.160E+1	3.240E-1	-2.738E-4
1.167E+1	3.180E-1	-2.744E-4
1.175E+1	3.120E-1	-2.749E-4
1.182E+1	3.060E-1	-2.750E-4
1.190E+1	3.000E-1	-2.750E-4
1.198E+1	2.940E-1	-2.755E-4
1.205E+1	2.880E-1	-2.757E-4
1.213E+1	2.820E-1	-2.759E-4
1.221E+1	2.760E-1	-2.763E-4
1.228E+1	2.700E-1	-2.765E-4
1.236E+1	2.640E-1	-2.771E-4
1.243E+1	2.580E-1	-2.776E-4
1.251E+1	2.520E-1	-2.784E-4
1.259E+1	2.460E-1	-2.789E-4
1.266E+1	2.400E-1	-2.801E-4
1.274E+1	2.340E-1	-2.807E-4
1.281E+1	2.280E-1	-2.822E-4
1.289E+1	2.220E-1	-2.832E-4
1.297E+1	2.160E-1	-2.846E-4
1.304E+1	2.100E-1	-2.862E-4
1.312E+1	2.040E-1	-2.874E-4
1.319E+1	1.980E-1	-2.892E-4
1.327E+1	1.920E-1	-2.907E-4
1.335E+1	1.860E-1	-2.925E-4
1.342E+1	1.800E-1	-2.940E-4
1.350E+1	1.740E-1	-2.955E-4
1.357E+1	1.680E-1	-2.972E-4
1.365E+1	1.620E-1	-2.990E-4
1.373E+1	1.560E-1	-3.004E-4
1.380E+1	1.500E-1	-3.022E-4
1.388E+1	1.440E-1	-3.039E-4
1.396E+1	1.380E-1	-3.054E-4
1.403E+1	1.320E-1	-3.071E-4
1.411E+1	1.260E-1	-3.086E-4
1.418E+1	1.200E-1	-3.102E-4
1.426E+1	1.140E-1	-3.117E-4
1.434E+1	1.080E-1	-3.130E-4
1.441E+1	1.020E-1	-3.147E-4
1.449E+1	9.600E-2	-3.162E-4
1.456E+1	9.000E-2	-3.173E-4
1.464E+1	8.400E-2	-3.187E-4
1.471E+1	7.800E-2	-3.199E-4
1.479E+1	7.200E-2	-3.214E-4
1.487E+1	6.600E-2	-3.224E-4
1.494E+1	6.000E-2	-3.237E-4
1.502E+1	5.400E-2	-3.249E-4
1.510E+1	4.800E-2	-3.260E-4
1.517E+1	4.200E-2	-3.270E-4
1.525E+1	3.600E-2	-3.278E-4
1.532E+1	3.000E-2	-3.290E-4
1.540E+1	2.400E-2	-3.300E-4
1.548E+1	1.800E-2	-3.306E-4
1.555E+1	1.200E-2	-3.318E-4
1.563E+1	6.000E-3	-3.325E-4
1.570E+1	-1.039E-15	-3.336E-4
