1.230E-1	1.200E+0	4.866E-5
3.260E-1	1.194E+0	3.007E-5
3.990E-1	1.188E+0	2.871E-5
4.730E-1	1.182E+0	3.149E-5
5.460E-1	1.176E+0	3.398E-5
6.200E-1	1.170E+0	3.551E-5
6.940E-1	1.164E+0	3.607E-5
7.680E-1	1.158E+0	3.601E-5
8.410E-1	1.152E+0	3.543E-5
9.150E-1	1.146E+0	3.459E-5
9.880E-1	1.140E+0	3.350E-5
1.062E+0	1.134E+0	3.233E-5
1.136E+0	1.128E+0	3.105E-5
1.210E+0	1.122E+0	2.977E-5
1.285E+0	1.116E+0	2.845E-5
1.361E+0	1.110E+0	2.717E-5
1.436E+0	1.104E+0	2.590E-5
1.512E+0	1.098E+0	2.469E-5
1.588E+0	1.092E+0	2.351E-5
1.664E+0	1.086E+0	2.236E-5
1.740E+0	1.080E+0	2.131E-5
1.816E+0	1.074E+0	2.028E-5
1.891E+0	1.068E+0	1.932E-5
1.967E+0	1.062E+0	1.840E-5
2.043E+0	1.056E+0	1.753E-5
2.119E+0	1.050E+0	1.669E-5
2.195E+0	1.044E+0	1.592E-5
2.270E+0	1.038E+0	1.516E-5
2.346E+0	1.032E+0	1.446E-5
2.422E+0	1.026E+0	1.377E-5
2.498E+0	1.020E+0	1.312E-5
2.573E+0	1.014E+0	1.249E-5
2.649E+0	1.008E+0	1.190E-5
2.725E+0	1.002E+0	1.132E-5
2.800E+0	9.960E-1	1.077E-5
2.876E+0	9.900E-1	1.024E-5
2.953E+0	9.840E-1	9.493E-6
3.092E+0	9.780E-1	9.189E-6
3.179E+0	9.720E-1	8.734E-6
3.256E+0	9.660E-1	8.287E-6
3.332E+0	9.600E-1	7.841E-6
3.408E+0	9.540E-1	7.415E-6
3.484E+0	9.480E-1	6.994E-6
3.560E+0	9.420E-1	6.592E-6
3.636E+0	9.360E-1	6.198E-6
3.713E+0	9.300E-1	5.821E-6
3.789E+0	9.240E-1	5.452E-6
3.865E+0	9.180E-1	5.101E-6
3.941E+0	9.120E-1	4.758E-6
4.017E+0	9.060E-1	4.434E-6
4.093E+0	9.000E-1	4.118E-6
4.169E+0	8.940E-1	3.820E-6
4.246E+0	8.880E-1	3.530E-6
4.322E+0	8.820E-1	3.259E-6
4.398E+0	8.760E-1	2.996E-6
4.474E+0	8.700E-1	2.752E-6
4.551E+0	8.640E-1	2.516E-6
4.627E+0	8.580E-1	2.292E-6
4.703E+0	8.520E-1	2.086E-6
4.779E+0	8.460E-1	1.890E-6
4.855E+0	8.400E-1	1.710E-6
4.931E+0	8.340E-1	1.538E-6
5.007E+0	8.280E-1	1.383E-6
5.083E+0	8.220E-1	1.235E-6
5.159E+0	8.160E-1	1.102E-6
5.236E+0	8.100E-1	9.355E-7
5.383E+0	8.040E-1	8.485E-7
5.459E+0	7.980E-1	7.507E-7
5.535E+0	7.920E-1	6.603E-7
5.611E+0	7.860E-1	5.739E-7
5.688E+0	7.800E-1	4.975E-7
5.764E+0	7.740E-1	4.255E-7
5.840E+0	7.680E-1	3.631E-7
5.916E+0	7.620E-1	3.045E-7
5.992E+0	7.560E-1	2.519E-7
6.069E+0	7.500E-1	2.071E-7
6.145E+0	7.440E-1	1.652E-7
6.221E+0	7.380E-1	1.301E-7
6.297E+0	7.320E-1	9.682E-8
6.373E+0	7.260E-1	6.925E-8
6.450E+0	7.200E-1	4.303E-8
6.526E+0	7.140E-1	2.160E-8
6.602E+0	7.080E-1	8.361E-10
6.678E+0	7.020E-1	-1.578E-8
6.754E+0	6.960E-1	-3.232E-8
6.830E+0	6.900E-1	-4.516E-8
6.906E+0	6.840E-1	-5.824E-8
6.982E+0	6.780E-1	-6.823E-8
7.059E+0	6.720E-1	-7.874E-8
7.135E+0	6.660E-1	-8.660E-8
7.211E+0	6.600E-1	-9.513E-8
7.288E+0	6.540E-1	-1.013E-7
7.364E+0	6.480E-1	-1.084E-7
7.440E+0	6.420E-1	-1.144E-7
7.516E+0	6.360E-1	-1.188E-7
7.592E+0	6.300E-1	-1.244E-7
7.668E+0	6.240E-1	-1.276E-7
7.744E+0	6.180E-1	-1.326E-7
7.820E+0	6.120E-1	-1.355E-7
7.896E+0	6.060E-1	-1.398E-7
7.973E+0	6.000E-1	-1.422E-7
8.048E+0	5.940E-1	-1.461E-7
8.124E+0	5.880E-1	-1.482E-7
8.201E+0	5.820E-1	-1.517E-7
8.277E+0	5.760E-1	-1.534E-7
8.353E+0	5.700E-1	-1.567E-7
8.429E+0	5.640E-1	-1.581E-7
8.505E+0	5.580E-1	-1.610E-7
8.581E+0	5.520E-1	-1.623E-7
8.657E+0	5.460E-1	-1.649E-7
8.733E+0	5.400E-1	-1.671E-7
8.810E+0	5.340E-1	-1.679E-7
8.886E+0	5.280E-1	-1.702E-7
8.962E+0	5.220E-1	-1.708E-7
9.038E+0	5.160E-1	-1.729E-7
9.114E+0	5.100E-1	-1.733E-7
9.191E+0	5.040E-1	-1.753E-7
9.267E+0	4.980E-1	-1.757E-7
9.343E+0	4.920E-1	-1.775E-7
9.419E+0	4.860E-1	-1.776E-7
9.496E+0	4.800E-1	-1.793E-7
9.572E+0	4.740E-1	-1.794E-7
9.648E+0	4.680E-1	-1.809E-7
9.725E+0	4.620E-1	-1.808E-7
9.801E+0	4.560E-1	-1.824E-7
9.877E+0	4.500E-1	-1.823E-7
9.953E+0	4.440E-1	-1.837E-7
1.003E+1	4.380E-1	-1.835E-7
1.011E+1	4.320E-1	-1.849E-7
1.018E+1	4.260E-1	-1.857E-7
1.026E+1	4.200E-1	-1.854E-7
1.033E+1	4.140E-1	-1.866E-7
1.041E+1	4.080E-1	-1.861E-7
1.049E+1	4.020E-1	-1.876E-7
1.056E+1	3.960E-1	-1.871E-7
1.064E+1	3.900E-1	-1.884E-7
1.072E+1	3.840E-1	-1.879E-7
1.079E+1	3.780E-1	-1.890E-7
1.087E+1	3.720E-1	-1.886E-7
1.095E+1	3.660E-1	-1.897E-7
1.102E+1	3.600E-1	-1.893E-7
1.110E+1	3.540E-1	-1.904E-7
1.117E+1	3.480E-1	-1.900E-7
1.125E+1	3.420E-1	-1.911E-7
1.133E+1	3.360E-1	-1.905E-7
1.140E+1	3.300E-1	-1.915E-7
1.148E+1	3.240E-1	-1.910E-7
1.155E+1	3.180E-1	-1.920E-7
1.163E+1	3.120E-1	-1.924E-7
1.171E+1	3.060E-1	-1.917E-7
1.178E+1	3.000E-1	-1.925E-7
1.186E+1	2.940E-1	-1.918E-7
1.194E+1	2.880E-1	-1.925E-7
1.201E+1	2.820E-1	-1.917E-7
1.209E+1	2.760E-1	-1.923E-7
1.216E+1	2.700E-1	-1.914E-7
1.224E+1	2.640E-1	-1.919E-7
1.232E+1	2.580E-1	-1.909E-7
1.239E+1	2.520E-1	-1.912E-7
1.247E+1	2.460E-1	-1.900E-7
1.255E+1	2.400E-1	-1.903E-7
1.262E+1	2.340E-1	-1.891E-7
1.270E+1	2.280E-1	-1.893E-7
1.277E+1	2.220E-1	-1.879E-7
1.285E+1	2.160E-1	-1.879E-7
1.293E+1	2.100E-1	-1.874E-7
1.300E+1	2.040E-1	-1.859E-7
1.308E+1	1.980E-1	-1.858E-7
1.315E+1	1.920E-1	-1.843E-7
1.323E+1	1.860E-1	-1.841E-7
1.331E+1	1.800E-1	-1.824E-7
1.338E+1	1.740E-1	-1.822E-7
1.346E+1	1.680E-1	-1.804E-7
1.354E+1	1.620E-1	-1.800E-7
1.361E+1	1.560E-1	-1.783E-7
1.369E+1	1.500E-1	-1.778E-7
1.377E+1	1.440E-1	-1.760E-7
1.384E+1	1.380E-1	-1.756E-7
1.392E+1	1.320E-1	-1.738E-7
1.399E+1	1.260E-1	-1.732E-7
1.407E+1	1.200E-1	-1.714E-7
1.415E+1	1.140E-1	-1.709E-7
1.422E+1	1.080E-1	-1.690E-7
1.430E+1	1.020E-1	-1.685E-7
1.438E+1	9.600E-2	-1.675E-7
1.445E+1	9.000E-2	-1.656E-7
1.453E+1	8.400E-2	-1.650E-7
1.461E+1	7.800E-2	-1.633E-7
1.468E+1	7.200E-2	-1.627E-7
1.476E+1	6.600E-2	-1.611E-7
1.483E+1	6.000E-2	-1.606E-7
1.491E+1	5.400E-2	-1.589E-7
1.499E+1	4.800E-2	-1.585E-7
1.506E+1	4.200E-2	-1.569E-7
1.514E+1	3.600E-2	-1.565E-7
1.521E+1	3.000E-2	-1.549E-7
1.529E+1	2.400E-2	-1.545E-7
1.537E+1	1.800E-2	-1.530E-7
1.544E+1	1.200E-2	-1.527E-7
1.552E+1	6.000E-3	-1.513E-7
1.560E+1	-1.039E-15	-1.510E-7
