1.240E-1	1.200E+0	2.753E-4
2.640E-1	1.194E+0	3.700E-4
3.380E-1	1.188E+0	4.316E-4
4.120E-1	1.182E+0	4.690E-4
4.850E-1	1.176E+0	4.896E-4
5.590E-1	1.170E+0	5.000E-4
6.320E-1	1.164E+0	5.017E-4
7.060E-1	1.158E+0	4.989E-4
7.790E-1	1.152E+0	4.911E-4
8.530E-1	1.146E+0	4.809E-4
9.260E-1	1.140E+0	4.682E-4
1.000E+0	1.134E+0	4.541E-4
1.074E+0	1.128E+0	4.382E-4
1.147E+0	1.122E+0	4.221E-4
1.221E+0	1.116E+0	4.050E-4
1.294E+0	1.110E+0	3.881E-4
1.368E+0	1.104E+0	3.704E-4
1.443E+0	1.098E+0	3.531E-4
1.519E+0	1.092E+0	3.355E-4
1.594E+0	1.086E+0	3.182E-4
1.670E+0	1.080E+0	3.018E-4
1.746E+0	1.074E+0	2.853E-4
1.822E+0	1.068E+0	2.698E-4
1.897E+0	1.062E+0	2.542E-4
1.973E+0	1.056E+0	2.397E-4
2.049E+0	1.050E+0	2.252E-4
2.124E+0	1.044E+0	2.118E-4
2.200E+0	1.038E+0	1.984E-4
2.276E+0	1.032E+0	1.861E-4
2.351E+0	1.026E+0	1.738E-4
2.427E+0	1.020E+0	1.624E-4
2.503E+0	1.014E+0	1.511E-4
2.578E+0	1.008E+0	1.407E-4
2.654E+0	1.002E+0	1.303E-4
2.729E+0	9.960E-1	1.209E-4
2.805E+0	9.900E-1	1.113E-4
2.882E+0	9.840E-1	1.026E-4
2.958E+0	9.780E-1	9.352E-5
3.093E+0	9.720E-1	8.486E-5
3.175E+0	9.660E-1	7.728E-5
3.264E+0	9.600E-1	6.956E-5
3.340E+0	9.540E-1	6.256E-5
3.416E+0	9.480E-1	5.538E-5
3.493E+0	9.420E-1	4.881E-5
3.569E+0	9.360E-1	4.204E-5
3.646E+0	9.300E-1	3.582E-5
3.722E+0	9.240E-1	2.939E-5
3.798E+0	9.180E-1	2.350E-5
3.874E+0	9.120E-1	1.734E-5
3.950E+0	9.060E-1	1.173E-5
4.026E+0	9.000E-1	6.904E-6
4.166E+0	8.940E-1	2.220E-6
4.442E+0	8.880E-1	-4.314E-6
4.517E+0	8.820E-1	-1.002E-5
4.592E+0	8.760E-1	-1.411E-5
4.787E+0	8.700E-1	-1.998E-5
4.861E+0	8.640E-1	-2.575E-5
4.935E+0	8.580E-1	-3.145E-5
5.008E+0	8.520E-1	-3.667E-5
5.082E+0	8.460E-1	-4.239E-5
5.156E+0	8.400E-1	-4.765E-5
5.230E+0	8.340E-1	-5.337E-5
5.304E+0	8.280E-1	-5.860E-5
5.378E+0	8.220E-1	-6.438E-5
5.454E+0	8.160E-1	-6.959E-5
5.530E+0	8.100E-1	-7.522E-5
5.606E+0	8.040E-1	-8.043E-5
5.682E+0	7.980E-1	-8.610E-5
5.758E+0	7.920E-1	-9.129E-5
5.835E+0	7.860E-1	-9.693E-5
5.911E+0	7.800E-1	-1.020E-4
5.987E+0	7.740E-1	-1.077E-4
6.176E+0	7.680E-1	-1.104E-4
6.250E+0	7.620E-1	-1.162E-4
6.323E+0	7.560E-1	-1.219E-4
6.397E+0	7.500E-1	-1.271E-4
6.471E+0	7.440E-1	-1.328E-4
6.544E+0	7.380E-1	-1.377E-4
6.618E+0	7.320E-1	-1.432E-4
6.692E+0	7.260E-1	-1.480E-4
6.765E+0	7.200E-1	-1.534E-4
6.839E+0	7.140E-1	-1.582E-4
6.913E+0	7.080E-1	-1.635E-4
6.986E+0	7.020E-1	-1.679E-4
7.060E+0	6.960E-1	-1.730E-4
7.134E+0	6.900E-1	-1.776E-4
7.208E+0	6.840E-1	-1.825E-4
7.281E+0	6.780E-1	-1.870E-4
7.355E+0	6.720E-1	-1.918E-4
7.429E+0	6.660E-1	-1.960E-4
7.503E+0	6.600E-1	-2.008E-4
7.577E+0	6.540E-1	-2.048E-4
7.650E+0	6.480E-1	-2.092E-4
7.724E+0	6.420E-1	-2.136E-4
7.800E+0	6.360E-1	-2.175E-4
7.876E+0	6.300E-1	-2.214E-4
7.952E+0	6.240E-1	-2.250E-4
8.027E+0	6.180E-1	-2.290E-4
8.103E+0	6.120E-1	-2.324E-4
8.179E+0	6.060E-1	-2.362E-4
8.255E+0	6.000E-1	-2.396E-4
8.331E+0	5.940E-1	-2.434E-4
8.407E+0	5.880E-1	-2.465E-4
8.483E+0	5.820E-1	-2.500E-4
8.559E+0	5.760E-1	-2.532E-4
8.635E+0	5.700E-1	-2.567E-4
8.711E+0	5.640E-1	-2.594E-4
8.787E+0	5.580E-1	-2.625E-4
8.863E+0	5.520E-1	-2.655E-4
8.939E+0	5.460E-1	-2.683E-4
9.015E+0	5.400E-1	-2.713E-4
9.091E+0	5.340E-1	-2.736E-4
9.167E+0	5.280E-1	-2.764E-4
9.243E+0	5.220E-1	-2.788E-4
9.319E+0	5.160E-1	-2.813E-4
9.395E+0	5.100E-1	-2.833E-4
9.471E+0	5.040E-1	-2.857E-4
9.547E+0	4.980E-1	-2.878E-4
9.623E+0	4.920E-1	-2.896E-4
9.699E+0	4.860E-1	-2.917E-4
9.775E+0	4.800E-1	-2.939E-4
9.852E+0	4.740E-1	-2.954E-4
9.928E+0	4.680E-1	-2.976E-4
1.000E+1	4.620E-1	-2.990E-4
1.008E+1	4.560E-1	-3.009E-4
1.016E+1	4.500E-1	-3.021E-4
1.023E+1	4.440E-1	-3.038E-4
1.031E+1	4.380E-1	-3.048E-4
1.038E+1	4.320E-1	-3.064E-4
1.046E+1	4.260E-1	-3.074E-4
1.054E+1	4.200E-1	-3.084E-4
1.061E+1	4.140E-1	-3.096E-4
1.069E+1	4.080E-1	-3.103E-4
1.076E+1	4.020E-1	-3.115E-4
1.084E+1	3.960E-1	-3.120E-4
1.092E+1	3.900E-1	-3.129E-4
1.099E+1	3.840E-1	-3.130E-4
1.107E+1	3.780E-1	-3.146E-4
1.114E+1	3.720E-1	-3.147E-4
1.122E+1	3.660E-1	-3.155E-4
1.130E+1	3.600E-1	-3.156E-4
1.137E+1	3.540E-1	-3.160E-4
1.145E+1	3.480E-1	-3.164E-4
1.152E+1	3.420E-1	-3.167E-4
1.160E+1	3.360E-1	-3.168E-4
1.168E+1	3.300E-1	-3.173E-4
1.175E+1	3.240E-1	-3.174E-4
1.183E+1	3.180E-1	-3.175E-4
1.191E+1	3.120E-1	-3.176E-4
1.198E+1	3.060E-1	-3.176E-4
1.206E+1	3.000E-1	-3.178E-4
1.213E+1	2.940E-1	-3.176E-4
1.221E+1	2.880E-1	-3.173E-4
1.228E+1	2.820E-1	-3.178E-4
1.236E+1	2.760E-1	-3.177E-4
1.244E+1	2.700E-1	-3.176E-4
1.251E+1	2.640E-1	-3.178E-4
1.259E+1	2.580E-1	-3.179E-4
1.266E+1	2.520E-1	-3.180E-4
1.274E+1	2.460E-1	-3.184E-4
1.282E+1	2.400E-1	-3.190E-4
1.289E+1	2.340E-1	-3.196E-4
1.297E+1	2.280E-1	-3.205E-4
1.304E+1	2.220E-1	-3.211E-4
1.312E+1	2.160E-1	-3.227E-4
1.320E+1	2.100E-1	-3.239E-4
1.327E+1	2.040E-1	-3.252E-4
1.335E+1	1.980E-1	-3.268E-4
1.342E+1	1.920E-1	-3.283E-4
1.350E+1	1.860E-1	-3.300E-4
1.358E+1	1.800E-1	-3.316E-4
1.365E+1	1.740E-1	-3.335E-4
1.373E+1	1.680E-1	-3.350E-4
1.380E+1	1.620E-1	-3.369E-4
1.388E+1	1.560E-1	-3.385E-4
1.396E+1	1.500E-1	-3.402E-4
1.403E+1	1.440E-1	-3.417E-4
1.411E+1	1.380E-1	-3.435E-4
1.419E+1	1.320E-1	-3.451E-4
1.426E+1	1.260E-1	-3.467E-4
1.434E+1	1.200E-1	-3.481E-4
1.441E+1	1.140E-1	-3.498E-4
1.449E+1	1.080E-1	-3.512E-4
1.456E+1	1.020E-1	-3.528E-4
1.464E+1	9.600E-2	-3.546E-4
1.472E+1	9.000E-2	-3.558E-4
1.479E+1	8.400E-2	-3.575E-4
1.487E+1	7.800E-2	-3.587E-4
1.495E+1	7.200E-2	-3.599E-4
1.502E+1	6.600E-2	-3.611E-4
1.510E+1	6.000E-2	-3.624E-4
1.517E+1	5.400E-2	-3.635E-4
1.525E+1	4.800E-2	-3.647E-4
1.533E+1	4.200E-2	-3.656E-4
1.540E+1	3.600E-2	-3.665E-4
1.548E+1	3.000E-2	-3.677E-4
1.555E+1	2.400E-2	-3.688E-4
1.563E+1	1.800E-2	-3.695E-4
1.571E+1	1.200E-2	-3.706E-4
1.578E+1	6.000E-3	-3.713E-4
1.586E+1	-1.039E-15	-3.721E-4
