1.220E-1	0.000E+0	-3.682E-4
2.610E-1	6.000E-3	-3.516E-4
3.350E-1	1.200E-2	-3.471E-4
4.080E-1	1.800E-2	-3.438E-4
4.840E-1	2.400E-2	-3.410E-4
5.570E-1	3.000E-2	-3.393E-4
6.300E-1	3.600E-2	-3.369E-4
7.040E-1	4.200E-2	-3.350E-4
7.780E-1	4.800E-2	-3.332E-4
8.510E-1	5.400E-2	-3.314E-4
9.250E-1	6.000E-2	-3.297E-4
9.990E-1	6.600E-2	-3.280E-4
1.072E+0	7.200E-2	-3.262E-4
1.146E+0	7.800E-2	-3.247E-4
1.219E+0	8.400E-2	-3.232E-4
1.293E+0	9.000E-2	-3.213E-4
1.367E+0	9.600E-2	-3.197E-4
1.442E+0	1.020E-1	-3.181E-4
1.518E+0	1.080E-1	-3.164E-4
1.594E+0	1.140E-1	-3.146E-4
1.670E+0	1.200E-1	-3.128E-4
1.746E+0	1.260E-1	-3.113E-4
1.822E+0	1.320E-1	-3.093E-4
1.898E+0	1.380E-1	-3.079E-4
1.974E+0	1.440E-1	-3.060E-4
2.050E+0	1.500E-1	-3.044E-4
2.126E+0	1.560E-1	-3.024E-4
2.202E+0	1.620E-1	-3.006E-4
2.277E+0	1.680E-1	-2.986E-4
2.354E+0	1.740E-1	-2.969E-4
2.430E+0	1.800E-1	-2.948E-4
2.506E+0	1.860E-1	-2.931E-4
2.582E+0	1.920E-1	-2.912E-4
2.658E+0	1.980E-1	-2.890E-4
2.734E+0	2.040E-1	-2.869E-4
2.810E+0	2.100E-1	-2.848E-4
2.886E+0	2.160E-1	-2.827E-4
2.962E+0	2.220E-1	-2.806E-4
3.039E+0	2.280E-1	-2.786E-4
3.115E+0	2.340E-1	-2.761E-4
3.191E+0	2.400E-1	-2.740E-4
3.267E+0	2.460E-1	-2.717E-4
3.343E+0	2.520E-1	-2.693E-4
3.419E+0	2.580E-1	-2.671E-4
3.495E+0	2.640E-1	-2.650E-4
3.571E+0	2.700E-1	-2.624E-4
3.647E+0	2.760E-1	-2.601E-4
3.723E+0	2.820E-1	-2.577E-4
3.799E+0	2.880E-1	-2.554E-4
3.875E+0	2.940E-1	-2.531E-4
3.952E+0	3.000E-1	-2.506E-4
4.027E+0	3.060E-1	-2.482E-4
4.103E+0	3.120E-1	-2.460E-4
4.179E+0	3.180E-1	-2.434E-4
4.255E+0	3.240E-1	-2.408E-4
4.331E+0	3.300E-1	-2.384E-4
4.407E+0	3.360E-1	-2.359E-4
4.483E+0	3.420E-1	-2.335E-4
4.559E+0	3.480E-1	-2.310E-4
4.635E+0	3.540E-1	-2.284E-4
4.711E+0	3.600E-1	-2.257E-4
4.787E+0	3.660E-1	-2.231E-4
4.863E+0	3.720E-1	-2.207E-4
4.939E+0	3.780E-1	-2.177E-4
5.015E+0	3.840E-1	-2.153E-4
5.092E+0	3.900E-1	-2.125E-4
5.168E+0	3.960E-1	-2.098E-4
5.244E+0	4.020E-1	-2.074E-4
5.320E+0	4.080E-1	-2.041E-4
5.396E+0	4.140E-1	-2.018E-4
5.471E+0	4.200E-1	-1.990E-4
5.548E+0	4.260E-1	-1.963E-4
5.624E+0	4.320E-1	-1.936E-4
5.702E+0	4.380E-1	-1.906E-4
5.776E+0	4.440E-1	-1.880E-4
5.852E+0	4.500E-1	-1.849E-4
5.928E+0	4.560E-1	-1.823E-4
6.004E+0	4.620E-1	-1.792E-4
6.080E+0	4.680E-1	-1.764E-4
6.157E+0	4.740E-1	-1.735E-4
6.233E+0	4.800E-1	-1.705E-4
6.309E+0	4.860E-1	-1.674E-4
6.385E+0	4.920E-1	-1.644E-4
6.461E+0	4.980E-1	-1.612E-4
6.537E+0	5.040E-1	-1.581E-4
6.613E+0	5.100E-1	-1.549E-4
6.689E+0	5.160E-1	-1.518E-4
6.765E+0	5.220E-1	-1.484E-4
6.841E+0	5.280E-1	-1.453E-4
6.917E+0	5.340E-1	-1.420E-4
6.993E+0	5.400E-1	-1.390E-4
7.069E+0	5.460E-1	-1.357E-4
7.145E+0	5.520E-1	-1.325E-4
7.221E+0	5.580E-1	-1.295E-4
7.297E+0	5.640E-1	-1.262E-4
7.373E+0	5.700E-1	-1.232E-4
7.449E+0	5.760E-1	-1.201E-4
7.525E+0	5.820E-1	-1.173E-4
7.601E+0	5.880E-1	-1.142E-4
7.677E+0	5.940E-1	-1.113E-4
7.753E+0	6.000E-1	-1.084E-4
7.829E+0	6.060E-1	-1.057E-4
7.904E+0	6.120E-1	-1.028E-4
7.980E+0	6.180E-1	-1.001E-4
8.056E+0	6.240E-1	-1.001E-4
8.191E+0	6.300E-1	-9.529E-5
8.273E+0	6.360E-1	-9.260E-5
8.361E+0	6.420E-1	-9.007E-5
8.437E+0	6.480E-1	-8.743E-5
8.513E+0	6.540E-1	-8.485E-5
8.589E+0	6.600E-1	-8.250E-5
8.665E+0	6.660E-1	-8.007E-5
8.741E+0	6.720E-1	-7.776E-5
8.817E+0	6.780E-1	-7.535E-5
8.894E+0	6.840E-1	-7.312E-5
8.970E+0	6.900E-1	-7.075E-5
9.046E+0	6.960E-1	-6.863E-5
9.122E+0	7.020E-1	-6.627E-5
9.198E+0	7.080E-1	-6.418E-5
9.274E+0	7.140E-1	-6.196E-5
9.351E+0	7.200E-1	-5.988E-5
9.427E+0	7.260E-1	-5.766E-5
9.503E+0	7.320E-1	-5.559E-5
9.579E+0	7.380E-1	-5.341E-5
9.655E+0	7.440E-1	-5.140E-5
9.732E+0	7.500E-1	-4.920E-5
9.808E+0	7.560E-1	-4.718E-5
9.884E+0	7.620E-1	-4.504E-5
9.960E+0	7.680E-1	-4.289E-5
1.004E+1	7.740E-1	-4.088E-5
1.011E+1	7.800E-1	-3.874E-5
1.019E+1	7.860E-1	-3.672E-5
1.027E+1	7.920E-1	-3.456E-5
1.034E+1	7.980E-1	-3.259E-5
1.042E+1	8.040E-1	-3.045E-5
1.049E+1	8.100E-1	-2.843E-5
1.057E+1	8.160E-1	-2.631E-5
1.065E+1	8.220E-1	-2.431E-5
1.072E+1	8.280E-1	-2.218E-5
1.080E+1	8.340E-1	-2.019E-5
1.087E+1	8.400E-1	-1.809E-5
1.095E+1	8.460E-1	-1.610E-5
1.103E+1	8.520E-1	-1.401E-5
1.110E+1	8.580E-1	-1.205E-5
1.118E+1	8.640E-1	-1.050E-5
1.132E+1	8.700E-1	-8.047E-6
1.140E+1	8.760E-1	-6.051E-6
1.148E+1	8.820E-1	-3.930E-6
1.156E+1	8.880E-1	-1.941E-6
1.163E+1	8.940E-1	-1.381E-7
1.178E+1	9.000E-1	1.542E-6
1.198E+1	9.060E-1	3.767E-6
1.206E+1	9.120E-1	5.848E-6
1.215E+1	9.180E-1	7.984E-6
1.223E+1	9.240E-1	9.978E-6
1.230E+1	9.300E-1	1.163E-5
1.250E+1	9.360E-1	1.379E-5
1.257E+1	9.420E-1	1.597E-5
1.265E+1	9.480E-1	1.801E-5
1.272E+1	9.540E-1	2.020E-5
1.279E+1	9.600E-1	2.226E-5
1.287E+1	9.660E-1	2.448E-5
1.294E+1	9.720E-1	2.658E-5
1.302E+1	9.780E-1	2.888E-5
1.309E+1	9.840E-1	3.119E-5
1.316E+1	9.900E-1	3.338E-5
1.324E+1	9.960E-1	3.578E-5
1.331E+1	1.002E+0	3.805E-5
1.338E+1	1.008E+0	4.054E-5
1.346E+1	1.014E+0	4.291E-5
1.353E+1	1.020E+0	4.554E-5
1.360E+1	1.026E+0	4.801E-5
1.368E+1	1.032E+0	5.072E-5
1.375E+1	1.038E+0	5.330E-5
1.382E+1	1.044E+0	5.618E-5
1.390E+1	1.050E+0	5.892E-5
1.397E+1	1.056E+0	6.197E-5
1.405E+1	1.062E+0	6.492E-5
1.412E+1	1.068E+0	6.816E-5
1.419E+1	1.074E+0	7.132E-5
1.427E+1	1.080E+0	7.480E-5
1.434E+1	1.086E+0	7.821E-5
1.441E+1	1.092E+0	8.200E-5
1.449E+1	1.098E+0	8.597E-5
1.457E+1	1.104E+0	8.994E-5
1.464E+1	1.110E+0	9.437E-5
1.472E+1	1.116E+0	9.877E-5
1.479E+1	1.122E+0	1.037E-4
1.487E+1	1.128E+0	1.099E-4
1.506E+1	1.134E+0	1.157E-4
1.513E+1	1.140E+0	1.215E-4
1.521E+1	1.146E+0	1.281E-4
1.528E+1	1.152E+0	1.348E-4
1.535E+1	1.158E+0	1.423E-4
1.543E+1	1.164E+0	1.500E-4
1.550E+1	1.170E+0	1.585E-4
1.557E+1	1.176E+0	1.671E-4
1.565E+1	1.182E+0	1.767E-4
1.572E+1	1.188E+0	1.865E-4
1.579E+1	1.194E+0	1.971E-4
1.587E+1	1.200E+0	2.084E-4
