1.230E-1	0.000E+0	-3.194E-4
2.620E-1	6.000E-3	-2.985E-4
3.360E-1	1.200E-2	-2.935E-4
4.090E-1	1.800E-2	-2.897E-4
4.830E-1	2.400E-2	-2.871E-4
5.570E-1	3.000E-2	-2.846E-4
6.310E-1	3.600E-2	-2.827E-4
7.050E-1	4.200E-2	-2.804E-4
7.790E-1	4.800E-2	-2.786E-4
8.520E-1	5.400E-2	-2.767E-4
9.260E-1	6.000E-2	-2.752E-4
1.000E+0	6.600E-2	-2.733E-4
1.074E+0	7.200E-2	-2.717E-4
1.148E+0	7.800E-2	-2.700E-4
1.222E+0	8.400E-2	-2.686E-4
1.296E+0	9.000E-2	-2.668E-4
1.370E+0	9.600E-2	-2.654E-4
1.446E+0	1.020E-1	-2.637E-4
1.522E+0	1.080E-1	-2.620E-4
1.598E+0	1.140E-1	-2.606E-4
1.674E+0	1.200E-1	-2.587E-4
1.750E+0	1.260E-1	-2.575E-4
1.826E+0	1.320E-1	-2.559E-4
1.902E+0	1.380E-1	-2.543E-4
1.978E+0	1.440E-1	-2.526E-4
2.054E+0	1.500E-1	-2.512E-4
2.131E+0	1.560E-1	-2.494E-4
2.207E+0	1.620E-1	-2.477E-4
2.283E+0	1.680E-1	-2.459E-4
2.359E+0	1.740E-1	-2.443E-4
2.436E+0	1.800E-1	-2.425E-4
2.512E+0	1.860E-1	-2.408E-4
2.588E+0	1.920E-1	-2.388E-4
2.665E+0	1.980E-1	-2.371E-4
2.741E+0	2.040E-1	-2.350E-4
2.817E+0	2.100E-1	-2.335E-4
2.893E+0	2.160E-1	-2.312E-4
2.969E+0	2.220E-1	-2.293E-4
3.045E+0	2.280E-1	-2.278E-4
3.121E+0	2.340E-1	-2.255E-4
3.197E+0	2.400E-1	-2.237E-4
3.273E+0	2.460E-1	-2.217E-4
3.349E+0	2.520E-1	-2.198E-4
3.425E+0	2.580E-1	-2.177E-4
3.502E+0	2.640E-1	-2.160E-4
3.578E+0	2.700E-1	-2.138E-4
3.654E+0	2.760E-1	-2.118E-4
3.730E+0	2.820E-1	-2.096E-4
3.806E+0	2.880E-1	-2.076E-4
3.882E+0	2.940E-1	-2.052E-4
3.959E+0	3.000E-1	-2.032E-4
4.034E+0	3.060E-1	-2.011E-4
4.110E+0	3.120E-1	-1.991E-4
4.186E+0	3.180E-1	-1.969E-4
4.262E+0	3.240E-1	-1.946E-4
4.339E+0	3.300E-1	-1.926E-4
4.415E+0	3.360E-1	-1.903E-4
4.491E+0	3.420E-1	-1.882E-4
4.567E+0	3.480E-1	-1.859E-4
4.643E+0	3.540E-1	-1.838E-4
4.719E+0	3.600E-1	-1.813E-4
4.795E+0	3.660E-1	-1.792E-4
4.872E+0	3.720E-1	-1.769E-4
4.948E+0	3.780E-1	-1.748E-4
5.024E+0	3.840E-1	-1.725E-4
5.100E+0	3.900E-1	-1.702E-4
5.177E+0	3.960E-1	-1.679E-4
5.253E+0	4.020E-1	-1.657E-4
5.329E+0	4.080E-1	-1.634E-4
5.405E+0	4.140E-1	-1.612E-4
5.481E+0	4.200E-1	-1.589E-4
5.557E+0	4.260E-1	-1.567E-4
5.633E+0	4.320E-1	-1.544E-4
5.709E+0	4.380E-1	-1.520E-4
5.786E+0	4.440E-1	-1.499E-4
5.862E+0	4.500E-1	-1.475E-4
5.938E+0	4.560E-1	-1.453E-4
6.014E+0	4.620E-1	-1.428E-4
6.090E+0	4.680E-1	-1.407E-4
6.166E+0	4.740E-1	-1.382E-4
6.242E+0	4.800E-1	-1.360E-4
6.318E+0	4.860E-1	-1.338E-4
6.395E+0	4.920E-1	-1.314E-4
6.471E+0	4.980E-1	-1.291E-4
6.547E+0	5.040E-1	-1.268E-4
6.623E+0	5.100E-1	-1.244E-4
6.699E+0	5.160E-1	-1.222E-4
6.775E+0	5.220E-1	-1.196E-4
6.851E+0	5.280E-1	-1.174E-4
6.927E+0	5.340E-1	-1.148E-4
7.003E+0	5.400E-1	-1.127E-4
7.079E+0	5.460E-1	-1.100E-4
7.155E+0	5.520E-1	-1.075E-4
7.231E+0	5.580E-1	-1.052E-4
7.307E+0	5.640E-1	-1.026E-4
7.383E+0	5.700E-1	-1.002E-4
7.459E+0	5.760E-1	-1.007E-4
7.595E+0	5.820E-1	-9.584E-5
7.676E+0	5.880E-1	-9.346E-5
7.765E+0	5.940E-1	-9.097E-5
7.841E+0	6.000E-1	-8.851E-5
7.917E+0	6.060E-1	-8.637E-5
7.993E+0	6.120E-1	-8.394E-5
8.069E+0	6.180E-1	-8.174E-5
8.145E+0	6.240E-1	-7.938E-5
8.221E+0	6.300E-1	-7.718E-5
8.298E+0	6.360E-1	-7.493E-5
8.374E+0	6.420E-1	-7.278E-5
8.450E+0	6.480E-1	-7.044E-5
8.526E+0	6.540E-1	-6.821E-5
8.602E+0	6.600E-1	-6.615E-5
8.678E+0	6.660E-1	-6.390E-5
8.754E+0	6.720E-1	-6.197E-5
8.830E+0	6.780E-1	-5.985E-5
8.907E+0	6.840E-1	-5.789E-5
8.983E+0	6.900E-1	-5.563E-5
9.059E+0	6.960E-1	-5.368E-5
9.136E+0	7.020E-1	-5.143E-5
9.212E+0	7.080E-1	-4.968E-5
9.288E+0	7.140E-1	-4.757E-5
9.364E+0	7.200E-1	-4.561E-5
9.441E+0	7.260E-1	-4.365E-5
9.517E+0	7.320E-1	-4.169E-5
9.594E+0	7.380E-1	-3.958E-5
9.669E+0	7.440E-1	-3.789E-5
9.745E+0	7.500E-1	-3.574E-5
9.822E+0	7.560E-1	-3.374E-5
9.898E+0	7.620E-1	-3.177E-5
9.974E+0	7.680E-1	-2.987E-5
1.005E+1	7.740E-1	-2.799E-5
1.013E+1	7.800E-1	-2.602E-5
1.020E+1	7.860E-1	-2.401E-5
1.028E+1	7.920E-1	-2.189E-5
1.036E+1	7.980E-1	-2.028E-5
1.043E+1	8.040E-1	-1.819E-5
1.051E+1	8.100E-1	-1.654E-5
1.058E+1	8.160E-1	-1.443E-5
1.066E+1	8.220E-1	-1.227E-5
1.074E+1	8.280E-1	-1.005E-5
1.081E+1	8.340E-1	-9.134E-6
1.095E+1	8.400E-1	-6.535E-6
1.104E+1	8.460E-1	-4.471E-6
1.112E+1	8.520E-1	-2.323E-6
1.119E+1	8.580E-1	-4.556E-7
1.134E+1	8.640E-1	1.417E-6
1.154E+1	8.700E-1	3.413E-6
1.162E+1	8.760E-1	5.359E-6
1.171E+1	8.820E-1	7.458E-6
1.179E+1	8.880E-1	9.480E-6
1.186E+1	8.940E-1	1.188E-5
1.206E+1	9.000E-1	1.411E-5
1.213E+1	9.060E-1	1.648E-5
1.220E+1	9.120E-1	1.872E-5
1.228E+1	9.180E-1	2.083E-5
1.235E+1	9.240E-1	2.296E-5
1.243E+1	9.300E-1	2.517E-5
1.250E+1	9.360E-1	2.753E-5
1.257E+1	9.420E-1	3.005E-5
1.265E+1	9.480E-1	3.258E-5
1.272E+1	9.540E-1	3.491E-5
1.279E+1	9.600E-1	3.738E-5
1.287E+1	9.660E-1	4.016E-5
1.294E+1	9.720E-1	4.287E-5
1.302E+1	9.780E-1	4.570E-5
1.309E+1	9.840E-1	4.880E-5
1.316E+1	9.900E-1	5.185E-5
1.324E+1	9.960E-1	5.509E-5
1.331E+1	1.002E+0	5.793E-5
1.339E+1	1.008E+0	6.152E-5
1.346E+1	1.014E+0	6.500E-5
1.353E+1	1.020E+0	6.933E-5
1.361E+1	1.026E+0	7.321E-5
1.368E+1	1.032E+0	7.760E-5
1.376E+1	1.038E+0	8.220E-5
1.383E+1	1.044E+0	8.755E-5
1.391E+1	1.050E+0	9.279E-5
1.398E+1	1.056E+0	9.869E-5
1.406E+1	1.062E+0	1.131E-4
1.425E+1	1.068E+0	1.186E-4
1.432E+1	1.074E+0	1.249E-4
1.440E+1	1.080E+0	1.338E-4
1.447E+1	1.086E+0	1.408E-4
1.454E+1	1.092E+0	1.494E-4
1.462E+1	1.098E+0	1.569E-4
1.469E+1	1.104E+0	1.666E-4
1.477E+1	1.110E+0	1.768E-4
1.484E+1	1.116E+0	1.856E-4
1.491E+1	1.122E+0	1.972E-4
1.499E+1	1.128E+0	2.075E-4
1.506E+1	1.134E+0	2.191E-4
1.513E+1	1.140E+0	2.308E-4
1.521E+1	1.146E+0	2.427E-4
1.528E+1	1.152E+0	2.556E-4
1.535E+1	1.158E+0	2.684E-4
1.543E+1	1.164E+0	2.816E-4
1.550E+1	1.170E+0	2.957E-4
1.558E+1	1.176E+0	3.097E-4
1.565E+1	1.182E+0	3.239E-4
1.572E+1	1.188E+0	3.381E-4
1.580E+1	1.194E+0	3.532E-4
1.587E+1	1.200E+0	3.685E-4
