1.230E-1	0.000E+0	-2.977E-4
2.630E-1	6.000E-3	-2.774E-4
3.360E-1	1.200E-2	-2.726E-4
4.100E-1	1.800E-2	-2.690E-4
4.840E-1	2.400E-2	-2.664E-4
5.580E-1	3.000E-2	-2.639E-4
6.320E-1	3.600E-2	-2.618E-4
7.050E-1	4.200E-2	-2.596E-4
7.790E-1	4.800E-2	-2.582E-4
8.530E-1	5.400E-2	-2.563E-4
9.270E-1	6.000E-2	-2.548E-4
1.001E+0	6.600E-2	-2.532E-4
1.075E+0	7.200E-2	-2.516E-4
1.148E+0	7.800E-2	-2.501E-4
1.222E+0	8.400E-2	-2.487E-4
1.296E+0	9.000E-2	-2.471E-4
1.369E+0	9.600E-2	-2.456E-4
1.445E+0	1.020E-1	-2.440E-4
1.521E+0	1.080E-1	-2.424E-4
1.597E+0	1.140E-1	-2.409E-4
1.673E+0	1.200E-1	-2.393E-4
1.749E+0	1.260E-1	-2.380E-4
1.825E+0	1.320E-1	-2.364E-4
1.901E+0	1.380E-1	-2.350E-4
1.977E+0	1.440E-1	-2.333E-4
2.053E+0	1.500E-1	-2.317E-4
2.129E+0	1.560E-1	-2.301E-4
2.205E+0	1.620E-1	-2.285E-4
2.282E+0	1.680E-1	-2.269E-4
2.358E+0	1.740E-1	-2.253E-4
2.434E+0	1.800E-1	-2.236E-4
2.510E+0	1.860E-1	-2.220E-4
2.586E+0	1.920E-1	-2.202E-4
2.662E+0	1.980E-1	-2.187E-4
2.738E+0	2.040E-1	-2.169E-4
2.815E+0	2.100E-1	-2.153E-4
2.891E+0	2.160E-1	-2.134E-4
2.967E+0	2.220E-1	-2.116E-4
3.043E+0	2.280E-1	-2.099E-4
3.119E+0	2.340E-1	-2.080E-4
3.195E+0	2.400E-1	-2.063E-4
3.271E+0	2.460E-1	-2.043E-4
3.347E+0	2.520E-1	-2.025E-4
3.423E+0	2.580E-1	-2.005E-4
3.499E+0	2.640E-1	-1.985E-4
3.575E+0	2.700E-1	-1.966E-4
3.651E+0	2.760E-1	-1.947E-4
3.728E+0	2.820E-1	-1.925E-4
3.804E+0	2.880E-1	-1.906E-4
3.880E+0	2.940E-1	-1.888E-4
3.956E+0	3.000E-1	-1.869E-4
4.032E+0	3.060E-1	-1.846E-4
4.108E+0	3.120E-1	-1.828E-4
4.184E+0	3.180E-1	-1.805E-4
4.261E+0	3.240E-1	-1.786E-4
4.337E+0	3.300E-1	-1.764E-4
4.413E+0	3.360E-1	-1.742E-4
4.489E+0	3.420E-1	-1.722E-4
4.565E+0	3.480E-1	-1.700E-4
4.642E+0	3.540E-1	-1.676E-4
4.718E+0	3.600E-1	-1.656E-4
4.794E+0	3.660E-1	-1.636E-4
4.870E+0	3.720E-1	-1.612E-4
4.946E+0	3.780E-1	-1.592E-4
5.022E+0	3.840E-1	-1.568E-4
5.099E+0	3.900E-1	-1.548E-4
5.175E+0	3.960E-1	-1.525E-4
5.251E+0	4.020E-1	-1.503E-4
5.327E+0	4.080E-1	-1.480E-4
5.403E+0	4.140E-1	-1.458E-4
5.479E+0	4.200E-1	-1.435E-4
5.555E+0	4.260E-1	-1.412E-4
5.631E+0	4.320E-1	-1.388E-4
5.708E+0	4.380E-1	-1.366E-4
5.784E+0	4.440E-1	-1.343E-4
5.860E+0	4.500E-1	-1.320E-4
5.936E+0	4.560E-1	-1.298E-4
6.012E+0	4.620E-1	-1.276E-4
6.088E+0	4.680E-1	-1.255E-4
6.164E+0	4.740E-1	-1.231E-4
6.240E+0	4.800E-1	-1.210E-4
6.316E+0	4.860E-1	-1.187E-4
6.392E+0	4.920E-1	-1.165E-4
6.470E+0	4.980E-1	-1.141E-4
6.546E+0	5.040E-1	-1.120E-4
6.622E+0	5.100E-1	-1.097E-4
6.698E+0	5.160E-1	-1.076E-4
6.774E+0	5.220E-1	-1.051E-4
6.850E+0	5.280E-1	-1.027E-4
6.926E+0	5.340E-1	-1.004E-4
7.002E+0	5.400E-1	-1.016E-4
7.137E+0	5.460E-1	-9.639E-5
7.218E+0	5.520E-1	-9.378E-5
7.307E+0	5.580E-1	-9.151E-5
7.383E+0	5.640E-1	-8.877E-5
7.459E+0	5.700E-1	-8.649E-5
7.536E+0	5.760E-1	-8.420E-5
7.612E+0	5.820E-1	-8.185E-5
7.688E+0	5.880E-1	-7.943E-5
7.764E+0	5.940E-1	-7.710E-5
7.840E+0	6.000E-1	-7.475E-5
7.916E+0	6.060E-1	-7.264E-5
7.992E+0	6.120E-1	-7.042E-5
8.068E+0	6.180E-1	-6.829E-5
8.144E+0	6.240E-1	-6.585E-5
8.220E+0	6.300E-1	-6.348E-5
8.297E+0	6.360E-1	-6.152E-5
8.373E+0	6.420E-1	-5.942E-5
8.449E+0	6.480E-1	-5.706E-5
8.525E+0	6.540E-1	-5.513E-5
8.601E+0	6.600E-1	-5.316E-5
8.677E+0	6.660E-1	-5.098E-5
8.754E+0	6.720E-1	-4.901E-5
8.830E+0	6.780E-1	-4.689E-5
8.906E+0	6.840E-1	-4.494E-5
8.983E+0	6.900E-1	-4.271E-5
9.059E+0	6.960E-1	-4.100E-5
9.135E+0	7.020E-1	-3.896E-5
9.211E+0	7.080E-1	-3.692E-5
9.288E+0	7.140E-1	-3.518E-5
9.364E+0	7.200E-1	-3.346E-5
9.440E+0	7.260E-1	-3.146E-5
9.516E+0	7.320E-1	-2.958E-5
9.593E+0	7.380E-1	-2.760E-5
9.669E+0	7.440E-1	-2.597E-5
9.745E+0	7.500E-1	-2.395E-5
9.821E+0	7.560E-1	-2.200E-5
9.897E+0	7.620E-1	-2.004E-5
9.973E+0	7.680E-1	-1.812E-5
1.005E+1	7.740E-1	-1.615E-5
1.013E+1	7.800E-1	-1.387E-5
1.020E+1	7.860E-1	-1.228E-5
1.028E+1	7.920E-1	-1.033E-5
1.036E+1	7.980E-1	-9.554E-6
1.049E+1	8.040E-1	-6.940E-6
1.058E+1	8.100E-1	-5.121E-6
1.066E+1	8.160E-1	-3.157E-6
1.073E+1	8.220E-1	-1.225E-6
1.081E+1	8.280E-1	-1.679E-7
1.096E+1	8.340E-1	1.113E-6
1.116E+1	8.400E-1	2.977E-6
1.124E+1	8.460E-1	5.106E-6
1.133E+1	8.520E-1	6.913E-6
1.140E+1	8.580E-1	9.012E-6
1.148E+1	8.640E-1	2.146E-5
1.168E+1	8.700E-1	2.396E-5
1.175E+1	8.760E-1	2.610E-5
1.182E+1	8.820E-1	2.782E-5
1.190E+1	8.880E-1	2.984E-5
1.197E+1	8.940E-1	3.135E-5
1.204E+1	9.000E-1	3.349E-5
1.212E+1	9.060E-1	3.529E-5
1.219E+1	9.120E-1	3.716E-5
1.227E+1	9.180E-1	3.903E-5
1.234E+1	9.240E-1	4.061E-5
1.241E+1	9.300E-1	4.205E-5
1.249E+1	9.360E-1	4.469E-5
1.256E+1	9.420E-1	4.655E-5
1.264E+1	9.480E-1	4.818E-5
1.271E+1	9.540E-1	5.075E-5
1.278E+1	9.600E-1	5.291E-5
1.286E+1	9.660E-1	5.578E-5
1.293E+1	9.720E-1	5.733E-5
1.301E+1	9.780E-1	6.016E-5
1.308E+1	9.840E-1	6.292E-5
1.315E+1	9.900E-1	6.640E-5
1.323E+1	9.960E-1	6.815E-5
1.330E+1	1.002E+0	7.168E-5
1.337E+1	1.008E+0	7.599E-5
1.345E+1	1.014E+0	8.025E-5
1.353E+1	1.020E+0	8.358E-5
1.360E+1	1.026E+0	8.731E-5
1.368E+1	1.032E+0	9.111E-5
1.375E+1	1.038E+0	9.484E-5
1.383E+1	1.044E+0	1.006E-4
1.390E+1	1.050E+0	1.245E-4
1.409E+1	1.056E+0	1.300E-4
1.417E+1	1.062E+0	1.348E-4
1.424E+1	1.068E+0	1.405E-4
1.431E+1	1.074E+0	1.466E-4
1.439E+1	1.080E+0	1.532E-4
1.446E+1	1.086E+0	1.592E-4
1.453E+1	1.092E+0	1.650E-4
1.461E+1	1.098E+0	1.733E-4
1.468E+1	1.104E+0	1.809E-4
1.476E+1	1.110E+0	1.892E-4
1.483E+1	1.116E+0	1.980E-4
1.490E+1	1.122E+0	2.067E-4
1.498E+1	1.128E+0	2.163E-4
1.505E+1	1.134E+0	2.276E-4
1.512E+1	1.140E+0	2.384E-4
1.520E+1	1.146E+0	2.496E-4
1.527E+1	1.152E+0	2.603E-4
1.534E+1	1.158E+0	2.717E-4
1.542E+1	1.164E+0	2.856E-4
1.549E+1	1.170E+0	2.947E-4
1.556E+1	1.176E+0	3.070E-4
1.564E+1	1.182E+0	3.195E-4
1.571E+1	1.188E+0	3.318E-4
1.579E+1	1.194E+0	3.450E-4
1.586E+1	1.200E+0	3.573E-4
