1.230E-1	0.000E+0	-3.088E-4
2.620E-1	6.000E-3	-2.923E-4
3.360E-1	1.200E-2	-2.881E-4
4.100E-1	1.800E-2	-2.851E-4
4.840E-1	2.400E-2	-2.826E-4
5.580E-1	3.000E-2	-2.802E-4
6.320E-1	3.600E-2	-2.782E-4
7.060E-1	4.200E-2	-2.763E-4
7.790E-1	4.800E-2	-2.745E-4
8.530E-1	5.400E-2	-2.727E-4
9.270E-1	6.000E-2	-2.709E-4
1.002E+0	6.600E-2	-2.694E-4
1.075E+0	7.200E-2	-2.677E-4
1.149E+0	7.800E-2	-2.660E-4
1.223E+0	8.400E-2	-2.645E-4
1.297E+0	9.000E-2	-2.628E-4
1.370E+0	9.600E-2	-2.612E-4
1.444E+0	1.020E-1	-2.596E-4
1.518E+0	1.080E-1	-2.579E-4
1.594E+0	1.140E-1	-2.562E-4
1.670E+0	1.200E-1	-2.544E-4
1.747E+0	1.260E-1	-2.529E-4
1.823E+0	1.320E-1	-2.513E-4
1.900E+0	1.380E-1	-2.496E-4
1.976E+0	1.440E-1	-2.479E-4
2.052E+0	1.500E-1	-2.464E-4
2.128E+0	1.560E-1	-2.447E-4
2.204E+0	1.620E-1	-2.429E-4
2.280E+0	1.680E-1	-2.412E-4
2.356E+0	1.740E-1	-2.395E-4
2.432E+0	1.800E-1	-2.374E-4
2.508E+0	1.860E-1	-2.356E-4
2.584E+0	1.920E-1	-2.337E-4
2.661E+0	1.980E-1	-2.321E-4
2.737E+0	2.040E-1	-2.302E-4
2.813E+0	2.100E-1	-2.283E-4
2.889E+0	2.160E-1	-2.262E-4
2.965E+0	2.220E-1	-2.245E-4
3.041E+0	2.280E-1	-2.225E-4
3.117E+0	2.340E-1	-2.203E-4
3.193E+0	2.400E-1	-2.186E-4
3.269E+0	2.460E-1	-2.167E-4
3.345E+0	2.520E-1	-2.148E-4
3.421E+0	2.580E-1	-2.128E-4
3.497E+0	2.640E-1	-2.108E-4
3.574E+0	2.700E-1	-2.086E-4
3.650E+0	2.760E-1	-2.065E-4
3.726E+0	2.820E-1	-2.045E-4
3.802E+0	2.880E-1	-2.022E-4
3.878E+0	2.940E-1	-2.000E-4
3.954E+0	3.000E-1	-1.979E-4
4.030E+0	3.060E-1	-1.958E-4
4.106E+0	3.120E-1	-1.937E-4
4.182E+0	3.180E-1	-1.914E-4
4.258E+0	3.240E-1	-1.891E-4
4.334E+0	3.300E-1	-1.871E-4
4.410E+0	3.360E-1	-1.845E-4
4.487E+0	3.420E-1	-1.825E-4
4.563E+0	3.480E-1	-1.800E-4
4.639E+0	3.540E-1	-1.778E-4
4.715E+0	3.600E-1	-1.758E-4
4.791E+0	3.660E-1	-1.735E-4
4.867E+0	3.720E-1	-1.709E-4
4.944E+0	3.780E-1	-1.688E-4
5.020E+0	3.840E-1	-1.665E-4
5.096E+0	3.900E-1	-1.643E-4
5.172E+0	3.960E-1	-1.617E-4
5.249E+0	4.020E-1	-1.596E-4
5.325E+0	4.080E-1	-1.571E-4
5.401E+0	4.140E-1	-1.550E-4
5.477E+0	4.200E-1	-1.527E-4
5.553E+0	4.260E-1	-1.505E-4
5.629E+0	4.320E-1	-1.481E-4
5.705E+0	4.380E-1	-1.450E-4
5.781E+0	4.440E-1	-1.433E-4
5.857E+0	4.500E-1	-1.410E-4
5.933E+0	4.560E-1	-1.391E-4
6.010E+0	4.620E-1	-1.366E-4
6.086E+0	4.680E-1	-1.344E-4
6.162E+0	4.740E-1	-1.323E-4
6.238E+0	4.800E-1	-1.303E-4
6.314E+0	4.860E-1	-1.282E-4
6.390E+0	4.920E-1	-1.259E-4
6.466E+0	4.980E-1	-1.231E-4
6.543E+0	5.040E-1	-1.209E-4
6.618E+0	5.100E-1	-1.185E-4
6.695E+0	5.160E-1	-1.162E-4
6.771E+0	5.220E-1	-1.138E-4
6.847E+0	5.280E-1	-1.109E-4
6.923E+0	5.340E-1	-1.087E-4
6.999E+0	5.400E-1	-1.058E-4
7.075E+0	5.460E-1	-1.032E-4
7.151E+0	5.520E-1	-1.007E-4
7.227E+0	5.580E-1	-1.004E-4
7.362E+0	5.640E-1	-9.556E-5
7.443E+0	5.700E-1	-9.351E-5
7.525E+0	5.760E-1	-8.974E-5
7.606E+0	5.820E-1	-8.765E-5
7.695E+0	5.880E-1	-8.504E-5
7.771E+0	5.940E-1	-8.259E-5
7.848E+0	6.000E-1	-7.944E-5
7.923E+0	6.060E-1	-7.661E-5
7.999E+0	6.120E-1	-7.385E-5
8.076E+0	6.180E-1	-7.133E-5
8.152E+0	6.240E-1	-6.814E-5
8.228E+0	6.300E-1	-6.599E-5
8.304E+0	6.360E-1	-6.258E-5
8.380E+0	6.420E-1	-6.018E-5
8.456E+0	6.480E-1	-5.769E-5
8.532E+0	6.540E-1	-5.477E-5
8.608E+0	6.600E-1	-5.194E-5
8.684E+0	6.660E-1	-4.893E-5
8.761E+0	6.720E-1	-4.651E-5
8.837E+0	6.780E-1	-4.358E-5
8.913E+0	6.840E-1	-4.085E-5
8.990E+0	6.900E-1	-3.731E-5
9.066E+0	6.960E-1	-3.473E-5
9.142E+0	7.020E-1	-3.131E-5
9.218E+0	7.080E-1	-2.859E-5
9.295E+0	7.140E-1	-2.585E-5
9.371E+0	7.200E-1	-2.276E-5
9.447E+0	7.260E-1	-2.023E-5
9.523E+0	7.320E-1	-1.772E-5
9.600E+0	7.380E-1	-1.497E-5
9.676E+0	7.440E-1	-1.258E-5
9.752E+0	7.500E-1	-9.537E-6
9.892E+0	7.560E-1	-6.746E-6
9.978E+0	7.620E-1	-3.558E-6
1.005E+1	7.680E-1	-2.335E-6
1.032E+1	7.740E-1	-5.197E-8
1.048E+1	7.800E-1	2.325E-6
1.068E+1	7.860E-1	6.286E-6
1.076E+1	7.920E-1	9.392E-6
1.083E+1	7.980E-1	9.843E-6
1.109E+1	8.040E-1	1.405E-5
1.117E+1	8.100E-1	1.799E-5
1.125E+1	8.160E-1	2.100E-5
1.132E+1	8.220E-1	2.427E-5
1.140E+1	8.280E-1	2.730E-5
1.147E+1	8.340E-1	3.114E-5
1.155E+1	8.400E-1	3.455E-5
1.163E+1	8.460E-1	3.772E-5
1.170E+1	8.520E-1	4.128E-5
1.178E+1	8.580E-1	4.521E-5
1.186E+1	8.640E-1	4.746E-5
1.193E+1	8.700E-1	5.197E-5
1.201E+1	8.760E-1	5.542E-5
1.209E+1	8.820E-1	5.929E-5
1.216E+1	8.880E-1	6.281E-5
1.224E+1	8.940E-1	6.695E-5
1.231E+1	9.000E-1	7.055E-5
1.239E+1	9.060E-1	7.474E-5
1.247E+1	9.120E-1	7.734E-5
1.254E+1	9.180E-1	8.132E-5
1.262E+1	9.240E-1	8.570E-5
1.270E+1	9.300E-1	9.079E-5
1.277E+1	9.360E-1	9.515E-5
1.285E+1	9.420E-1	9.912E-5
1.292E+1	9.480E-1	1.043E-4
1.300E+1	9.540E-1	1.036E-4
1.319E+1	9.600E-1	1.099E-4
1.326E+1	9.660E-1	1.160E-4
1.334E+1	9.720E-1	1.211E-4
1.341E+1	9.780E-1	1.276E-4
1.348E+1	9.840E-1	1.553E-4
1.356E+1	9.900E-1	1.613E-4
1.363E+1	9.960E-1	1.667E-4
1.371E+1	1.002E+0	1.790E-4
1.378E+1	1.008E+0	1.894E-4
1.385E+1	1.014E+0	1.945E-4
1.393E+1	1.020E+0	2.000E-4
1.400E+1	1.026E+0	2.098E-4
1.407E+1	1.032E+0	2.186E-4
1.415E+1	1.038E+0	2.288E-4
1.422E+1	1.044E+0	2.378E-4
1.429E+1	1.050E+0	2.473E-4
1.437E+1	1.056E+0	2.578E-4
1.444E+1	1.062E+0	2.689E-4
1.452E+1	1.068E+0	2.745E-4
1.459E+1	1.074E+0	2.909E-4
1.466E+1	1.080E+0	3.023E-4
1.473E+1	1.086E+0	3.169E-4
1.481E+1	1.092E+0	3.338E-4
1.488E+1	1.098E+0	3.454E-4
1.496E+1	1.104E+0	3.619E-4
1.503E+1	1.110E+0	3.822E-4
1.511E+1	1.116E+0	3.957E-4
1.518E+1	1.122E+0	4.090E-4
1.526E+1	1.128E+0	4.275E-4
1.534E+1	1.134E+0	4.456E-4
1.541E+1	1.140E+0	4.630E-4
1.549E+1	1.146E+0	4.840E-4
1.556E+1	1.152E+0	5.043E-4
1.564E+1	1.158E+0	5.216E-4
1.571E+1	1.164E+0	5.418E-4
1.579E+1	1.170E+0	5.596E-4
1.587E+1	1.176E+0	5.794E-4
1.594E+1	1.182E+0	5.945E-4
1.602E+1	1.188E+0	6.107E-4
1.609E+1	1.194E+0	6.277E-4
1.617E+1	1.200E+0	6.462E-4
