1.230E-1	0.000E+0	-4.714E-4
2.620E-1	6.000E-3	-4.406E-4
3.360E-1	1.200E-2	-4.226E-4
4.100E-1	1.800E-2	-4.103E-4
4.840E-1	2.400E-2	-4.015E-4
5.570E-1	3.000E-2	-3.946E-4
6.310E-1	3.600E-2	-3.893E-4
7.050E-1	4.200E-2	-3.852E-4
7.790E-1	4.800E-2	-3.813E-4
8.530E-1	5.400E-2	-3.778E-4
9.260E-1	6.000E-2	-3.743E-4
1.000E+0	6.600E-2	-3.714E-4
1.074E+0	7.200E-2	-3.684E-4
1.148E+0	7.800E-2	-3.660E-4
1.222E+0	8.400E-2	-3.634E-4
1.295E+0	9.000E-2	-3.607E-4
1.369E+0	9.600E-2	-3.582E-4
1.444E+0	1.020E-1	-3.558E-4
1.520E+0	1.080E-1	-3.531E-4
1.596E+0	1.140E-1	-3.511E-4
1.672E+0	1.200E-1	-3.487E-4
1.748E+0	1.260E-1	-3.464E-4
1.824E+0	1.320E-1	-3.443E-4
1.901E+0	1.380E-1	-3.420E-4
1.977E+0	1.440E-1	-3.397E-4
2.053E+0	1.500E-1	-3.375E-4
2.129E+0	1.560E-1	-3.353E-4
2.205E+0	1.620E-1	-3.331E-4
2.281E+0	1.680E-1	-3.308E-4
2.357E+0	1.740E-1	-3.289E-4
2.433E+0	1.800E-1	-3.265E-4
2.510E+0	1.860E-1	-3.244E-4
2.586E+0	1.920E-1	-3.219E-4
2.662E+0	1.980E-1	-3.197E-4
2.738E+0	2.040E-1	-3.174E-4
2.814E+0	2.100E-1	-3.151E-4
2.890E+0	2.160E-1	-3.131E-4
2.966E+0	2.220E-1	-3.107E-4
3.042E+0	2.280E-1	-3.082E-4
3.118E+0	2.340E-1	-3.059E-4
3.194E+0	2.400E-1	-3.039E-4
3.270E+0	2.460E-1	-3.015E-4
3.346E+0	2.520E-1	-2.992E-4
3.422E+0	2.580E-1	-2.968E-4
3.499E+0	2.640E-1	-2.945E-4
3.575E+0	2.700E-1	-2.921E-4
3.651E+0	2.760E-1	-2.899E-4
3.727E+0	2.820E-1	-2.876E-4
3.803E+0	2.880E-1	-2.849E-4
3.880E+0	2.940E-1	-2.825E-4
3.956E+0	3.000E-1	-2.801E-4
4.032E+0	3.060E-1	-2.776E-4
4.108E+0	3.120E-1	-2.753E-4
4.184E+0	3.180E-1	-2.728E-4
4.260E+0	3.240E-1	-2.703E-4
4.336E+0	3.300E-1	-2.677E-4
4.413E+0	3.360E-1	-2.653E-4
4.489E+0	3.420E-1	-2.629E-4
4.565E+0	3.480E-1	-2.603E-4
4.641E+0	3.540E-1	-2.580E-4
4.717E+0	3.600E-1	-2.554E-4
4.793E+0	3.660E-1	-2.530E-4
4.869E+0	3.720E-1	-2.502E-4
4.945E+0	3.780E-1	-2.478E-4
5.022E+0	3.840E-1	-2.452E-4
5.098E+0	3.900E-1	-2.428E-4
5.174E+0	3.960E-1	-2.403E-4
5.250E+0	4.020E-1	-2.380E-4
5.326E+0	4.080E-1	-2.353E-4
5.402E+0	4.140E-1	-2.327E-4
5.478E+0	4.200E-1	-2.302E-4
5.555E+0	4.260E-1	-2.278E-4
5.632E+0	4.320E-1	-2.252E-4
5.708E+0	4.380E-1	-2.224E-4
5.784E+0	4.440E-1	-2.202E-4
5.860E+0	4.500E-1	-2.176E-4
5.936E+0	4.560E-1	-2.152E-4
6.012E+0	4.620E-1	-2.124E-4
6.088E+0	4.680E-1	-2.101E-4
6.164E+0	4.740E-1	-2.076E-4
6.240E+0	4.800E-1	-2.051E-4
6.316E+0	4.860E-1	-2.023E-4
6.392E+0	4.920E-1	-2.000E-4
6.469E+0	4.980E-1	-1.972E-4
6.545E+0	5.040E-1	-1.948E-4
6.621E+0	5.100E-1	-1.921E-4
6.697E+0	5.160E-1	-1.897E-4
6.773E+0	5.220E-1	-1.871E-4
6.849E+0	5.280E-1	-1.847E-4
6.926E+0	5.340E-1	-1.818E-4
7.002E+0	5.400E-1	-1.794E-4
7.078E+0	5.460E-1	-1.766E-4
7.154E+0	5.520E-1	-1.740E-4
7.230E+0	5.580E-1	-1.715E-4
7.306E+0	5.640E-1	-1.687E-4
7.382E+0	5.700E-1	-1.662E-4
7.459E+0	5.760E-1	-1.634E-4
7.535E+0	5.820E-1	-1.609E-4
7.611E+0	5.880E-1	-1.580E-4
7.687E+0	5.940E-1	-1.557E-4
7.763E+0	6.000E-1	-1.527E-4
7.839E+0	6.060E-1	-1.504E-4
7.915E+0	6.120E-1	-1.478E-4
7.991E+0	6.180E-1	-1.451E-4
8.067E+0	6.240E-1	-1.423E-4
8.143E+0	6.300E-1	-1.400E-4
8.219E+0	6.360E-1	-1.373E-4
8.295E+0	6.420E-1	-1.348E-4
8.371E+0	6.480E-1	-1.320E-4
8.447E+0	6.540E-1	-1.294E-4
8.523E+0	6.600E-1	-1.271E-4
8.599E+0	6.660E-1	-1.244E-4
8.676E+0	6.720E-1	-1.219E-4
8.752E+0	6.780E-1	-1.191E-4
8.828E+0	6.840E-1	-1.167E-4
8.904E+0	6.900E-1	-1.141E-4
8.980E+0	6.960E-1	-1.117E-4
9.057E+0	7.020E-1	-1.089E-4
9.132E+0	7.080E-1	-1.065E-4
9.208E+0	7.140E-1	-1.037E-4
9.284E+0	7.200E-1	-1.013E-4
9.361E+0	7.260E-1	-1.034E-4
9.496E+0	7.320E-1	-9.780E-5
9.577E+0	7.380E-1	-9.475E-5
9.666E+0	7.440E-1	-9.210E-5
9.742E+0	7.500E-1	-8.910E-5
9.819E+0	7.560E-1	-8.642E-5
9.895E+0	7.620E-1	-8.354E-5
9.971E+0	7.680E-1	-8.049E-5
1.005E+1	7.740E-1	-7.789E-5
1.012E+1	7.800E-1	-7.485E-5
1.020E+1	7.860E-1	-7.209E-5
1.028E+1	7.920E-1	-6.898E-5
1.035E+1	7.980E-1	-6.618E-5
1.043E+1	8.040E-1	-6.304E-5
1.051E+1	8.100E-1	-6.016E-5
1.058E+1	8.160E-1	-5.688E-5
1.066E+1	8.220E-1	-5.393E-5
1.073E+1	8.280E-1	-5.064E-5
1.081E+1	8.340E-1	-4.752E-5
1.089E+1	8.400E-1	-4.412E-5
1.096E+1	8.460E-1	-4.089E-5
1.104E+1	8.520E-1	-3.735E-5
1.111E+1	8.580E-1	-3.398E-5
1.119E+1	8.640E-1	-3.029E-5
1.127E+1	8.700E-1	-2.652E-5
1.134E+1	8.760E-1	-2.295E-5
1.142E+1	8.820E-1	-1.892E-5
1.150E+1	8.880E-1	-1.510E-5
1.157E+1	8.940E-1	-1.081E-5
1.165E+1	9.000E-1	-7.335E-6
1.179E+1	9.060E-1	-1.934E-6
1.187E+1	9.120E-1	2.578E-6
1.195E+1	9.180E-1	7.891E-6
1.203E+1	9.240E-1	1.325E-5
1.222E+1	9.300E-1	1.915E-5
1.230E+1	9.360E-1	2.485E-5
1.237E+1	9.420E-1	3.088E-5
1.244E+1	9.480E-1	3.707E-5
1.252E+1	9.540E-1	4.391E-5
1.259E+1	9.600E-1	5.076E-5
1.266E+1	9.660E-1	5.844E-5
1.274E+1	9.720E-1	6.611E-5
1.281E+1	9.780E-1	7.474E-5
1.289E+1	9.840E-1	8.379E-5
1.296E+1	9.900E-1	9.300E-5
1.303E+1	9.960E-1	1.069E-4
1.323E+1	1.002E+0	1.164E-4
1.330E+1	1.008E+0	1.272E-4
1.338E+1	1.014E+0	1.384E-4
1.345E+1	1.020E+0	1.507E-4
1.353E+1	1.026E+0	1.632E-4
1.361E+1	1.032E+0	1.767E-4
1.368E+1	1.038E+0	1.905E-4
1.376E+1	1.044E+0	2.055E-4
1.383E+1	1.050E+0	2.202E-4
1.391E+1	1.056E+0	2.363E-4
1.398E+1	1.062E+0	2.526E-4
1.406E+1	1.068E+0	2.698E-4
1.413E+1	1.074E+0	2.870E-4
1.421E+1	1.080E+0	3.053E-4
1.429E+1	1.086E+0	3.233E-4
1.436E+1	1.092E+0	3.422E-4
1.444E+1	1.098E+0	3.616E-4
1.451E+1	1.104E+0	3.804E-4
1.459E+1	1.110E+0	4.000E-4
1.467E+1	1.116E+0	4.191E-4
1.474E+1	1.122E+0	4.387E-4
1.482E+1	1.128E+0	4.575E-4
1.489E+1	1.134E+0	4.770E-4
1.497E+1	1.140E+0	4.952E-4
1.504E+1	1.146E+0	5.136E-4
1.512E+1	1.152E+0	5.314E-4
1.520E+1	1.158E+0	5.488E-4
1.527E+1	1.164E+0	5.650E-4
1.535E+1	1.170E+0	5.809E-4
1.543E+1	1.176E+0	5.952E-4
1.550E+1	1.182E+0	6.091E-4
1.558E+1	1.188E+0	6.211E-4
1.565E+1	1.194E+0	6.331E-4
1.573E+1	1.200E+0	6.437E-4
