1.230E-1	0.000E+0	-3.501E-4
2.620E-1	6.000E-3	-3.313E-4
3.360E-1	1.200E-2	-3.264E-4
4.090E-1	1.800E-2	-3.223E-4
4.830E-1	2.400E-2	-3.196E-4
5.570E-1	3.000E-2	-3.170E-4
6.300E-1	3.600E-2	-3.149E-4
7.040E-1	4.200E-2	-3.126E-4
7.780E-1	4.800E-2	-3.106E-4
8.560E-1	5.400E-2	-3.087E-4
9.290E-1	6.000E-2	-3.069E-4
1.003E+0	6.600E-2	-3.050E-4
1.076E+0	7.200E-2	-3.033E-4
1.150E+0	7.800E-2	-3.015E-4
1.224E+0	8.400E-2	-2.996E-4
1.298E+0	9.000E-2	-2.980E-4
1.372E+0	9.600E-2	-2.959E-4
1.445E+0	1.020E-1	-2.940E-4
1.521E+0	1.080E-1	-2.922E-4
1.597E+0	1.140E-1	-2.905E-4
1.673E+0	1.200E-1	-2.887E-4
1.749E+0	1.260E-1	-2.866E-4
1.825E+0	1.320E-1	-2.851E-4
1.901E+0	1.380E-1	-2.830E-4
1.978E+0	1.440E-1	-2.811E-4
2.054E+0	1.500E-1	-2.794E-4
2.130E+0	1.560E-1	-2.775E-4
2.206E+0	1.620E-1	-2.756E-4
2.282E+0	1.680E-1	-2.736E-4
2.358E+0	1.740E-1	-2.716E-4
2.435E+0	1.800E-1	-2.695E-4
2.511E+0	1.860E-1	-2.677E-4
2.587E+0	1.920E-1	-2.657E-4
2.663E+0	1.980E-1	-2.638E-4
2.739E+0	2.040E-1	-2.618E-4
2.815E+0	2.100E-1	-2.597E-4
2.891E+0	2.160E-1	-2.578E-4
2.967E+0	2.220E-1	-2.558E-4
3.044E+0	2.280E-1	-2.538E-4
3.120E+0	2.340E-1	-2.516E-4
3.196E+0	2.400E-1	-2.497E-4
3.272E+0	2.460E-1	-2.478E-4
3.348E+0	2.520E-1	-2.458E-4
3.424E+0	2.580E-1	-2.435E-4
3.500E+0	2.640E-1	-2.415E-4
3.576E+0	2.700E-1	-2.393E-4
3.652E+0	2.760E-1	-2.373E-4
3.729E+0	2.820E-1	-2.349E-4
3.805E+0	2.880E-1	-2.332E-4
3.881E+0	2.940E-1	-2.305E-4
3.957E+0	3.000E-1	-2.288E-4
4.033E+0	3.060E-1	-2.265E-4
4.109E+0	3.120E-1	-2.244E-4
4.185E+0	3.180E-1	-2.222E-4
4.261E+0	3.240E-1	-2.198E-4
4.337E+0	3.300E-1	-2.178E-4
4.413E+0	3.360E-1	-2.159E-4
4.490E+0	3.420E-1	-2.138E-4
4.566E+0	3.480E-1	-2.117E-4
4.642E+0	3.540E-1	-2.094E-4
4.718E+0	3.600E-1	-2.075E-4
4.794E+0	3.660E-1	-2.054E-4
4.870E+0	3.720E-1	-2.030E-4
4.946E+0	3.780E-1	-2.010E-4
5.022E+0	3.840E-1	-1.988E-4
5.098E+0	3.900E-1	-1.966E-4
5.175E+0	3.960E-1	-1.941E-4
5.251E+0	4.020E-1	-1.919E-4
5.327E+0	4.080E-1	-1.895E-4
5.403E+0	4.140E-1	-1.873E-4
5.479E+0	4.200E-1	-1.846E-4
5.555E+0	4.260E-1	-1.824E-4
5.632E+0	4.320E-1	-1.799E-4
5.708E+0	4.380E-1	-1.771E-4
5.784E+0	4.440E-1	-1.749E-4
5.860E+0	4.500E-1	-1.722E-4
5.936E+0	4.560E-1	-1.697E-4
6.012E+0	4.620E-1	-1.671E-4
6.089E+0	4.680E-1	-1.646E-4
6.165E+0	4.740E-1	-1.618E-4
6.241E+0	4.800E-1	-1.592E-4
6.317E+0	4.860E-1	-1.564E-4
6.393E+0	4.920E-1	-1.538E-4
6.469E+0	4.980E-1	-1.510E-4
6.546E+0	5.040E-1	-1.485E-4
6.621E+0	5.100E-1	-1.457E-4
6.697E+0	5.160E-1	-1.431E-4
6.773E+0	5.220E-1	-1.404E-4
6.850E+0	5.280E-1	-1.379E-4
6.926E+0	5.340E-1	-1.350E-4
7.002E+0	5.400E-1	-1.325E-4
7.078E+0	5.460E-1	-1.298E-4
7.154E+0	5.520E-1	-1.271E-4
7.230E+0	5.580E-1	-1.245E-4
7.306E+0	5.640E-1	-1.218E-4
7.382E+0	5.700E-1	-1.194E-4
7.458E+0	5.760E-1	-1.164E-4
7.534E+0	5.820E-1	-1.142E-4
7.610E+0	5.880E-1	-1.117E-4
7.686E+0	5.940E-1	-1.092E-4
7.763E+0	6.000E-1	-1.065E-4
7.838E+0	6.060E-1	-1.041E-4
7.914E+0	6.120E-1	-1.016E-4
7.990E+0	6.180E-1	-1.023E-4
8.126E+0	6.240E-1	-9.753E-5
8.207E+0	6.300E-1	-9.525E-5
8.296E+0	6.360E-1	-9.276E-5
8.372E+0	6.420E-1	-9.045E-5
8.448E+0	6.480E-1	-8.797E-5
8.524E+0	6.540E-1	-8.551E-5
8.600E+0	6.600E-1	-8.323E-5
8.676E+0	6.660E-1	-8.083E-5
8.753E+0	6.720E-1	-7.863E-5
8.829E+0	6.780E-1	-7.624E-5
8.905E+0	6.840E-1	-7.407E-5
8.981E+0	6.900E-1	-7.166E-5
9.058E+0	6.960E-1	-6.952E-5
9.134E+0	7.020E-1	-6.712E-5
9.210E+0	7.080E-1	-6.496E-5
9.286E+0	7.140E-1	-6.263E-5
9.362E+0	7.200E-1	-6.045E-5
9.439E+0	7.260E-1	-5.815E-5
9.515E+0	7.320E-1	-5.603E-5
9.591E+0	7.380E-1	-5.375E-5
9.667E+0	7.440E-1	-5.167E-5
9.743E+0	7.500E-1	-4.937E-5
9.820E+0	7.560E-1	-4.731E-5
9.896E+0	7.620E-1	-4.510E-5
9.972E+0	7.680E-1	-4.290E-5
1.005E+1	7.740E-1	-4.086E-5
1.012E+1	7.800E-1	-3.873E-5
1.020E+1	7.860E-1	-3.673E-5
1.028E+1	7.920E-1	-3.461E-5
1.035E+1	7.980E-1	-3.271E-5
1.043E+1	8.040E-1	-3.061E-5
1.051E+1	8.100E-1	-2.877E-5
1.058E+1	8.160E-1	-2.671E-5
1.066E+1	8.220E-1	-2.486E-5
1.073E+1	8.280E-1	-2.282E-5
1.081E+1	8.340E-1	-2.100E-5
1.089E+1	8.400E-1	-1.899E-5
1.096E+1	8.460E-1	-1.717E-5
1.104E+1	8.520E-1	-1.519E-5
1.112E+1	8.580E-1	-1.337E-5
1.119E+1	8.640E-1	-1.137E-5
1.127E+1	8.700E-1	-1.121E-5
1.153E+1	8.760E-1	-9.733E-6
1.167E+1	8.820E-1	-7.098E-6
1.174E+1	8.880E-1	-4.991E-6
1.182E+1	8.940E-1	-2.686E-6
1.189E+1	9.000E-1	-1.836E-6
1.216E+1	9.060E-1	1.000E-6
1.224E+1	9.120E-1	3.452E-6
1.231E+1	9.180E-1	6.149E-6
1.239E+1	9.240E-1	8.764E-6
1.246E+1	9.300E-1	1.135E-5
1.266E+1	9.360E-1	1.443E-5
1.274E+1	9.420E-1	1.776E-5
1.283E+1	9.480E-1	2.108E-5
1.290E+1	9.540E-1	2.479E-5
1.298E+1	9.600E-1	2.854E-5
1.306E+1	9.660E-1	3.274E-5
1.313E+1	9.720E-1	3.700E-5
1.321E+1	9.780E-1	4.180E-5
1.329E+1	9.840E-1	4.694E-5
1.336E+1	9.900E-1	5.219E-5
1.344E+1	9.960E-1	5.808E-5
1.351E+1	1.002E+0	6.412E-5
1.359E+1	1.008E+0	7.081E-5
1.366E+1	1.014E+0	7.773E-5
1.374E+1	1.020E+0	8.536E-5
1.382E+1	1.026E+0	9.320E-5
1.389E+1	1.032E+0	1.018E-4
1.397E+1	1.038E+0	1.148E-4
1.416E+1	1.044E+0	1.240E-4
1.423E+1	1.050E+0	1.337E-4
1.430E+1	1.056E+0	1.444E-4
1.438E+1	1.062E+0	1.553E-4
1.445E+1	1.068E+0	1.672E-4
1.453E+1	1.074E+0	1.793E-4
1.460E+1	1.080E+0	1.923E-4
1.467E+1	1.086E+0	2.054E-4
1.475E+1	1.092E+0	2.195E-4
1.482E+1	1.098E+0	2.343E-4
1.489E+1	1.104E+0	2.490E-4
1.497E+1	1.110E+0	2.648E-4
1.504E+1	1.116E+0	2.804E-4
1.511E+1	1.122E+0	2.971E-4
1.519E+1	1.128E+0	3.135E-4
1.526E+1	1.134E+0	3.307E-4
1.534E+1	1.140E+0	3.475E-4
1.541E+1	1.146E+0	3.653E-4
1.548E+1	1.152E+0	3.827E-4
1.556E+1	1.158E+0	4.005E-4
1.563E+1	1.164E+0	4.178E-4
1.571E+1	1.170E+0	4.358E-4
1.578E+1	1.176E+0	4.529E-4
1.586E+1	1.182E+0	4.703E-4
1.594E+1	1.188E+0	4.865E-4
1.601E+1	1.194E+0	5.038E-4
1.609E+1	1.200E+0	5.201E-4
