400	3.942358
400.21466	3.4458265
400.42932	2.8586202
400.64398	3.9888952
400.85864	2.3321612
401.0733	3.162291
401.28793	3.5055332
401.50259	2.102582
401.71725	3.1728425
401.93192	4.2988539
402.14658	3.2907934
402.36124	4.4788427
402.5759	3.5667527
402.79056	3.3041899
403.00522	3.2273669
403.21988	4.8804407
403.43454	3.6264505
403.6492	4.1340303
403.86383	3.8142359
404.07849	3.7374887
404.29315	4.033113
404.50781	3.4403009
404.72247	3.5777981
404.93713	4.9489636
405.15179	5.0194263
405.36646	4.3213954
405.58112	3.7287452
405.79578	4.5504436
406.01044	4.4516807
406.2251	4.0204687
406.43973	4.1227083
406.65439	3.4459617
406.86905	4.1205134
407.08371	4.4097724
407.29837	4.3299146
407.51303	3.940501
407.72769	4.3048468
407.94235	4.4002061
408.15701	5.0321302
408.37167	5.3281927
408.58633	3.9143078
408.80099	4.033587
409.01563	4.444241
409.23029	4.7782769
409.44495	5.0759807
409.65961	3.9947166
409.87427	4.543757
410.08893	5.6770544
410.30359	5.8324151
410.51825	5.6442976
410.73291	5.429636
410.94757	4.9755278
411.16223	5.4089303
411.37689	6.605145
411.59152	5.5031986
411.80618	5.3253136
412.02084	5.3066015
412.2355	5.823236
412.45016	5.6797566
412.66483	5.6011419
412.87949	6.6373048
413.09415	6.3956609
413.30881	5.948997
413.52347	6.3160629
413.73813	7.3064828
413.95279	6.0285525
414.16742	5.7626309
414.38208	6.3594384
414.59674	5.9594808
414.8114	6.1119051
415.02606	5.9218769
415.24072	6.6858497
415.45538	6.9883895
415.67004	5.8792791
415.8847	6.1023717
416.09937	4.528986
416.31403	4.5087719
416.52869	6.056386
416.74332	6.3369408
416.95798	6.1576118
417.17264	6.4413548
417.3873	6.4312758
417.60196	7.1573758
417.81662	6.5593252
418.03128	7.2463608
418.24594	7.0080004
418.4606	6.7797976
418.67526	7.2238617
418.88992	6.0721359
419.10458	6.2531395
419.31921	6.7511754
419.53387	5.8507643
419.74854	6.3218431
419.9632	6.8998122
420.17786	7.8377433
420.39252	7.5175223
420.60718	6.6074233
420.82184	6.2823501
421.0365	6.8290458
421.25116	7.8351145
421.46582	7.5856943
421.68048	8.5184155
421.89511	7.8521466
422.10977	8.0050545
422.32443	7.6807132
422.53909	8.6144552
422.75375	7.8482208
422.96841	7.7747698
423.18307	7.6417203
423.39774	7.652689
423.6124	8.4618788
423.82706	7.4156203
424.04172	7.5694036
424.25638	7.7583318
424.47101	8.1956568
424.68567	8.024087
424.90033	8.7770557
425.11499	9.6913137
425.32965	7.9824657
425.54431	7.8679261
425.75897	7.2160454
425.97363	7.8497705
426.18829	8.0292683
426.40295	6.6125083
426.61761	7.7780905
426.83224	9.4431915
427.04691	8.5294733
427.26157	8.7362375
427.47623	9.8379354
427.69089	7.9504838
427.90555	8.8315201
428.12021	9.0314779
428.33487	9.2112608
428.54953	10.363458
428.76419	10.605575
428.97885	9.5104227
429.19351	9.3611059
429.40814	8.8600702
429.6228	8.9327126
429.83746	8.9726725
430.05212	8.5845213
430.26678	9.5646563
430.48145	9.0294056
430.69611	9.1730232
430.91077	8.7578583
431.12543	7.7747979
431.34009	7.7920976
431.55475	8.4117098
431.76941	10.457954
431.98404	9.3941832
432.1987	9.9542351
432.41336	9.3161993
432.62802	9.237278
432.84268	10.853736
433.05734	9.6598406
433.272	10.187242
433.48666	10.198137
433.70132	9.41992
433.91599	10.196836
434.13065	9.9181385
434.34531	10.775673
434.55994	10.449026
434.7746	11.366142
434.98926	9.8722277
435.20392	10.288747
435.41858	9.4045038
435.63324	9.6832027
435.8479	10.007091
436.06256	9.5785923
436.27722	9.9604053
436.49188	9.7293615
436.70654	10.102104
436.9212	11.095477
437.13583	10.254762
437.35049	9.8385925
437.56516	9.8667307
437.77982	10.302912
437.99448	10.979671
438.20914	11.026522
438.4238	11.206756
438.63846	10.510323
438.85312	10.111038
439.06778	10.60232
439.28244	10.555648
439.4971	10.416719
439.71173	10.427887
439.92639	10.008933
440.14105	11.246774
440.35571	10.757506
440.57037	10.299833
440.78503	10.973092
440.99969	11.378656
441.21436	10.687305
441.42902	11.87612
441.64368	10.944983
441.85834	11.025606
442.073	9.6030617
442.28763	10.215697
442.50229	10.882349
442.71695	11.920036
442.93161	12.62138
443.14627	11.984022
443.36093	12.950847
443.57559	13.862328
443.79025	12.988947
444.00491	12.142476
444.21957	12.806158
444.43423	12.879452
444.6489	12.176389
444.86353	12.793074
445.07819	11.698991
445.29285	11.732164
445.50751	10.882415
445.72217	11.581878
445.93683	11.593441
446.15149	10.290061
446.36615	12.704478
446.58081	12.76704
446.79547	12.622749
447.01013	11.119695
447.22479	12.320984
447.43942	12.920276
447.65408	12.438408
447.86874	14.101313
448.0834	13.340967
448.29807	11.201787
448.51273	11.754032
448.72739	12.342413
448.94205	12.301677
449.15671	12.223066
449.37137	11.807066
449.58603	11.537317
449.80069	12.696682
450.01532	13.37015
450.22998	12.131536
450.44464	12.578724
450.6593	13.291107
450.87396	12.811881
451.08862	12.986041
451.30328	12.948037
451.51794	13.495306
451.7326	12.514667
451.94727	12.936912
452.16193	13.375512
452.37656	12.91196
452.59122	12.916696
452.80588	12.896462
453.02054	13.461329
453.2352	13.449599
453.44986	12.534437
453.66452	14.600674
453.87918	13.870132
454.09384	12.373191
454.3085	12.508141
454.52316	12.192775
454.73782	11.974608
454.95245	14.070623
455.16711	15.032398
455.38177	12.611679
455.59644	14.138767
455.8111	13.919639
456.02576	12.932572
456.24042	14.096574
456.45508	30.541101
456.66974	17.88689
456.8844	14.490424
457.09906	13.177601
457.31372	13.743547
457.52835	12.870384
457.74301	14.799091
457.95767	26.668613
458.17233	15.224526
458.38699	13.804393
458.60165	13.007998
458.81631	12.841532
459.03098	13.863814
459.24564	14.005151
459.4603	14.4536
459.67496	14.047978
459.88962	13.920165
460.10425	14.748088
460.31891	15.330672
460.53357	14.223395
460.74823	13.90947
460.96289	13.778035
461.17755	13.54885
461.39221	14.150712
461.60687	13.710167
461.82153	13.645193
462.03619	14.331337
462.25085	15.327713
462.46552	14.413877
462.68015	15.534133
462.89481	14.897137
463.10947	15.602793
463.32413	14.655291
463.53879	14.739345
463.75345	15.349413
463.96811	13.943532
464.18277	14.953938
464.39743	14.360718
464.61209	14.679596
464.82675	15.730358
465.04141	15.667881
465.25604	14.90652
465.4707	15.383628
465.68536	15.581185
465.90002	14.221749
466.11469	15.68179
466.32935	16.052856
466.54401	16.013021
466.75867	13.734326
466.97333	13.963978
467.18799	14.488559
467.40265	15.787274
467.61731	14.658367
467.83194	15.741788
468.0466	15.563751
468.26126	15.174332
468.47592	16.678011
468.69058	17.102003
468.90524	15.130473
469.1199	14.703589
469.33456	12.80512
469.54922	14.698125
469.76389	15.732418
469.97855	15.636932
470.19321	15.828439
470.40784	14.549036
470.6225	15.384308
470.83716	15.017573
471.05182	16.055723
471.26648	16.222397
471.48114	14.539484
471.6958	14.82053
471.91046	13.786538
472.12512	15.270638
472.33978	15.11273
472.55444	16.109365
472.7691	14.755144
472.98373	15.770638
473.19839	16.14423
473.41306	15.042737
473.62772	15.703347
473.84238	14.910749
474.05704	16.394222
474.2717	15.448198
474.48636	16.134399
474.70102	15.540395
474.91568	17.134775
475.13034	15.115435
475.345	15.700775
475.55963	14.607195
475.77429	16.019148
475.98895	15.464604
476.20361	15.954018
476.41827	15.696851
476.63293	14.327065
476.8476	16.051249
477.06226	15.877135
477.27692	15.118716
477.49158	15.2329
477.70624	15.10868
477.92087	16.97854
478.13553	15.810461
478.35019	15.114664
478.56485	17.361179
478.77951	17.442253
478.99417	15.889933
479.20883	15.558237
479.42349	15.958193
479.63815	14.632353
479.85281	13.314468
480.06747	14.940447
480.28214	15.283816
480.49677	15.592304
480.71143	15.186788
480.92609	16.884239
481.14075	15.572132
481.35541	15.512444
481.57007	16.156786
481.78473	15.415854
481.99939	14.629531
482.21405	15.268413
482.42871	16.649647
482.64337	15.39909
482.85803	14.424818
483.07266	16.33466
483.28732	16.660633
483.50198	15.358999
483.71664	17.304871
483.9313	15.837208
484.14597	14.915982
484.36063	16.790854
484.57529	14.446215
484.78995	15.54054
485.00461	16.614782
485.21927	16.069059
485.43393	15.299307
485.64856	15.001494
485.86322	15.443583
486.07788	13.400899
486.29254	15.653402
486.5072	15.72382
486.72186	16.045221
486.93652	16.435017
487.15118	15.679152
487.36584	14.780195
487.58051	15.958344
487.79517	16.123501
488.00983	14.384027
488.22446	14.426135
488.43912	15.880517
488.65378	16.034542
488.86844	15.333421
489.0831	14.918782
489.29776	15.256847
489.51242	16.993437
489.72708	15.698428
489.94174	16.419683
490.1564	15.179355
490.37106	15.423542
490.58572	15.403223
490.80035	13.812186
491.01501	16.197483
491.22968	15.905912
491.44434	15.72716
491.659	14.255192
491.87366	15.264998
492.08832	15.816762
492.30298	16.156918
492.51764	15.227737
492.7323	15.062238
492.94696	17.315636
493.16162	17.401499
493.37625	15.970144
493.59091	15.019486
493.80557	14.266509
494.02023	13.777261
494.23489	15.724222
494.44955	15.884806
494.66422	15.251183
494.87888	15.254692
495.09354	16.334894
495.3082	15.772627
495.52286	16.412895
495.73752	16.829523
495.95215	14.242949
496.16681	14.458265
496.38147	15.835211
496.59613	14.880342
496.81079	16.990713
497.02545	15.861213
497.24011	16.380495
497.45477	14.934465
497.66943	14.91888
497.88409	14.423947
498.09875	15.039096
498.31342	13.110406
498.52805	15.790956
498.74271	17.10228
498.95737	15.556764
499.17203	14.750544
499.38669	13.791649
499.60135	14.613006
499.81601	16.266781
500.03067	14.211286
500.24533	14.803549
500.45999	16.095842
500.67465	14.190361
500.88931	15.924201
501.10394	14.661105
501.3186	13.598248
501.53326	15.720879
501.74792	14.470464
501.96259	14.290701
502.17725	14.287004
502.39191	14.11004
502.60657	14.590712
502.82123	15.500262
503.03589	13.783018
503.25055	14.735728
503.46521	15.186441
503.67984	14.486629
503.8945	13.031952
504.10916	15.534189
504.32382	14.333308
504.53848	15.124924
504.75314	16.300299
504.9678	15.063913
505.18246	13.186049
505.39713	15.159888
505.61179	16.102909
505.82645	15.040226
506.04108	14.60515
506.25574	15.151026
506.4704	15.763143
506.68506	15.06881
506.89972	15.853194
507.11438	14.323587
507.32904	13.644397
507.5437	14.942549
507.75836	16.435244
507.97302	13.616971
508.18768	13.636679
508.40234	13.978229
508.61697	13.672643
508.83163	14.508213
509.0463	13.217591
509.26096	13.801693
509.47562	14.036264
509.69028	15.17054
509.90494	13.633881
510.1196	13.222613
510.33426	13.496932
510.54892	12.938789
510.76358	13.079046
510.97824	12.842918
511.19287	14.701127
511.40753	15.555357
511.62219	13.306549
511.83685	13.023791
512.05151	15.37733
512.26617	15.631889
512.48083	13.462401
512.6955	14.077912
512.91016	13.74378
513.12482	13.394876
513.33948	16.454746
513.55414	14.124132
513.7688	14.385984
513.98346	13.894421
514.19812	14.226797
514.41278	14.79898
514.62744	13.525513
514.8421	13.781368
515.0567	12.913575
515.27136	13.733509
515.48602	13.440674
515.70068	13.733928
515.91534	13.717645
516.13	13.351886
516.34467	13.785442
516.55933	13.294017
516.77399	12.485589
516.98865	12.209702
517.20331	14.913131
517.41797	13.085207
517.63263	14.043565
517.84729	13.238228
518.06195	13.808724
518.27661	12.898854
518.49127	13.777051
518.70593	11.642273
518.92059	11.687624
519.13525	11.31526
519.34991	13.821893
519.56458	13.018107
519.77924	12.164502
519.9939	13.915639
520.2085	13.284998
520.42316	12.69631
520.63782	14.083651
520.85248	13.73942
521.06714	12.713703
521.2818	14.602243
521.49646	14.077024
521.71112	12.444748
521.92578	13.178433
522.14044	11.850989
522.3551	13.509701
522.56976	12.443595
522.78442	12.447426
522.99908	13.26985
523.21375	12.980714
523.42841	12.839479
523.64307	13.202501
523.85773	13.217257
524.07239	11.873921
524.28705	11.597825
524.50171	13.5825
524.71637	13.570615
524.93103	13.095111
525.14569	13.083632
525.36029	12.977784
525.57495	12.072843
525.78961	11.892144
526.00427	11.788559
526.21893	13.399205
526.43359	12.817191
526.64825	13.015242
526.86292	13.402402
527.07758	11.525055
527.29224	10.523912
527.5069	12.541071
527.72156	11.418134
527.93622	12.851111
528.15088	11.765944
528.36554	11.347132
528.5802	12.287872
528.79486	13.112741
529.00952	11.957547
529.22418	12.160105
529.43884	11.185442
529.6535	12.510463
529.86816	11.053972
530.08282	11.865103
530.29742	12.339631
530.51208	10.424529
530.72675	11.120696
530.94141	12.139295
531.15607	11.803613
531.37073	11.09958
531.58539	14.066416
531.80005	13.393361
532.01471	13.572324
532.22937	13.820057
532.44403	18.69722
532.65869	32.660656
532.87335	60.690834
533.08801	84.478127
533.30267	113.96508
533.51733	142.19333
533.73199	153.98724
533.94666	161.42804
534.16132	162.63664
534.37598	162.71027
534.59064	167.12418
534.8053	169.43394
535.01996	166.4006
535.23462	166.84964
535.44922	169.71255
535.66388	172.47626
535.87854	171.8362
536.0932	171.05452
536.30786	171.37778
536.52252	169.47913
536.73718	173.35405
536.95184	174.37639
537.1665	178.1572
537.38116	177.50581
537.59583	175.48581
537.81049	179.59352
538.02515	182.09224
538.23981	182.61919
538.45447	181.74025
538.66913	187.04904
538.88379	181.24023
539.09845	182.5863
539.31311	187.7623
539.52777	190.53954
539.74243	190.09894
539.95709	190.75755
540.17175	188.0741
540.38641	190.28667
540.60101	195.74159
540.81567	196.24936
541.03033	196.50735
541.245	196.97409
541.45966	200.09177
541.67432	198.98891
541.88898	199.89124
542.10364	204.52696
542.3183	207.80785
542.53296	208.72427
542.74762	208.25478
542.96228	207.85008
543.17694	210.00754
543.3916	209.58342
543.60626	210.35361
543.82092	210.67596
544.03558	212.17958
544.25024	215.8446
544.4649	215.97165
544.67957	215.96573
544.89423	218.61528
545.10889	220.14996
545.32355	218.33141
545.53821	220.94817
545.75281	222.71117
545.96747	229.87321
546.18213	229.87051
546.39679	230.33556
546.61145	226.3484
546.82611	230.79485
547.04077	230.01604
547.25543	232.37892
547.47009	232.12828
547.68475	231.94447
547.89941	238.08208
548.11407	237.02672
548.32874	239.61635
548.5434	240.78397
548.75806	247.77185
548.97272	247.72903
549.18738	244.8756
549.40204	249.44241
549.6167	249.06552
549.83136	246.75005
550.04602	253.41066
550.26068	254.79834
550.47534	257.06436
550.69	258.93512
550.9046	258.70343
551.11926	258.6517
551.33392	263.65536
551.54858	260.47791
551.76324	260.81479
551.97791	270.23859
552.19257	272.08307
552.40723	271.76404
552.62189	270.57022
552.83655	273.41962
553.05121	272.35333
553.26587	277.06036
553.48053	279.1799
553.69519	279.44699
553.90985	284.20111
554.12451	285.73325
554.33917	281.90634
554.55383	280.1832
554.76849	284.78934
554.98315	290.69003
555.19781	289.87671
555.41248	291.39212
555.62714	297.25278
555.84174	297.03922
556.0564	291.87549
556.27106	291.89575
556.48572	300.26138
556.70038	301.85626
556.91504	297.90817
557.1297	299.6196
557.34436	308.83444
557.55902	306.47104
557.77368	312.16708
557.98834	315.20468
558.203	314.117
558.41766	309.47614
558.63232	306.96204
558.84698	311.72488
559.06165	314.83969
559.27631	314.56479
559.49097	322.11807
559.70563	325.47031
559.92029	330.9704
560.13495	329.45575
560.34961	330.65152
560.56427	341.53809
560.77893	339.87186
560.99353	343.68997
561.20819	338.71747
561.42285	342.32413
561.63751	339.14441
561.85217	342.26419
562.06683	342.71436
562.28149	339.77927
562.49615	348.39005
562.71082	347.60864
562.92548	351.52557
563.14014	355.89963
563.3548	354.70016
563.56946	363.35849
563.78412	362.69647
563.99878	366.04474
564.21344	363.56009
564.4281	371.71158
564.64276	375.55331
564.85742	370.76328
565.07208	370.53217
565.28674	378.56155
565.5014	376.18729
565.71606	379.56839
565.93073	377.46759
566.14532	375.46884
566.35999	382.67169
566.57465	384.00809
566.78931	387.03571
567.00397	393.88904
567.21863	395.02612
567.43329	399.28833
567.64795	399.29327
567.86261	403.54431
568.07727	403.64716
568.29193	408.64325
568.50659	415.99982
568.72125	414.71756
568.93591	420.01767
569.15057	425.19455
569.36523	426.05072
569.5799	429.10989
569.79456	427.02612
570.00922	426.33023
570.22388	431.24033
570.43854	432.0087
570.6532	427.40326
570.86786	435.89105
571.08252	438.46658
571.29712	437.9736
571.51178	450.06445
571.72644	448.95877
571.9411	449.26678
572.15576	452.93341
572.37042	459.70261
572.58508	460.89081
572.79974	465.11115
573.0144	461.1571
573.22906	470.9603
573.44373	473.35828
573.65839	472.8277
573.87305	483.00314
574.08771	483.94675
574.30237	487.21402
574.51703	481.55756
574.73169	489.15762
574.94635	492.47345
575.16101	489.47375
575.37567	494.54202
575.59033	497.86481
575.80499	500.42542
576.01965	505.26532
576.23431	502.36288
576.44891	501.702
576.66357	500.09024
576.87823	506.70572
577.0929	518.19568
577.30756	516.19946
577.52222	521.87726
577.73688	522.83295
577.95154	526.67163
578.1662	533.51831
578.38086	539.76147
578.59552	542.2713
578.81018	547.59406
579.02484	549.1001
579.2395	550.47089
579.45416	546.72791
579.66882	547.62177
579.88348	551.98065
580.09814	557.16199
580.31281	564.08215
580.52747	567.05341
580.74213	563.0863
580.95679	563.53693
581.17145	574.547
581.38611	581.11548
581.60071	580.59357
581.81537	587.76941
582.03003	593.67859
582.24469	595.05096
582.45935	594.80048
582.67401	596.73193
582.88867	605.96405
583.10333	612.59094
583.31799	619.37964
583.53265	618.59045
583.74731	617.15918
583.96198	628.81482
584.17664	622.79993
584.3913	626.02936
584.60596	636.76617
584.82062	638.18219
585.03528	639.84863
585.24994	636.89795
585.4646	645.63214
585.67926	649.3468
585.89392	641.91693
586.10858	651.43079
586.32324	658.34277
586.53784	664.68842
586.7525	671.18848
586.96716	675.44446
587.18182	679.63055
587.39648	677.87671
587.61115	682.19031
587.82581	682.24286
588.04047	683.01312
588.25513	692.45251
588.46979	693.86383
588.68445	692.21301
588.89911	701.01837
589.11377	702.47925
589.32843	709.1142
589.54309	712.50085
589.75775	721.15332
589.97241	713.16772
590.18707	721.23346
590.40173	733.07544
590.61639	732.99548
590.83105	744.76984
591.04572	753.35797
591.26038	756.73688
591.47504	752.42157
591.68964	765.26215
591.9043	754.29974
592.11896	760.40027
592.33362	773.27106
592.54828	774.94086
592.76294	779.23596
592.9776	774.39728
593.19226	776.40576
593.40692	777.68268
593.62158	787.13196
593.83624	796.97162
594.0509	799.55609
594.26556	798.00854
594.48022	812.36603
594.69489	816.11572
594.90955	820.62726
595.12421	825.11639
595.33887	835.04321
595.55353	834.1441
595.76819	833.90717
595.98285	834.32874
596.19751	844.24915
596.41217	848.3786
596.62683	842.28247
596.84143	849.24951
597.05609	858.72583
597.27075	853.34277
597.48541	850.15381
597.70007	848.46582
597.91473	853.75629
598.12939	865.34406
598.34406	862.89142
598.55872	877.74738
598.77338	884.01434
598.98804	886.57697
599.2027	889.82196
599.41736	897.40948
599.63202	903.36353
599.84668	916.80933
600.06134	923.28125
600.276	915.65021
600.49066	919.05682
600.70532	927.23035
600.91998	936.44482
601.13464	933.5863
601.3493	938.76392
601.56396	939.76727
601.77863	944.97986
601.99323	949.84137
602.20789	950.66681
602.42255	959.61176
602.63721	953.81281
602.85187	941.61774
603.06653	960.72632
603.28119	972.57379
603.49585	968.8078
603.71051	973.77991
603.92517	981.17737
604.13983	998.05341
604.35449	995.75372
604.56915	986.23462
604.78381	998.16522
604.99847	1011.4927
605.21313	1013.8055
605.4278	1018.8582
605.64246	1026.8192
605.85712	1037.7458
606.07178	1048.7618
606.28644	1053.3982
606.5011	1061.9309
606.71576	1071.0818
606.93042	1072.6083
607.14502	1074.282
607.35968	1074.965
607.57434	1078.9672
607.789	1079.8942
608.00366	1094.3585
608.21832	1101.1694
608.43298	1097.9814
608.64764	1107.0454
608.8623	1115.5454
609.07697	1125.0206
609.29163	1122.6891
609.50629	1123.8855
609.72095	1134.2629
609.93561	1140.12
610.15027	1138.5555
610.36493	1135.2987
610.57959	1138.9077
610.79425	1156.4758
611.00891	1152.3917
611.22357	1150.3406
611.43823	1162.7576
611.65289	1166.0742
611.86755	1172.5813
612.08215	1185.6456
612.29681	1189.4026
612.51147	1196.9441
612.72614	1203.735
612.9408	1211.9828
613.15546	1217.5909
613.37012	1225.4264
613.58478	1237.6132
613.79944	1238.6787
614.0141	1254.6307
614.22876	1254.3353
614.44342	1267.8804
614.65808	1279.5955
614.87274	1289.132
615.0874	1282.1624
615.30206	1289.4506
615.51672	1300.7291
615.73138	1307.2101
615.94604	1298.6952
616.16071	1304.7715
616.37537	1313.202
616.59003	1309.5056
616.80469	1320.1923
617.01935	1324.8848
617.23395	1325.0649
617.44861	1327.0359
617.66327	1331.5323
617.87793	1340.6528
618.09259	1344.8079
618.30725	1357.1952
618.52191	1372.9216
618.73657	1388.1754
618.95123	1384.5612
619.16589	1389.2838
619.38055	1403.12
619.59521	1417.2638
619.80988	1431.4945
620.02454	1437.6388
620.2392	1439.5927
620.45386	1453.413
620.66852	1461.9943
620.88318	1459.1064
621.09784	1463.2289
621.3125	1474.3304
621.52716	1480.3486
621.74182	1482.8992
621.95648	1486.6079
622.17114	1492.0121
622.38574	1504.8037
622.6004	1507.0612
622.81506	1494.425
623.02972	1497.9221
623.24438	1518.5656
623.45905	1518.5972
623.67371	1526.313
623.88837	1533.5553
624.10303	1556.8918
624.31769	1555.4452
624.53235	1574.2872
624.74701	1582.6274
624.96167	1602.264
625.17633	1592.0435
625.39099	1601.1152
625.60565	1617.9369
625.82031	1628.9952
626.03497	1638.2491
626.24963	1644.6969
626.46429	1651.4872
626.67896	1645.2126
626.89362	1658.3363
627.10828	1649.2172
627.32294	1657.9758
627.53754	1661.9778
627.7522	1673.6882
627.96686	1675.604
628.18152	1667.7142
628.39618	1690.3188
628.61084	1697.8767
628.8255	1698.6281
629.04016	1725.5591
629.25482	1727.4541
629.46948	1729.7499
629.68414	1735.2081
629.8988	1745.8942
630.11346	1759.7433
630.32813	1774.8555
630.54279	1777.4578
630.75745	1788.3048
630.97211	1804.9971
631.18677	1815.1135
631.40143	1832.2343
631.61609	1826.7122
631.83075	1827.9907
632.04541	1852.8744
632.26007	1858.6085
632.47473	1865.2522
632.68933	1863.2601
632.90399	1848.1139
633.11865	1861.5533
633.33331	1859.0543
633.54797	1873.8506
633.76263	1883.2903
633.97729	1904.3041
634.19196	1899.1788
634.40662	1901.7128
634.62128	1889.817
634.83594	1907.8086
635.0506	1931.2153
635.26526	1944.9884
635.47992	1968.1892
635.69458	1978.1405
635.90924	1985.3763
636.1239	2008.3771
636.33856	2016.7222
636.55322	2026.3276
636.76788	2039.6908
636.98254	2044.3374
637.1972	2055.3264
637.41187	2070.1101
637.62646	2089.8606
637.84113	2087.6992
638.05579	2084.3853
638.27045	2079.6406
638.48511	2102.095
638.69977	2111.9775
638.91443	2120.4307
639.12909	2118.033
639.34375	2131.6799
639.55841	2132.2351
639.77307	2151.4512
639.98773	2166.0618
640.20239	2174.929
640.41705	2190.02
640.63171	2193.9893
640.84637	2193.4634
641.06104	2213.1128
641.2757	2224.4329
641.49036	2240.7717
641.70502	2251.3206
641.91968	2265.7646
642.13434	2278.1665
642.349	2277.2441
642.56366	2288.4038
642.77826	2300.6477
642.99292	2320.3489
643.20758	2319.1626
643.42224	2315.1289
643.6369	2341.7981
643.85156	2339.8528
644.06622	2339.7
644.28088	2345.3113
644.49554	2374.3789
644.71021	2377.8179
644.92487	2378.8252
645.13953	2385.8914
645.35419	2382.5037
645.56885	2400.5903
645.78351	2414.4385
645.99817	2419.9709
646.21283	2433.4895
646.42749	2446.0146
646.64215	2460.5056
646.85681	2461.646
647.07147	2472.7776
647.28613	2491.3638
647.50079	2509.8367
647.71545	2535.7339
647.93005	2548.2505
648.14471	2546.0742
648.35938	2544.6873
648.57404	2578.9761
648.7887	2579.052
649.00336	2587.2329
649.21802	2610.0076
649.43268	2615.686
649.64734	2625.9351
649.862	2642.3066
650.07666	2646.4929
650.29132	2650.8
650.50598	2660.3638
650.72064	2648.6338
650.9353	2667.2769
651.14996	2672.1331
651.36462	2691.3459
651.57928	2699.6497
651.79395	2701.157
652.00861	2702.6604
652.22327	2725.0657
652.43793	2732.1406
652.65259	2747.5366
652.86725	2753.0596
653.08185	2770.7615
653.29651	2780.4185
653.51117	2795.144
653.72583	2814.4548
653.94049	2827.2463
654.15515	2843.2864
654.36981	2882.0083
654.58447	2867.8123
654.79913	2875.127
655.01379	2896.095
655.22845	2889.2778
655.44312	2890.5168
655.65778	2906.217
655.87244	2918.373
656.0871	2924.3127
656.30176	2927.2263
656.51642	2935.9705
656.73108	2944.6643
656.94574	2954.4277
657.1604	2972.812
657.37506	3000.5166
657.58972	2994.2483
657.80438	3011.144
658.01904	3027.0774
658.23364	3039.2642
658.4483	3045.9243
658.66296	3055.8662
658.87762	3065.7312
659.09229	3073.5071
659.30695	3096.1621
659.52161	3124.4136
659.73627	3117.0684
659.95093	3113.8213
660.16559	3138.8281
660.38025	3173.0161
660.59491	3183.2253
660.80957	3183.6387
661.02423	3206.1897
661.23889	3233.9233
661.45355	3234.6995
661.66821	3245.9026
661.88287	3268.9336
662.09753	3279.6086
662.31219	3292.1238
662.52686	3293.5544
662.74152	3326.781
662.95618	3350.3433
663.17078	3356.696
663.38544	3352.2964
663.6001	3364.4963
663.81476	3365.5957
664.02942	3378.5527
664.24408	3409.3262
664.45874	3406.1782
664.6734	3411.5715
664.88806	3436.3962
665.10272	3439.7209
665.31738	3450.9133
665.53204	3459.073
665.7467	3466.4119
665.96136	3473.7751
666.17603	3479.4504
666.39069	3500.6055
666.60535	3505.1287
666.82001	3509.0679
667.03467	3540.25
667.24933	3551.7742
667.46399	3570.8955
667.67865	3606.3162
667.89331	3606.5366
668.10797	3614.488
668.32257	3637.4414
668.53723	3661.3274
668.75189	3654.6045
668.96655	3680.7383
669.18121	3710.2041
669.39587	3729.5276
669.61053	3739.5925
669.8252	3753.0195
670.03986	3749.8767
670.25452	3772.3726
670.46918	3801.7405
670.68384	3823.0015
670.8985	3832.2253
671.11316	3842.6345
671.32782	3844.7681
671.54248	3865.7603
671.75714	3904.5283
671.9718	3900.2234
672.18646	3926.3186
672.40112	3971.6782
672.61578	3956.4128
672.83044	3947.606
673.0451	3994.6284
673.25977	3986.4036
673.47437	3989.8994
673.68903	4009.4536
673.90369	4003.9055
674.11835	4028.9954
674.33301	4066.1523
674.54767	4057.624
674.76233	4054.6233
674.97699	4074.3315
675.19165	4088.4412
675.40631	4105.6382
675.62097	4135.4512
675.83563	4170.7515
676.05029	4177.4194
676.26495	4182.3716
676.47961	4193.2168
676.69427	4227.5518
676.90894	4225.3862
677.1236	4256.7178
677.33826	4293.1563
677.55292	4310.0796
677.76758	4324.2715
677.98224	4330.3926
678.1969	4358.0005
678.41156	4391.8838
678.62616	4386.9761
678.84082	4391.7231
679.05548	4436.2974
679.27014	4443.3506
679.4848	4442.5693
679.69946	4486.2559
679.91412	4522.064
680.12878	4524.3472
680.34344	4533.1636
680.55811	4536.0313
680.77277	4538.7837
680.98743	4569.3232
681.20209	4581.8511
681.41675	4584.187
681.63141	4590.5332
681.84607	4607.8184
682.06073	4660.8296
682.27539	4663.7676
682.49005	4671.5654
682.70471	4685.4346
682.91937	4702.1147
683.13403	4724.0313
683.34869	4725.1597
683.56335	4745.2998
683.77795	4760.0732
683.99261	4793.9014
684.20728	4824.8809
684.42194	4836
684.6366	4864.1499
684.85126	4877.5029
685.06592	4930.1001
685.28058	4947.749
685.49524	4956.8291
685.7099	4996.7598
685.92456	5004.6357
686.13922	5012.104
686.35388	5030.7197
686.56854	5034.4443
686.7832	5071.2622
686.99786	5105.0371
687.21252	5114.1938
687.42719	5141.25
687.64185	5164.8003
687.85651	5167.2788
688.07117	5172.5415
688.28583	5185.5356
688.50049	5198.6074
688.71509	5244.4243
688.92975	5236.3608
689.14441	5238.0635
689.35907	5257.8843
689.57373	5279.4697
689.78839	5281.1821
690.00305	5303.8188
690.21771	5331.4312
690.43237	5354.6157
690.64703	5373.5806
690.86169	5371.0952
691.07635	5390.5923
691.29102	5417.2524
691.50568	5469.8408
691.72034	5481.1343
691.935	5493.5322
692.14966	5517.1533
692.36432	5549.7905
692.57898	5589.3281
692.79364	5605.5586
693.0083	5637.7354
693.22296	5658.6133
693.43762	5684.0308
693.65228	5697.6328
693.86688	5703.4497
694.08154	5694.3608
694.2962	5746.8428
694.51086	5786.4731
694.72552	5810.5039
694.94019	5797.2646
695.15485	5809.5205
695.36951	5826.2915
695.58417	5830.0654
695.79883	5836.1299
696.01349	5870.6826
696.22815	5885.3428
696.44281	5901.1118
696.65747	5900.0786
696.87213	5915.0107
697.08679	5927.665
697.30145	5932.374
697.51611	5948.1626
697.73077	5965.7129
697.94543	5969.6499
698.1601	6001.8662
698.37476	6011.7783
698.58942	6045.8247
698.80408	6057.0747
699.01868	6080.8579
699.23334	6086.4165
699.448	6119.2427
699.66266	6144.1694
699.87732	6141.7578
700.09198	6162.0557
700.30664	6175.375
700.5213	6228.8628
700.73596	6264.6753
700.95062	6315.9912
701.16528	6342.7075
701.37994	6352.0049
701.5946	6362.4644
701.80927	6412.8306
702.02393	6410.125
702.23859	6433.7563
702.45325	6461.6577
702.66791	6456.9116
702.88257	6496.8062
703.09723	6502.2349
703.31189	6513.6782
703.52655	6536.5977
703.74121	6565.5781
703.95587	6594.0908
704.17047	6615.8604
704.38513	6638.6924
704.59979	6658.2222
704.81445	6657.7065
705.02911	6661.2329
705.24377	6673.1333
705.45844	6710.5591
705.6731	6742.231
705.88776	6728.4326
706.10242	6737.6509
706.31708	6743.2896
706.53174	6756.9058
706.7464	6798.8789
706.96106	6787.021
707.17572	6790.8994
707.39038	6820.687
707.60504	6831.5928
707.8197	6846.708
708.03436	6844.7739
708.24902	6841.3013
708.46368	6860.9268
708.67834	6887.916
708.89301	6905.1631
709.10767	6928.7285
709.32227	6992.8955
709.53693	6996.6729
709.75159	6985.4268
709.96625	7029.6489
710.18091	7063.9614
710.39557	7067.5596
710.61023	7099.8682
710.82489	7126.5068
711.03955	7132.2676
711.25421	7143.9951
711.46887	7169.3994
711.68353	7187.729
711.89819	7208.2246
712.11285	7219.8452
712.32751	7259.3359
712.54218	7299.1855
712.75684	7296.998
712.9715	7302.6245
713.18616	7335.7065
713.40082	7355.2656
713.61548	7361.7856
713.83014	7371.1465
714.0448	7405.9834
714.2594	7406.1304
714.47406	7392.0864
714.68872	7398.4063
714.90338	7392.6748
715.11804	7389.2944
715.3327	7408.4785
715.54736	7435.6455
715.76202	7467.3423
715.97668	7473.6719
716.19135	7488.7612
716.40601	7484.5078
716.62067	7470.896
716.83533	7483.9473
717.04999	7512.4316
717.26465	7523.7983
717.47931	7554.6177
717.69397	7559.6816
717.90863	7585.1494
718.12329	7565.9521
718.33795	7606.7534
718.55261	7632.0811
718.76727	7647.0029
718.98193	7645.7012
719.19659	7680.6318
719.41119	7711.8892
719.62585	7737.1948
719.84052	7785.043
720.05518	7773.793
720.26984	7802.1563
720.4845	7831.7134
720.69916	7887.0049
720.91382	7899.2012
721.12848	7876.9033
721.34314	7897.6094
721.5578	7924.8169
721.77246	7938.627
721.98712	7971.457
722.20178	8001.5518
722.41644	7979.272
722.6311	7975.2168
722.84576	7988.999
723.06042	8009.0728
723.27509	8010.5454
723.48975	8040.0488
723.70441	8024.3921
723.91907	8047.2446
724.13373	8047.7119
724.34839	8057.8755
724.56299	8065.4053
724.77765	8043.8989
724.99231	8040.2686
725.20697	8041.0728
725.42163	8022.2769
725.63629	8027.4619
725.85095	8056.3618
726.06561	8069.9727
726.28027	8090.3726
726.49493	8093.5732
726.70959	8110.6699
726.92426	8092.5962
727.13892	8108.8232
727.35358	8141.312
727.56824	8127.3081
727.7829	8140.0825
727.99756	8140.8193
728.21222	8168.0767
728.42688	8200.1924
728.64154	8240.3828
728.8562	8250.4365
729.07086	8272.9746
729.28552	8279.7197
729.50018	8289.1357
729.71478	8335.5186
729.92944	8368.7031
730.1441	8385.4775
730.35876	8370.0469
730.57343	8375.5635
730.78809	8386.4043
731.00275	8407.1328
731.21741	8397.2041
731.43207	8431.417
731.64673	8478.0879
731.86139	8455.9531
732.07605	8479.4639
732.29071	8482.9307
732.50537	8446.8613
732.72003	8454.1748
732.93469	8512.6934
733.14935	8495.9453
733.36401	8473.2715
733.57867	8509.2305
733.79333	8512.7666
734.008	8475.1592
734.22266	8477.5078
734.43732	8482.7822
734.65198	8457.3584
734.86658	8493.5264
735.08124	8500.0635
735.2959	8510.0908
735.51056	8522.7461
735.72522	8514.7793
735.93988	8518.5879
736.15454	8501.7881
736.3692	8535.2598
736.58386	8530.0732
736.79852	8557.8359
737.01318	8561.9248
737.22784	8627.1602
737.4425	8640.9893
737.65717	8636.3604
737.87183	8631.7754
738.08649	8666.8896
738.30115	8682.9414
738.51581	8718.7617
738.73047	8768.749
738.94513	8793.2197
739.15979	8794.8984
739.37445	8843.3984
739.58911	8864.9551
739.80371	8863.4707
740.01837	8847.7227
740.23303	8915.7158
740.44769	8881.2871
740.66235	8907.8721
740.87701	8910.4844
741.09167	8947.7725
741.30634	8939.6348
741.521	8922.6846
741.73566	8897.3916
741.95032	8925.6563
742.16498	8947.4814
742.37964	8978.7715
742.5943	8946.0479
742.80896	8947.0889
743.02362	8946.2334
743.23828	8946.6943
743.45294	8948.4736
743.6676	8943.1973
743.88226	8942.5205
744.09692	8962.4873
744.31158	8968.3018
744.52625	8935.0391
744.74091	8977.7168
744.95551	9000.5762
745.17017	9018.8037
745.38483	9031.5518
745.59949	9016.5576
745.81415	9027.2988
746.02881	9062.5293
746.24347	9041.9277
746.45813	9069.625
746.67279	9134.708
746.88745	9135.5469
747.10211	9119.8604
747.31677	9180.4219
747.53143	9226.4121
747.74609	9245.04
747.96075	9251.2803
748.17542	9239.7988
748.39008	9298.0986
748.60474	9303.582
748.8194	9306.3994
749.03406	9300.2529
749.24872	9309.9336
749.46338	9334.3818
749.67804	9350.2061
749.8927	9368.6621
750.1073	9376.7402
750.32196	9377.5068
750.53662	9405.9014
750.75128	9414.9941
750.96594	9395.6338
751.1806	9394.5195
751.39526	9413.4521
751.60992	9457.373
751.82458	9438.3184
752.03925	9428.168
752.25391	9440.9658
752.46857	9455.459
752.68323	9405.958
752.89789	9442.1533
753.11255	9447.4414
753.32721	9400.3311
753.54187	9450.2354
753.75653	9447.5215
753.97119	9481.915
754.18585	9491.1611
754.40051	9497.0391
754.61517	9516.5527
754.82983	9562.9795
755.04449	9541.2813
755.25909	9561.8076
755.47375	9615.1592
755.68842	9594.3438
755.90308	9596.2676
756.11774	9651.3867
756.3324	9651.6904
756.54706	9628.5527
756.76172	9696.6777
756.97638	9672.3232
757.19104	9724.0605
757.4057	9730.9219
757.62036	9745.1865
757.83502	9756.8877
758.04968	9785.9463
758.26434	9742.4912
758.479	9772.2588
758.69366	9730.5449
758.90833	9705.4551
759.12299	9709.7891
759.33765	9672.668
759.55231	9721.79
759.76697	9698.6055
759.98163	9699.584
760.19629	9728.8223
760.41089	9758.1064
760.62555	9764.4551
760.84021	9799.3633
761.05487	9823.0068
761.26953	9856.0762
761.48419	9774.4785
761.69885	9780.2412
761.91351	9767.9551
762.12817	9821.7559
762.34283	9806.2822
762.5575	9840.7021
762.77216	9836.6602
762.98682	9860.6484
763.20148	9859.8018
763.41614	9871.8467
763.6308	9882.5889
763.84546	9938.373
764.06012	9929.9893
764.27478	9938.0459
764.48944	9922.4609
764.7041	9990.333
764.91876	10046.23
765.13342	10053.223
765.34802	10084.33
765.56268	10085.094
765.77734	10064.228
765.992	10108.514
766.20667	10114.176
766.42133	10164.627
766.63599	10166.107
766.85065	10134.224
767.06531	10162.246
767.27997	10166.103
767.49463	10160.044
767.70929	10164.056
767.92395	10171.055
768.13861	10133.846
768.35327	10159.55
768.56793	10181.282
768.78259	10156.403
768.99725	10118.76
769.21191	10140.562
769.42657	10150.047
769.64124	10139.924
769.8559	10110.714
770.07056	10112.973
770.28522	10122.959
770.49982	10110.595
770.71448	10121.017
770.92914	10075.654
771.1438	10112.598
771.35846	10124.601
771.57312	10147.877
771.78778	10139.934
772.00244	10126.884
772.2171	10147.652
772.43176	10192.224
772.64642	10205.941
772.86108	10188.25
773.07574	10212.119
773.29041	10255.932
773.50507	10223.282
773.71973	10229.113
773.93439	10275.678
774.14905	10302.992
774.36371	10291.85
774.57837	10315.489
774.79303	10322.851
775.00769	10359.887
775.22235	10391.937
775.43701	10391.813
775.65161	10386.344
775.86627	10397.795
776.08093	10438.175
776.29559	10433.801
776.51025	10451.155
776.72491	10447.184
776.93958	10484.616
777.15424	10482.641
777.3689	10513.517
777.58356	10496.358
777.79822	10477.285
778.01288	10496.282
778.22754	10489.359
778.4422	10477.331
778.65686	10461.654
778.87152	10471.863
779.08618	10503.47
779.30084	10463.112
779.5155	10447.115
779.73016	10439.988
779.94482	10458.246
780.15948	10452.307
780.37415	10422.986
780.58881	10429.528
780.80341	10420.337
781.01807	10401.386
781.23273	10420.605
781.44739	10424.688
781.66205	10378.524
781.87671	10376.006
782.09137	10393.712
782.30603	10406.408
782.52069	10368.872
782.73535	10359.583
782.95001	10390.617
783.16467	10404.987
783.37933	10422.778
783.59399	10436.599
783.80865	10408.878
784.02332	10418.609
784.23798	10401.976
784.45264	10458.404
784.6673	10435.943
784.88196	10453.943
785.09662	10504.507
785.31128	10462.821
785.52594	10472.449
785.7406	10518.403
785.9552	10526.826
786.16986	10524.03
786.38452	10510.956
786.59918	10550.883
786.81384	10556.446
787.0285	10569.789
787.24316	10570.667
787.45782	10612.726
787.67249	10597.78
787.88715	10584.67
788.10181	10585.083
788.31647	10590.004
788.53113	10594.967
788.74579	10593.74
788.96045	10606.454
789.17511	10595.966
789.38977	10573.33
789.60443	10556.256
789.81909	10567.039
790.03375	10567.491
790.24841	10546.637
790.46307	10511.957
790.67773	10504.615
790.89233	10501.15
791.10699	10473.306
791.32166	10504.83
791.53632	10483.066
791.75098	10455.279
791.96564	10480.105
792.1803	10467.959
792.39496	10488.868
792.60962	10467.869
792.82428	10491.907
793.03894	10434.574
793.2536	10399.45
793.46826	10456.354
793.68292	10452.906
793.89758	10442.88
794.11224	10424.929
794.3269	10448.119
794.54156	10448.007
794.75623	10451.361
794.97089	10464.098
795.18555	10487.67
795.40021	10474.222
795.61487	10508.483
795.82953	10527.164
796.04413	10523.038
796.25879	10513.167
796.47345	10501.477
796.68811	10575.163
796.90277	10561.468
797.11743	10523.843
797.33209	10548.929
797.54675	10600.887
797.76141	10631.203
797.97607	10597.532
798.19073	10606.398
798.4054	10614.691
798.62006	10579.104
798.83472	10589.167
799.04938	10611.366
799.26404	10576.756
799.4787	10563.981
799.69336	10557.336
799.90802	10547.929
800.12268	10569.578
800.33734	10573.058
800.552	10553.712
800.76666	10549.448
800.98132	10531.769
801.19592	10538.765
801.41058	10520.011
801.62524	10513.372
801.8399	10525.678
802.05457	10526.267
802.26923	10525.906
802.48389	10497.606
802.69855	10508.895
802.91321	10484.117
803.12787	10493.491
803.34253	10491.743
803.55719	10466.767
803.77185	10500.845
803.98651	10526.27
804.20117	10519.357
804.41583	10511.992
804.63049	10524.045
804.84515	10527.575
805.05981	10532.053
805.27448	10531.867
805.48914	10543.298
805.7038	10559.306
805.91846	10551.525
806.13312	10555.543
806.34772	10595.216
806.56238	10619.501
806.77704	10639.162
806.9917	10623.854
807.20636	10649.749
807.42102	10667.039
807.63568	10676.395
807.85034	10699.722
808.065	10682.605
808.27966	10663.985
808.49432	10698.009
808.70898	10746.717
808.92365	10748.925
809.13831	10737.157
809.35297	10751.254
809.56763	10726.594
809.78229	10729.648
809.99695	10742.895
810.21161	10734.639
810.42627	10765.428
810.64093	10751.599
810.85559	10755.683
811.07025	10774.926
811.28491	10750.361
811.49951	10752.875
811.71417	10758.079
811.92883	10743.323
812.14349	10749.524
812.35815	10754.777
812.57281	10782.396
812.78748	10762.448
813.00214	10758.292
813.2168	10729.886
813.43146	10705.415
813.64612	10742.471
813.86078	10747.157
814.07544	10714.862
814.2901	10724.442
814.50476	10748.018
814.71942	10739.904
814.93408	10713.708
815.14874	10716.154
815.3634	10753.055
815.57806	10759.572
815.79272	10760.767
816.00739	10772.951
816.22205	10758.739
816.43665	10737.281
816.65131	10741.664
816.86597	10723.56
817.08063	10749.49
817.29529	10783.887
817.50995	10772.695
817.72461	10766.428
817.93927	10806.223
818.15393	10824.23
818.36859	10849.884
818.58325	10822.056
818.79791	10787.799
819.01257	10804.31
819.22723	10825.314
819.44189	10823.627
819.65656	10859.271
819.87122	10896.456
820.08588	10899.116
820.30054	10902.36
820.5152	10890.055
820.72986	10873.787
820.94452	10889.537
821.15918	10918.322
821.37384	10881.576
821.58844	10880.503
821.8031	10870.632
822.01776	10861.064
822.23242	10915.367
822.44708	10874.124
822.66174	10852.194
822.8764	10897.634
823.09106	10929.702
823.30573	10898.054
823.52039	10868.681
823.73505	10932.907
823.94971	10925.056
824.16437	10957.027
824.37903	10911.964
824.59369	10904.407
824.80835	10902.881
825.02301	10906.259
825.23767	10955.111
825.45233	10895.529
825.66699	10879.472
825.88165	10891.651
826.09631	10873.56
826.31097	10869.666
826.52563	10908.769
826.74023	10903.877
826.9549	10864.302
827.16956	10879.356
827.38422	10838.633
827.59888	10857.676
827.81354	10838.379
828.0282	10844.694
828.24286	10818.652
828.45752	10828.615
828.67218	10843.469
828.88684	10835.376
829.1015	10848.326
829.31616	10850.444
829.53082	10833.443
829.74548	10817.864
829.96014	10817.027
830.1748	10860.757
830.38947	10845.786
830.60413	10855.905
830.81879	10834.243
831.03345	10853.313
831.24811	10818.231
831.46277	10823.128
831.67743	10873.059
831.89203	10833.769
832.10669	10835.54
832.32135	10832.826
832.53601	10873.839
832.75067	10889.749
832.96533	10881.261
833.17999	10887.579
833.39465	10881.857
833.60931	10878.567
833.82397	10875.495
834.03864	10887.925
834.2533	10869.052
834.46796	10894.64
834.68262	10894.377
834.89728	10897.601
835.11194	10930.326
835.3266	10887.934
835.54126	10877.527
835.75592	10893.206
835.97058	10878.197
836.18524	10866.693
836.3999	10901.954
836.61456	10879.768
836.82922	10894.253
837.04382	10884.57
837.25848	10873.511
837.47314	10858.908
837.68781	10817.583
837.90247	10833.682
838.11713	10847.838
838.33179	10850.928
838.54645	10829.089
838.76111	10794.931
838.97577	10825.938
839.19043	10799.87
839.40509	10809.12
839.61975	10770.732
839.83441	10770.52
840.04907	10768.509
840.26373	10787.921
840.47839	10799.688
840.69305	10768.306
840.90771	10751.022
841.12238	10804.28
841.33704	10803.125
841.5517	10779.391
841.76636	10822.977
841.98096	10798.121
842.19562	10774.35
842.41028	10756.585
842.62494	10782.082
842.8396	10805.76
843.05426	10803.749
843.26892	10837.968
843.48358	10805.737
843.69824	10799.922
843.9129	10837.927
844.12756	10806.442
844.34222	10821.085
844.55688	10841.696
844.77155	10864.77
844.98621	10860.661
845.20087	10869.163
845.41553	10836.927
845.63019	10897.319
845.84485	10856.28
846.05951	10854.371
846.27417	10847.216
846.48883	10851.678
846.70349	10873.085
846.91815	10874.858
847.13275	10839.278
847.34741	10845.4
847.56207	10844.765
847.77673	10789.043
847.99139	10815.174
848.20605	10795.006
848.42072	10747.166
848.63538	10760.928
848.85004	10730.936
849.0647	10740.059
849.27936	10749.374
849.49402	10690.373
849.70868	10713.446
849.92334	10728.031
850.138	10709.661
850.35266	10668.827
850.56732	10638.811
850.78198	10639.051
850.99664	10661.745
851.2113	10642.674
851.42596	10591.702
851.64063	10590.276
851.85529	10610.738
852.06995	10553.348
852.28455	10563.521
852.49921	10532.436
852.71387	10516.181
852.92853	10554.843
853.14319	10557.12
853.35785	10532.523
853.57251	10534.208
853.78717	10519.53
854.00183	10531.126
854.21649	10544.438
854.43115	10567.303
854.64581	10556.174
854.86047	10553.833
855.07513	10575.869
855.28979	10553.222
855.50446	10516.028
855.71912	10613.817
855.93378	10579.589
856.14844	10572.359
856.3631	10555.999
856.57776	10601.318
856.79242	10564.15
857.00708	10565.042
857.22174	10593.021
857.43634	10611.148
857.651	10634.775
857.86566	10606.491
858.08032	10612.622
858.29498	10561.615
858.50964	10576.018
858.7243	10627.858
858.93896	10658.37
859.15363	10610.798
859.36829	10564.969
859.58295	10531.331
859.79761	10561.543
860.01227	10571.171
860.22693	10563.877
860.44159	10552.221
860.65625	10547.797
860.87091	10528.225
861.08557	10572.967
861.30023	10537.907
861.51489	10500.069
861.72955	10489.784
861.94421	10509.573
862.15887	10480.28
862.37354	10442.757
862.58813	10438.718
862.8028	10466.146
863.01746	10460.014
863.23212	10424.653
863.44678	10427.348
863.66144	10443.953
863.8761	10379.718
864.09076	10367.21
864.30542	10420.426
864.52008	10393.151
864.73474	10444.321
864.9494	10410.68
865.16406	10421.49
865.37872	10430.745
865.59338	10424.654
865.80804	10410.459
866.02271	10417.209
866.23737	10414.194
866.45203	10451.877
866.66669	10456.82
866.88135	10462.998
867.09601	10456.31
867.31067	10454.141
867.52527	10481.614
867.73993	10456.309
867.95459	10497.69
868.16925	10530.304
868.38391	10502.308
868.59857	10516.049
868.81323	10517.645
869.02789	10544.647
869.24255	10547.118
869.45721	10541.812
869.67188	10545.178
869.88654	10570.315
870.1012	10596.688
870.31586	10556.892
870.53052	10548.707
870.74518	10563.178
870.95984	10545.57
871.1745	10569.864
871.38916	10539.942
871.60382	10574.774
871.81848	10569.203
872.03314	10546.972
872.2478	10557.204
872.46246	10554.504
872.67706	10510.465
872.89172	10530.211
873.10638	10511.5
873.32104	10520.984
873.53571	10518.517
873.75037	10501.855
873.96503	10487.84
874.17969	10480.505
874.39435	10497.396
874.60901	10457.231
874.82367	10421.365
875.03833	10453.154
875.25299	10442.2
875.46765	10419.765
875.68231	10401.33
875.89697	10368.688
876.11163	10392.167
876.32629	10390.29
876.54095	10385.976
876.75562	10364.882
876.97028	10361.357
877.18494	10325.12
877.3996	10318.718
877.61426	10319.208
877.82886	10321.686
878.04352	10313.533
878.25818	10293.969
878.47284	10321.932
878.6875	10308.757
878.90216	10270.93
879.11682	10272.211
879.33148	10256.715
879.54614	10216.353
879.7608	10288.224
879.97546	10293.951
880.19012	10297.173
880.40479	10260.496
880.61945	10280.113
880.83411	10270.899
881.04877	10250.492
881.26343	10248.496
881.47809	10274.549
881.69275	10234.007
881.90741	10252.613
882.12207	10262.782
882.33673	10261.363
882.55139	10290.789
882.76605	10211.153
882.98065	10199.37
883.19531	10223.382
883.40997	10211.234
883.62463	10188.566
883.83929	10193.202
884.05396	10204.934
884.26862	10165.001
884.48328	10143.718
884.69794	10136.438
884.9126	10145.174
885.12726	10098.117
885.34192	10097.388
885.55658	10101.772
885.77124	10090.433
885.9859	10091.76
886.20056	10086.484
886.41522	10078.67
886.62988	10015.472
886.84454	10021.253
887.0592	10035.91
887.27386	10009.461
887.48853	9986.5762
887.70319	9988.5117
887.91785	10001.218
888.13245	9985.0752
888.34711	9947.5342
888.56177	9914.1396
888.77643	9897.8857
888.99109	9898.2051
889.20575	9895.4648
889.42041	9884.1533
889.63507	9889.834
889.84973	9883.6172
890.06439	9866.6338
890.27905	9857.5449
890.49371	9854.2578
890.70837	9859.0801
890.92303	9840.3105
891.1377	9798.0186
891.35236	9800.7109
891.56702	9766.1504
891.78168	9781.917
891.99634	9780.3945
892.211	9789.6143
892.42566	9744.9053
892.64032	9736.7813
892.85498	9737.6436
893.06958	9747.2432
893.28424	9750.6035
893.4989	9741.8613
893.71356	9713.6641
893.92822	9718.7451
894.14288	9714.208
894.35754	9714.2715
894.5722	9711.4912
894.78687	9702.2129
895.00153	9686.665
895.21619	9712.5625
895.43085	9705.7148
895.64551	9658.9209
895.86017	9674.3516
896.07483	9678.1445
896.28949	9648.8936
896.50415	9638.333
896.71881	9620.4609
896.93347	9606.7676
897.14813	9565.123
897.36279	9606.1338
897.57745	9583.7139
897.79211	9531.6289
898.00677	9532.6553
898.22137	9516.2656
898.43604	9495.4512
898.6507	9494.1816
898.86536	9516.0557
899.08002	9487.0684
899.29468	9480.21
899.50934	9441.1416
899.724	9462.9971
899.93866	9432.6152
900.15332	9423.8789
900.36798	9401.165
900.58264	9388.0781
900.7973	9343.5537
901.01196	9329.5234
901.22662	9332.4199
901.44128	9321.8877
901.65594	9312.0996
901.87061	9298.2461
902.08527	9254.1572
902.29993	9259.583
902.51459	9242.126
902.72925	9222.9648
902.94391	9213.8545
903.15857	9189.1133
903.37317	9213.7207
903.58783	9176.749
903.80249	9123.5811
904.01715	9114.8691
904.23181	9136.9609
904.44647	9123.8193
904.66113	9111.2686
904.87579	9095.0889
905.09045	9051.7324
905.30511	9037.5156
905.51978	9017.1191
905.73444	9077.7207
905.9491	9023.2441
906.16376	8983.9551
906.37842	9026.8223
906.59308	9004.7861
906.80774	8932.1865
907.0224	8931.167
907.23706	8925.7803
907.45172	8917.2061
907.66638	8903.3057
907.88104	8905.9971
908.0957	8894.9941
908.31036	8875.8086
908.52496	8870.8086
908.73962	8877.6563
908.95428	8846.9531
909.16895	8870.9063
909.38361	8836.9111
909.59827	8835.5391
909.81293	8828.3145
910.02759	8817.9131
910.24225	8822.1455
910.45691	8807.4199
910.67157	8773.002
910.88623	8782.9424
911.10089	8756.6914
911.31555	8726.3818
911.53021	8724.2764
911.74487	8733.1445
911.95953	8711.793
912.17419	8693.127
912.38885	8706.5186
912.60352	8676.7822
912.81818	8642.0664
913.03284	8656.876
913.2475	8667.2393
913.46216	8653.585
913.67676	8595.9043
913.89142	8629.5879
914.10608	8579.707
914.32074	8528.2148
914.5354	8523.1494
914.75006	8541.7607
914.96472	8542.6611
915.17938	8561.8545
915.39404	8537.4121
915.6087	8513.5469
915.82336	8437.8984
916.03802	8418.7813
916.25269	8416.3965
916.46735	8402.915
916.68201	8370.8125
916.89667	8361.3457
917.11133	8316.4492
917.32599	8338.2979
917.54065	8345.6016
917.75531	8330.8457
917.96997	8286.0225
918.18463	8217.7637
918.39929	8234.916
918.61389	8205.9785
918.82855	8171.4531
919.04321	8172.687
919.25787	8167.314
919.47253	8110.2856
919.68719	8112.3052
919.90186	8142.2222
920.11652	8072.0542
920.33118	8062.9004
920.54584	8036.1084
920.7605	8015.2227
920.97516	7978.0269
921.18982	7963.1025
921.40448	7953.1084
921.61914	7933.4297
921.8338	7920.4731
922.04846	7875.8501
922.26312	7874.1216
922.47778	7877.2007
922.69244	7846.3594
922.9071	7801.811
923.12177	7815.6963
923.33643	7778.2769
923.55109	7789.3916
923.76569	7773.0352
923.98035	7756.6636
924.19501	7765.3286
924.40967	7707.7979
924.62433	7677.5747
924.83899	7674.7593
925.05365	7679.7617
925.26831	7681.7837
925.48297	7668.1924
925.69763	7636.2974
925.91229	7615.6548
926.12695	7649.2744
926.34161	7632.6738
926.55627	7645.9272
926.77094	7607.3281
926.9856	7621.1626
927.20026	7579.5391
927.41492	7557.603
927.62958	7540.7334
927.84424	7537.4194
928.0589	7540.6392
928.27356	7499.5308
928.48822	7498.3184
928.70288	7480.1523
928.91748	7448.4722
929.13214	7436.4453
929.3468	7452.5742
929.56146	7429.4863
929.77612	7417.7827
929.99078	7382.5703
930.20544	7393.7686
930.4201	7363.7759
930.63477	7289.1167
930.84943	7282.7139
931.06409	7329.6343
931.27875	7313.6025
931.49341	7261.2959
931.70807	7240.855
931.92273	7265.2339
932.13739	7254.1064
932.35205	7194.458
932.56671	7157.8604
932.78137	7173.2554
932.99603	7136.4766
933.21069	7122.9355
933.42535	7027.5835
933.64001	6991.2393
933.85468	7039.6777
934.06927	7097.1724
934.28394	7064.3223
934.4986	6982.7979
934.71326	6990.6997
934.92792	6986.3853
935.14258	6991.1968
935.35724	7006.167
935.5719	7008.3384
935.78656	6959.8101
936.00122	6927.4141
936.21588	6881.5249
936.43054	6882.8853
936.6452	6871.2871
936.85986	6859.7788
937.07452	6824.3652
937.28918	6822.9858
937.50385	6851.4512
937.71851	6849.606
937.93317	6839.7314
938.14783	6848.855
938.36249	6830.9961
938.57715	6820.9058
938.79181	6820.4546
939.00647	6796.46
939.22107	6767.7988
939.43573	6755.5015
939.65039	6780.5889
939.86505	6772.2949
940.07971	6742.6226
940.29437	6721.563
940.50903	6732.7769
940.72369	6702.3438
940.93835	6691.5825
941.15302	6650.7559
941.36768	6654.4199
941.58234	6628.1489
941.797	6540.2046
942.01166	6499.4927
942.22632	6525.8037
942.44098	6557.9604
942.65564	6539.9204
942.8703	6507.1211
943.08496	6449.4355
943.29962	6437.3188
943.51428	6435.8237
943.72894	6460.1636
943.9436	6483.4736
944.15826	6470.001
944.37286	6422.1787
944.58752	6392.6714
944.80219	6373.6187
945.01685	6343.9775
945.23151	6299.252
945.44617	6310.5269
945.66083	6307.8467
945.87549	6308.5786
946.09015	6292.9565
946.30481	6268.8022
946.51947	6272.5386
946.73413	6241.2515
946.94879	6191.4604
947.16345	6150.5083
947.37811	6105.2041
947.59277	6125.4785
947.80743	6125.1484
948.02209	6112.3359
948.23676	6105.603
948.45142	6047.668
948.66608	5989.332
948.88074	5986.1211
949.0954	5939.0518
949.31	5926.5537
949.52466	5944.5967
949.73932	5927.3228
949.95398	5918.6929
950.16864	5920.0859
950.3833	5894.1587
950.59796	5868.1685
950.81262	5834.8638
951.02728	5800.9063
951.24194	5761.2979
951.4566	5760.2275
951.67126	5758.668
951.88593	5729.1553
952.10059	5720.9048
952.31525	5756.2769
952.52991	5725.8882
952.74457	5718.0542
952.95923	5697.5942
953.17389	5677.2271
953.38855	5634.9063
953.60321	5620.0425
953.81787	5644.4883
954.03253	5629.7207
954.24719	5604.0405
954.46179	5571.0771
954.67645	5582.5151
954.89111	5572.2529
955.10577	5539.9385
955.32043	5525.9561
955.5351	5509.1406
955.74976	5478.1982
955.96442	5460.7573
956.17908	5484.6675
956.39374	5450.479
956.6084	5456.5776
956.82306	5463.7832
957.03772	5418.6812
957.25238	5376.1265
957.46704	5384.0205
957.6817	5364.9653
957.89636	5324.2783
958.11102	5330.3901
958.32568	5316.7446
958.54034	5299.0913
958.755	5275.2065
958.96967	5249.959
959.18433	5259.897
959.39899	5209.2466
959.61359	5198.4287
959.82825	5196.3975
960.04291	5159.23
960.25757	5159.8115
960.47223	5128.916
960.68689	5098.8613
960.90155	5098.0234
961.11621	5075.5493
961.33087	5074.2041
961.54553	5007.855
961.76019	5033.6909
961.97485	4986.3149
962.18951	4968.2183
962.40417	4937.5522
962.61884	4923.2842
962.8335	4908.0005
963.04816	4888.5313
963.26282	4862.9365
963.47748	4866.4897
963.69214	4851.3003
963.9068	4798.7124
964.12146	4798.854
964.33612	4785.1338
964.55078	4784.083
964.76538	4754.062
964.98004	4707.9507
965.1947	4705.3662
965.40936	4729.0742
965.62402	4681.1309
965.83868	4689.8125
966.05334	4649.6924
966.26801	4608.0186
966.48267	4617.3394
966.69733	4582.8032
966.91199	4586.958
967.12665	4550.7383
967.34131	4522.583
967.55597	4514.7329
967.77063	4530.4487
967.98529	4508.3242
968.19995	4495.8809
968.41461	4486.3125
968.62927	4460.1514
968.84393	4445.8901
969.05859	4428.3716
969.27325	4445.4609
969.48792	4431.896
969.70258	4415.1523
969.91718	4395.1201
970.13184	4365.2119
970.3465	4357.5557
970.56116	4336.0591
970.77582	4319.1841
970.99048	4324.644
971.20514	4300.3657
971.4198	4283.999
971.63446	4244.9346
971.84912	4241.6567
972.06378	4233.3379
972.27844	4217.5728
972.4931	4183.9814
972.70776	4183.7642
972.92242	4162.4106
973.13708	4143.6138
973.35175	4125.0776
973.56641	4116.2739
973.78107	4115.3823
973.99573	4099.8926
974.21039	4084.1113
974.42505	4023.5635
974.63971	4028.498
974.85431	4025.9121
975.06897	4001.0356
975.28363	3976.1787
975.49829	3964.207
975.71295	3945.3616
975.92761	3938.894
976.14227	3904.4019
976.35693	3883.9568
976.57159	3858.1589
976.78625	3835.5505
977.00092	3828.9885
977.21558	3813.7268
977.43024	3782.4355
977.6449	3771.5137
977.85956	3771.6611
978.07422	3777.6016
978.28888	3758.1235
978.50354	3715.5066
978.7182	3708.5869
978.93286	3691.6033
979.14752	3666.9944
979.36218	3664.4924
979.57684	3641.6675
979.7915	3618.4265
980.0061	3613.0564
980.22076	3596.0981
980.43542	3599.6895
980.65009	3577.0085
980.86475	3566.9905
981.07941	3564.8464
981.29407	3564.2966
981.50873	3545.8774
981.72339	3535.5544
981.93805	3531.8347
982.15271	3511.6584
982.36737	3514.9465
982.58203	3489.082
982.79669	3479.0996
983.01135	3469.022
983.22601	3477.3865
983.44067	3452.5
983.65533	3462.8806
983.87	3450.4333
984.08466	3443.7466
984.29932	3428.8064
984.51398	3412.9666
984.72864	3409.1719
984.9433	3406.8423
985.1579	3373.366
985.37256	3373.6257
985.58722	3383.793
985.80188	3382.3572
986.01654	3346.3584
986.2312	3343.0408
986.44586	3332.1128
986.66052	3327.9463
986.87518	3329.4165
987.08984	3291.8418
987.3045	3283.625
987.51917	3278.8196
987.73383	3252.4492
987.94849	3243.9263
988.16315	3241.8188
988.37781	3220.3318
988.59247	3195.8196
988.80713	3170.0969
989.02179	3158.9009
989.23645	3153.9141
989.45111	3152.7102
989.66577	3129.613
989.88043	3115.9045
990.09509	3107.6272
990.30969	3071.2717
990.52435	3059.9634
990.73901	3055.0305
990.95367	3040.738
991.16833	3017.3396
991.383	3002.9419
991.59766	2989.5493
991.81232	2960.4104
992.02698	2945.4021
992.24164	2931.9297
992.4563	2929.9854
992.67096	2890.4377
992.88562	2866.3435
993.10028	2853.366
993.31494	2846.375
993.5296	2826.1658
993.74426	2809.5762
993.95892	2802.9189
994.17358	2772.7939
994.38824	2755.8074
994.60291	2749.6682
994.81757	2739.3535
995.03223	2718.2952
995.24689	2703.8098
995.46149	2683.4536
995.67615	2671.9412
995.89081	2649.9167
996.10547	2632.7512
996.32013	2616.0225
996.53479	2611.3022
996.74945	2604.5854
996.96411	2584.231
997.17877	2563.387
997.39343	2534.9673
997.60809	2523.3989
997.82275	2507.5901
998.03741	2508.4526
998.25208	2479.2119
998.46674	2487.0293
998.6814	2468.2302
998.89606	2441.1423
999.11072	2431.9658
999.32538	2413.446
999.54004	2381.9529
999.7547	2384.6809
999.96936	2386.8911
1000.184	2379.0635
1000.3986	2362.2004
1000.6133	2366.176
1000.8279	2340.8447
1001.0426	2303.1709
1001.2573	2290.6357
1001.4719	2267.3159
1001.6866	2273.3093
1001.9012	2252.6565
1002.1159	2254.0146
1002.3306	2239.8999
1002.5452	2208.5835
1002.7599	2200.2058
1002.9745	2198.4067
1003.1892	2175.0063
1003.4039	2166.5295
1003.6185	2154.2129
1003.8332	2133.0242
1004.0479	2116.637
1004.2625	2095.4949
1004.4772	2085.3477
1004.6918	2062.5359
1004.9065	2074.3535
1005.1212	2055.8513
1005.3358	2040.4178
1005.5504	2021.1151
1005.7651	2013.3103
1005.9797	2011.623
1006.1944	1987.8988
1006.4091	1968.3075
1006.6237	1969.5122
1006.8384	1945.2185
1007.053	1929.2566
1007.2677	1925.4019
1007.4824	1918.3253
1007.697	1897.3187
1007.9117	1888.1687
1008.1263	1889.7323
1008.341	1861.6478
1008.5557	1845.1523
1008.7703	1831.9883
1008.985	1816.9028
1009.1996	1801.087
1009.4143	1790.8138
1009.629	1805.4061
1009.8436	1778.5123
1010.0583	1747.59
1010.2729	1743.3959
1010.4876	1739.5818
1010.7022	1732.2562
1010.9169	1706.4734
1011.1315	1700.3223
1011.3462	1697.7283
1011.5609	1684.079
1011.7755	1667.76
1011.9902	1653.1173
1012.2048	1638.7953
1012.4195	1618.386
1012.6342	1605.8638
1012.8488	1606.1864
1013.0635	1589.8428
1013.2781	1580.0459
1013.4928	1579.5927
1013.7075	1548.0156
1013.9221	1547.5894
1014.1368	1545.9064
1014.3514	1539.9084
1014.5661	1532.5895
1014.7808	1516.4214
1014.9954	1496.9631
1015.2101	1500.6921
1015.4247	1495.5701
1015.6394	1464.4059
1015.854	1472.2672
1016.0687	1459.8334
1016.2833	1440.2455
1016.498	1422.7511
1016.7126	1422.5514
1016.9273	1420.7643
1017.142	1404.8605
1017.3566	1390.4822
1017.5713	1372.5939
1017.7859	1357.0135
1018.0006	1353.449
1018.2153	1348.0132
1018.4299	1338.4819
1018.6446	1331.608
1018.8593	1323.8799
1019.0739	1306.9326
1019.2886	1296.5046
1019.5032	1288.8268
1019.7179	1265.145
1019.9326	1259.2048
1020.1472	1258.7316
1020.3619	1251.958
1020.5765	1239.7346
1020.7912	1228.8346
1021.0058	1209.1644
1021.2205	1205.7517
1021.4351	1193.3383
1021.6498	1182.8257
1021.8644	1180.4799
1022.0791	1172.6003
1022.2938	1146.1788
1022.5084	1146.1316
1022.7231	1139.0664
1022.9377	1141.4714
1023.1524	1131.1655
1023.3671	1120.1021
1023.5817	1113.9475
1023.7964	1099.502
1024.011	1081.5997
1024.2257	1080.2506
1024.4403	1066.7
1024.655	1059.6747
1024.8696	1045.1115
1025.0844	1027.2662
1025.299	1015.1434
1025.5137	1008.303
1025.7283	1005.4164
1025.943	1001.5773
1026.1576	996.12256
1026.3723	993.43536
1026.5869	977.57782
1026.8016	973.19629
1027.0162	963.78571
1027.231	950.9071
1027.4456	941.25385
1027.6603	938.97205
1027.8749	931.87451
1028.0896	922.82092
1028.3042	913.03906
1028.5188	910.44086
1028.7335	900.81586
1028.9481	894.95831
1029.1628	879.69666
1029.3774	887.68378
1029.5922	877.68665
1029.8068	861.2829
1030.0215	853.8316
1030.2361	844.07831
1030.4508	847.00037
1030.6654	847.96802
1030.8801	830.74414
1031.0947	819.82428
1031.3094	810.48596
1031.524	806.44397
1031.7388	798.62396
1031.9534	799.91327
1032.1681	798.73114
1032.3827	786.34045
1032.5974	782.27283
1032.812	777.37311
1033.0267	757.6391
1033.2413	750.79187
1033.4561	753.32635
1033.6707	752.5968
1033.8853	738.40448
1034.1	733.65283
1034.3146	722.23767
1034.5293	724.21716
1034.7439	733.13306
1034.9586	714.19043
1035.1732	705.37286
1035.3879	699.2428
1035.6025	692.12158
1035.8173	683.31073
1036.0319	676.64575
1036.2466	673.81702
1036.4612	663.94049
1036.6759	656.85571
1036.8905	643.36383
1037.1052	638.01917
1037.3198	634.05914
1037.5345	624.5993
1037.7491	616.24194
1037.9639	612.06018
1038.1785	605.02863
1038.3932	597.05719
1038.6078	592.47949
1038.8224	586.57733
1039.0371	579.94373
1039.2517	565.88397
1039.4664	561.72632
1039.681	557.68628
1039.8958	553.12482
1040.1104	540.50653
1040.3251	540.02094
1040.5397	532.37225
1040.7544	522.19818
1040.969	513.90344
1041.1837	507.74307
1041.3983	496.20282
1041.613	502.35007
1041.8276	489.91144
1042.0424	488.16739
1042.257	486.3447
1042.4717	478.24655
1042.6863	484.20407
1042.901	476.37595
1043.1156	465.86987
1043.3303	459.83505
1043.5449	454.31473
1043.7596	446.55194
1043.9742	448.47504
1044.1888	444.29401
1044.4036	441.60132
1044.6182	437.76205
1044.8329	435.01114
1045.0475	425.09073
1045.2622	428.60989
1045.4768	433.01758
1045.6915	424.14731
1045.9061	424.64432
1046.1208	424.32361
1046.3354	419.19977
1046.5502	415.39523
1046.7648	414.87555
1046.9795	410.03815
1047.1941	404.64685
1047.4088	400.80145
1047.6234	405.03882
1047.8381	403.47852
1048.0527	391.75357
1048.2675	399.98886
1048.4821	392.89288
1048.6968	391.43399
1048.9114	388.23166
1049.126	385.33728
1049.3407	385.49695
1049.5553	385.94122
1049.77	381.34808
1049.9846	377.17831
1050.1993	375.52719
1050.4139	376.0488
1050.6287	371.56842
1050.8433	370.207
1051.058	374.58203
1051.2726	369.61908
1051.4873	363.60446
1051.7019	359.02667
1051.9166	353.64886
1052.1312	353.40472
1052.3459	352.44833
1052.5605	356.5816
1052.7753	359.23419
1052.9899	348.04449
1053.2046	349.25992
1053.4192	345.69217
1053.6339	343.29684
1053.8485	340.94431
1054.0631	342.97516
1054.2778	336.55066
1054.4924	329.24258
1054.7072	335.77576
1054.9218	328.08929
1055.1365	322.0025
1055.3511	321.64038
1055.5658	322.29568
1055.7804	331.34836
1055.9951	323.55795
1056.2097	323.09076
1056.4244	318.42892
1056.639	310.75531
1056.8538	308.22626
1057.0684	313.32397
1057.2831	310.22021
1057.4977	298.69034
1057.7124	302.45941
1057.927	300.89059
1058.1417	299.71335
1058.3563	302.12982
1058.571	287.52466
1058.7856	285.44724
1059.0004	286.39578
1059.215	287.00336
1059.4296	282.13342
1059.6443	278.97693
1059.8589	287.83511
1060.0736	286.35098
1060.2882	277.31961
1060.5029	274.99167
1060.7175	275.61151
1060.9323	273.91473
1061.1469	266.57736
1061.3616	267.87576
1061.5762	263.76358
1061.7909	260.06708
1062.0055	256.35779
1062.2202	264.07361
1062.4348	261.02206
1062.6495	254.45145
1062.8641	252.6161
1063.0789	249.31639
1063.2935	250.4184
1063.5082	251.69922
1063.7228	246.98857
1063.9375	248.90248
1064.1521	243.8532
1064.3667	239.68921
1064.5814	242.60101
1064.796	239.084
1065.0107	241.27077
1065.2253	235.50064
1065.4401	232.52203
1065.6547	232.80936
1065.8694	229.03418
1066.084	225.39531
1066.2987	229.12598
1066.5133	231.14134
1066.728	226.7307
1066.9426	225.52835
1067.1573	222.03017
1067.3719	224.40714
1067.5867	221.81262
1067.8013	218.53758
1068.016	219.79059
1068.2306	221.37178
1068.4453	220.40434
1068.6599	210.22278
1068.8746	213.19606
1069.0892	214.9409
1069.304	213.51555
1069.5186	212.19965
1069.7332	206.96335
1069.9479	207.84622
1070.1625	208.23288
1070.3772	201.23019
1070.5918	203.16983
1070.8065	199.59431
1071.0211	199.87788
1071.2358	199.48
1071.4504	199.89618
1071.6652	202.42439
1071.8798	195.3936
1072.0945	193.75351
1072.3091	193.90265
1072.5238	193.5789
1072.7384	188.23074
1072.9531	188.55238
1073.1677	189.18738
1073.3824	188.5011
1073.597	184.32556
1073.8118	186.16675
1074.0264	184.08031
1074.2411	181.42918
1074.4557	178.533
1074.6703	181.0856
1074.885	183.0743
1075.0996	181.00912
1075.3143	175.09868
1075.5289	172.15503
1075.7437	167.80412
1075.9583	171.1335
1076.173	168.40071
1076.3876	168.8076
1076.6023	172.769
1076.8169	174.01765
1077.0316	166.81853
1077.2462	165.80536
1077.4609	164.90131
1077.6755	166.23805
1077.8903	157.90141
1078.1049	158.06807
1078.3196	159.28104
1078.5342	156.28333
1078.7489	155.44676
1078.9635	157.62131
1079.1782	154.85802
1079.3928	158.2084
1079.6074	153.35092
1079.8221	150.06616
1080.0367	151.70883
1080.2515	148.78679
1080.4661	153.29646
1080.6808	152.28261
1080.8954	147.08206
1081.1101	146.78528
1081.3247	146.0134
1081.5394	150.43559
1081.754	149.06218
1081.9688	141.57632
1082.1833	139.08641
1082.3981	140.4097
1082.6127	139.1263
1082.8274	137.73741
1083.042	135.32893
1083.2567	135.40294
1083.4713	137.17252
1083.686	134.51033
1083.9006	136.68091
1084.1154	135.20923
1084.33	132.39442
1084.5447	134.5748
1084.7593	131.58527
1084.9739	128.68404
1085.1886	126.6931
1085.4032	128.02301
1085.6179	124.12967
1085.8325	120.66047
1086.0472	126.50057
1086.2618	126.25906
1086.4766	123.46832
1086.6912	121.83358
1086.9059	121.22173
1087.1205	120.83589
1087.3352	122.69444
1087.5498	116.2207
1087.7645	115.86243
1087.9791	119.33742
1088.1938	112.57099
1088.4084	114.66399
1088.6232	115.55358
1088.8378	112.08276
1089.0525	114.95592
1089.2671	113.1526
1089.4818	113.65263
1089.6964	110.64423
1089.911	110.27894
1090.1257	103.40651
1090.3403	108.36578
1090.5551	111.07471
1090.7697	104.24288
1090.9844	106.40757
1091.199	104.81448
1091.4137	104.4296
1091.6283	105.62055
1091.843	106.42719
1092.0576	101.36175
1092.2723	98.052734
1092.4869	100.96385
1092.7017	98.332336
1092.9163	100.15117
1093.131	101.64194
1093.3456	95.998093
1093.5603	100.68424
1093.7749	95.968544
1093.9896	94.967232
1094.2042	98.18528
1094.4189	98.808731
1094.6335	95.468414
1094.8483	95.77639
1095.0629	91.474327
1095.2775	88.558853
1095.4922	96.741646
1095.7068	93.691299
1095.9215	92.510124
1096.1361	92.63398
1096.3508	88.782402
1096.5654	86.926682
1096.7802	88.069145
1096.9948	87.899261
1097.2095	88.543365
1097.4241	89.72728
1097.6388	85.108749
1097.8534	86.091927
1098.0681	84.818558
1098.2827	82.999809
1098.4974	86.197113
1098.712	83.655678
1098.9268	84.094177
1099.1414	88.511948
1099.3561	82.48378
1099.5707	79.393326
1099.7854	81.27948
1100	82.243385
