400	0.67253506
400.21466	-0.25042391
400.42932	1.8987577
400.64398	1.3278984
400.85864	1.2056701
401.0733	1.0416538
401.28793	0.042765696
401.50259	1.2783124
401.71725	0.29091933
401.93192	1.2309729
402.14658	0.59286314
402.36124	0.76466829
402.5759	0.94665939
402.79056	0.85895228
403.00522	0.7515406
403.21988	1.4128569
403.43454	1.3164208
403.6492	0.13750884
403.86383	0.036152411
404.07849	0.020557849
404.29315	0.39984858
404.50781	0.28293046
404.72247	0.091908492
404.93713	-0.20401765
405.15179	0.5682894
405.36646	1.5721692
405.58112	0.86872649
405.79578	0.20734537
406.01044	0.69412965
406.2251	0.33804062
406.43973	0.10135876
406.65439	1.1793352
406.86905	1.0213692
407.08371	2.5035727
407.29837	2.1200938
407.51303	0.25971785
407.72769	-0.34585568
407.94235	0.64828539
408.15701	0.37213805
408.37167	1.1262553
408.58633	0.59708464
408.80099	1.132403
409.01563	0.2517547
409.23029	0.30506727
409.44495	0.28792116
409.65961	0.22656827
409.87427	-0.012054586
410.08893	0.49247909
410.30359	1.5262748
410.51825	1.2075524
410.73291	0.74445945
410.94757	0.9394443
411.16223	1.0375162
411.37689	1.039269
411.59152	0.89892024
411.80618	0.38208336
412.02084	0.99059141
412.2355	1.4545307
412.45016	0.60350859
412.66483	0.81883943
412.87949	0.58884412
413.09415	0.89796293
413.30881	0.40273628
413.52347	-0.017064059
413.73813	0.41992816
413.95279	0.74801522
414.16742	0.27652332
414.38208	0.0015390257
414.59674	1.0865136
414.8114	0.56933695
415.02606	0.57413548
415.24072	0.53054857
415.45538	1.2619176
415.67004	1.087357
415.8847	1.3189518
416.09937	1.0858952
416.31403	0.50126529
416.52869	1.2171948
416.74332	1.6228862
416.95798	1.1438136
417.17264	1.6780825
417.3873	0.98769414
417.60196	1.1941248
417.81662	0.85141873
418.03128	1.0968208
418.24594	1.7432319
418.4606	0.97816104
418.67526	0.73882228
418.88992	-0.066728681
419.10458	0.50944799
419.31921	1.1729306
419.53387	0.6615476
419.74854	1.221787
419.9632	1.732169
420.17786	1.2770586
420.39252	1.4261589
420.60718	1.1442282
420.82184	0.47270879
421.0365	0.56328547
421.25116	0.99230552
421.46582	1.3738109
421.68048	0.46596706
421.89511	0.94352072
422.10977	0.93178755
422.32443	0.22193526
422.53909	0.98958182
422.75375	1.6164755
422.96841	2.3399169
423.18307	1.4766601
423.39774	0.50817674
423.6124	-0.40358719
423.82706	0.70567858
424.04172	1.0495025
424.25638	0.78405023
424.47101	1.542261
424.68567	1.8502986
424.90033	0.58699375
425.11499	1.2852317
425.32965	1.1162724
425.54431	0.65831304
425.75897	0.565925
425.97363	0.96176744
426.18829	1.7168094
426.40295	1.0405246
426.61761	0.7110855
426.83224	0.70077527
427.04691	0.97821707
427.26157	1.2650675
427.47623	0.52454787
427.69089	0.41282976
427.90555	0.79852712
428.12021	0.99945337
428.33487	0.88644856
428.54953	1.4822501
428.76419	1.6896789
428.97885	1.2287254
429.19351	0.49941087
429.40814	1.5649561
429.6228	1.4541659
429.83746	0.57828432
430.05212	0.68295383
430.26678	1.5858985
430.48145	1.6211145
430.69611	1.4342898
430.91077	1.3622632
431.12543	0.83056211
431.34009	2.0548003
431.55475	2.0394108
431.76941	0.76852179
431.98404	1.1701869
432.1987	1.5931903
432.41336	1.0840775
432.62802	0.46976662
432.84268	1.6496246
433.05734	1.8851991
433.272	0.77658737
433.48666	1.1354107
433.70132	1.0877924
433.91599	0.16074036
434.13065	0.79840153
434.34531	0.79553139
434.55994	1.5179944
434.7746	0.86286902
434.98926	1.083437
435.20392	0.42853096
435.41858	0.94400316
435.63324	1.2799228
435.8479	1.2454655
436.06256	1.3389654
436.27722	1.3485146
436.49188	0.92412484
436.70654	1.4956336
436.9212	1.1712019
437.13583	1.8741968
437.35049	1.3524588
437.56516	1.5149337
437.77982	1.2066084
437.99448	1.4032325
438.20914	0.55781597
438.4238	1.5334625
438.63846	1.4593068
438.85312	1.9405596
439.06778	1.6302217
439.28244	1.1328467
439.4971	0.60056883
439.71173	0.6223914
439.92639	1.0378933
440.14105	1.2411999
440.35571	1.1064324
440.57037	1.1523472
440.78503	0.83200604
440.99969	1.2396685
441.21436	2.7300384
441.42902	1.3967272
441.64368	0.78425014
441.85834	0.68496913
442.073	1.3384011
442.28763	0.461099
442.50229	1.4900204
442.71695	1.0038675
442.93161	-0.037119802
443.14627	1.5711719
443.36093	2.3525803
443.57559	1.7807542
443.79025	1.457284
444.00491	1.3723835
444.21957	1.5334086
444.43423	1.3842443
444.6489	1.9879056
444.86353	1.841484
445.07819	1.5810469
445.29285	1.4591177
445.50751	1.4027796
445.72217	1.3400781
445.93683	0.53908217
446.15149	1.3534899
446.36615	2.0015366
446.58081	1.9248776
446.79547	0.72762334
447.01013	1.4084477
447.22479	1.5229108
447.43942	0.34263355
447.65408	-0.07117527
447.86874	0.89244246
448.0834	1.3720995
448.29807	2.0384707
448.51273	1.5617296
448.72739	0.52027452
448.94205	0.30326405
449.15671	2.0367072
449.37137	0.82534605
449.58603	1.583455
449.80069	0.95469522
450.01532	1.3693614
450.22998	0.88091505
450.44464	1.3362837
450.6593	0.68619621
450.87396	0.83130199
451.08862	0.51551127
451.30328	1.2771572
451.51794	0.85771596
451.7326	1.7222977
451.94727	1.7727038
452.16193	2.3447204
452.37656	1.4961122
452.59122	0.73263812
452.80588	0.17507069
453.02054	0.46275118
453.2352	-0.47311887
453.44986	0.57837617
453.66452	1.3124408
453.87918	1.7446302
454.09384	0.55146986
454.3085	0.61872131
454.52316	1.3950157
454.73782	2.0813916
454.95245	0.67990768
455.16711	0.69126588
455.38177	2.0625212
455.59644	1.139401
455.8111	0.39476851
456.02576	1.1182576
456.24042	-0.008778532
456.45508	0.33089635
456.66974	0.96161169
456.8844	0.90946656
457.09906	0.62842911
457.31372	0.87202775
457.52835	1.4403685
457.74301	1.1740566
457.95767	0.53231394
458.17233	0.76073843
458.38699	1.1021888
458.60165	1.6581742
458.81631	-0.12438083
459.03098	1.2317972
459.24564	1.6096764
459.4603	1.8940382
459.67496	0.62163883
459.88962	0.58286929
460.10425	1.0014075
460.31891	1.2082499
460.53357	1.6039066
460.74823	3.0584478
460.96289	2.5493021
461.17755	0.36845466
461.39221	1.2462789
461.60687	1.2644759
461.82153	-0.049011607
462.03619	0.53979331
462.25085	1.1285908
462.46552	1.447894
462.68015	2.1488693
462.89481	1.6982217
463.10947	1.8075852
463.32413	1.6960047
463.53879	0.73680842
463.75345	1.0931932
463.96811	1.1681314
464.18277	1.9910089
464.39743	1.2567997
464.61209	1.2505344
464.82675	1.1405178
465.04141	1.0444702
465.25604	0.62250715
465.4707	1.6914675
465.68536	1.583508
465.90002	1.2747912
466.11469	2.6022851
466.32935	0.93275058
466.54401	0.093735181
466.75867	0.35753921
466.97333	0.60851091
467.18799	0.7479319
467.40265	0.26990318
467.61731	1.8998224
467.83194	1.8014255
468.0466	1.0376803
468.26126	1.0542881
468.47592	0.51534444
468.69058	1.2011483
468.90524	0.94143438
469.1199	0.44447097
469.33456	1.3646051
469.54922	1.0058521
469.76389	0.27430645
469.97855	0.78076303
470.19321	1.1920837
470.40784	1.1075583
470.6225	1.3883746
470.83716	0.97534096
471.05182	-0.25998148
471.26648	0.90506613
471.48114	1.4138477
471.6958	1.7322257
471.91046	1.1556282
472.12512	-0.17369141
472.33978	0.81728905
472.55444	1.4556142
472.7691	1.3523033
472.98373	1.2975155
473.19839	0.75101966
473.41306	1.3148422
473.62772	1.6610248
473.84238	0.55805784
474.05704	1.3826451
474.2717	2.5659616
474.48636	0.73695648
474.70102	0.99067336
474.91568	1.0318179
475.13034	1.2430807
475.345	1.5765206
475.55963	1.828969
475.77429	2.1995416
475.98895	1.4628532
476.20361	0.46327782
476.41827	1.4553862
476.63293	1.4677186
476.8476	1.6557021
477.06226	1.0366765
477.27692	0.41557932
477.49158	1.0448115
477.70624	0.88571155
477.92087	1.0872456
478.13553	0.35807747
478.35019	1.9642651
478.56485	1.7362549
478.77951	1.1786236
478.99417	0.96578586
479.20883	0.41781241
479.42349	0.65659636
479.63815	0.62874496
479.85281	1.8670833
480.06747	1.2590207
480.28214	1.2567283
480.49677	1.3464495
480.71143	0.4865602
480.92609	1.6341754
481.14075	0.70086116
481.35541	0.8904916
481.57007	1.2720513
481.78473	1.1009561
481.99939	1.1449658
482.21405	1.7960324
482.42871	0.94945204
482.64337	1.4069135
482.85803	0.20831594
483.07266	1.5111868
483.28732	1.4170103
483.50198	0.54112667
483.71664	0.51985514
483.9313	0.64782828
484.14597	1.9903438
484.36063	0.67065299
484.57529	0.76663917
484.78995	1.267136
485.00461	1.1558626
485.21927	0.6656664
485.43393	1.0723658
485.64856	1.9125988
485.86322	0.7962395
486.07788	0.65900242
486.29254	-0.17506187
486.5072	1.1143105
486.72186	2.0783062
486.93652	0.95429581
487.15118	1.7668254
487.36584	0.409098
487.58051	-0.24116601
487.79517	2.0059326
488.00983	0.86180192
488.22446	-0.2209533
488.43912	1.3199718
488.65378	1.0623608
488.86844	1.9755516
489.0831	0.33725393
489.29776	0.5101195
489.51242	1.1011992
489.72708	0.88007861
489.94174	2.5956028
490.1564	1.344522
490.37106	0.7585547
490.58572	1.2404518
490.80035	1.2989026
491.01501	0.64831877
491.22968	0.32627949
491.44434	1.4652518
491.659	0.043834031
491.87366	1.2525696
492.08832	1.1423892
492.30298	1.0312275
492.51764	1.3631096
492.7323	1.3684955
492.94696	1.3373101
493.16162	0.96415836
493.37625	1.785953
493.59091	0.68898028
493.80557	1.2897438
494.02023	0.37833354
494.23489	0.87570763
494.44955	2.2381065
494.66422	1.7523677
494.87888	1.5233513
495.09354	1.7200423
495.3082	2.1009409
495.52286	1.0300896
495.73752	1.9797186
495.95215	1.0801544
496.16681	-0.18980563
496.38147	-0.014826377
496.59613	1.0802579
496.81079	0.59255099
497.02545	0.91046381
497.24011	1.0433687
497.45477	1.0875717
497.66943	-0.16452837
497.88409	1.4842182
498.09875	1.2529476
498.31342	0.64723343
498.52805	1.5310301
498.74271	0.86522108
498.95737	1.1840022
499.17203	1.3192812
499.38669	0.65471345
499.60135	1.4491781
499.81601	1.7006832
500.03067	1.4738344
500.24533	1.4960682
500.45999	0.99142301
500.67465	2.2048075
500.88931	2.1007929
501.10394	1.8969529
501.3186	1.4790534
501.53326	1.7771202
501.74792	1.2827781
501.96259	-0.10650104
502.17725	1.6289315
502.39191	1.7328047
502.60657	1.9876491
502.82123	1.1596355
503.03589	2.1284406
503.25055	1.1665734
503.46521	1.3282188
503.67984	1.0545028
503.8945	0.73358482
504.10916	0.29972771
504.32382	0.49069884
504.53848	1.7735376
504.75314	1.5058824
504.9678	1.7685467
505.18246	1.6833097
505.39713	2.1790617
505.61179	0.98450136
505.82645	0.88992006
506.04108	1.1288096
506.25574	1.332638
506.4704	2.4521141
506.68506	1.6006813
506.89972	1.9096026
507.11438	0.97286707
507.32904	0.97194588
507.5437	2.1233399
507.75836	2.2297063
507.97302	0.50662571
508.18768	1.191559
508.40234	0.69296438
508.61697	1.1570276
508.83163	1.4291377
509.0463	1.6182982
509.26096	0.64097297
509.47562	1.1034504
509.69028	1.1493205
509.90494	1.5400556
510.1196	0.59821135
510.33426	1.0154972
510.54892	1.1212784
510.76358	1.9561931
510.97824	1.9672278
511.19287	2.3529675
511.40753	2.1888952
511.62219	0.50411659
511.83685	0.49363983
512.05151	1.4734304
512.26617	2.0239751
512.48083	1.0615234
512.6955	2.2200918
512.91016	1.680764
513.12482	1.6405901
513.33948	1.4951479
513.55414	2.0193861
513.7688	1.5918099
513.98346	0.90988821
514.19812	1.2786944
514.41278	1.396711
514.62744	1.8746086
514.8421	2.1864851
515.0567	2.2928526
515.27136	2.1362159
515.48602	0.50427318
515.70068	0.60951459
515.91534	1.4329804
516.13	0.74842083
516.34467	1.4873198
516.55933	1.7395319
516.77399	1.2641097
516.98865	1.394278
517.20331	1.5921324
517.41797	1.7309959
517.63263	1.3459269
517.84729	2.0583971
518.06195	2.7446418
518.27661	2.302464
518.49127	2.5076611
518.70593	1.4915532
518.92059	1.1707058
519.13525	1.5163972
519.34991	2.0747595
519.56458	2.537832
519.77924	2.3524272
519.9939	2.1201706
520.2085	2.2040076
520.42316	2.8712804
520.63782	1.2090635
520.85248	1.4330908
521.06714	1.1496633
521.2818	1.2109727
521.49646	1.2426776
521.71112	1.3991276
521.92578	0.85356134
522.14044	0.95343715
522.3551	0.74283993
522.56976	2.0657103
522.78442	2.7555933
522.99908	2.2897232
523.21375	1.5291246
523.42841	1.893096
523.64307	2.0036008
523.85773	1.8144554
524.07239	1.2098351
524.28705	1.4002529
524.50171	1.712304
524.71637	0.72727048
524.93103	1.2880771
525.14569	1.7114333
525.36029	0.89425808
525.57495	0.41968325
525.78961	1.2412119
526.00427	2.1878889
526.21893	1.5231676
526.43359	1.7396342
526.64825	0.41210693
526.86292	1.0686238
527.07758	1.5019512
527.29224	2.0264955
527.5069	1.0432118
527.72156	0.9569158
527.93622	1.1544452
528.15088	0.85677797
528.36554	2.2945287
528.5802	1.8969074
528.79486	1.3489158
529.00952	1.2555134
529.22418	2.2430418
529.43884	1.9896619
529.6535	2.0059907
529.86816	1.5512811
530.08282	2.0513067
530.29742	1.9674728
530.51208	0.97490716
530.72675	1.1191427
530.94141	0.83568227
531.15607	1.0812891
531.37073	1.9510114
531.58539	2.2178175
531.80005	1.4411948
532.01471	1.3858664
532.22937	2.3336694
532.44403	2.4678869
532.65869	1.3668398
532.87335	1.6437858
533.08801	1.4836608
533.30267	0.98759288
533.51733	1.1851312
533.73199	1.2631905
533.94666	1.1968443
534.16132	2.0672138
534.37598	1.9436219
534.59064	1.7727842
534.8053	1.8112824
535.01996	1.5259163
535.23462	1.4075222
535.44922	0.27076671
535.66388	0.25913388
535.87854	1.1338253
536.0932	1.3317086
536.30786	2.1393907
536.52252	2.4626982
536.73718	2.4986272
536.95184	1.0535344
537.1665	1.985782
537.38116	1.5273023
537.59583	2.0019941
537.81049	1.8116593
538.02515	2.2531035
538.23981	2.3556578
538.45447	1.1465744
538.66913	1.1675404
538.88379	0.45992145
539.09845	0.76089776
539.31311	1.6824924
539.52777	1.4661258
539.74243	1.1369348
539.95709	2.048775
540.17175	1.7199069
540.38641	1.3687791
540.60101	2.0572488
540.81567	1.7362244
541.03033	0.40302682
541.245	0.89386302
541.45966	0.89322084
541.67432	1.2277597
541.88898	0.09401159
542.10364	0.64279717
542.3183	0.58889526
542.53296	-0.41861728
542.74762	1.1325912
542.96228	1.5254552
543.17694	1.6167538
543.3916	1.6114969
543.60626	0.20352693
543.82092	1.1410317
544.03558	1.6319368
544.25024	2.1749272
544.4649	2.2845149
544.67957	1.9722759
544.89423	0.90797985
545.10889	0.62840611
545.32355	1.8893942
545.53821	1.2855477
545.75281	1.2666589
545.96747	1.2051245
546.18213	1.2832164
546.39679	1.8167273
546.61145	1.4543802
546.82611	0.98565835
547.04077	1.3704222
547.25543	1.8534746
547.47009	0.004751456
547.68475	0.29330063
547.89941	1.1154593
548.11407	1.260181
548.32874	1.5500736
548.5434	1.0568911
548.75806	1.1759757
548.97272	0.75907344
549.18738	1.3706098
549.40204	0.48509148
549.6167	0.98867428
549.83136	2.2808695
550.04602	2.0941992
550.26068	1.8525981
550.47534	1.2392329
550.69	0.41386905
550.9046	1.1174142
551.11926	1.5945088
551.33392	1.0036955
551.54858	1.446278
551.76324	1.757737
551.97791	2.0063236
552.19257	2.1552734
552.40723	0.63894737
552.62189	2.4666407
552.83655	2.3702805
553.05121	1.0740386
553.26587	1.1559321
553.48053	1.617743
553.69519	1.0736288
553.90985	1.6190885
554.12451	0.94505477
554.33917	0.84834373
554.55383	1.0935413
554.76849	1.3998753
554.98315	1.8116356
555.19781	0.95172906
555.41248	1.7518504
555.62714	1.2195754
555.84174	1.2648934
556.0564	1.1410089
556.27106	2.0357513
556.48572	1.8007169
556.70038	0.3806856
556.91504	0.92541039
557.1297	1.275239
557.34436	1.4985251
557.55902	0.60254222
557.77368	0.96540332
557.98834	0.91085464
558.203	1.7902061
558.41766	1.4933817
558.63232	2.0899756
558.84698	1.6763912
559.06165	0.7819038
559.27631	0.90917939
559.49097	1.6606858
559.70563	1.6880908
559.92029	1.338806
560.13495	1.9071637
560.34961	0.99130726
560.56427	1.1197295
560.77893	1.3632069
560.99353	1.0769671
561.20819	1.4544108
561.42285	1.2399673
561.63751	1.3678499
561.85217	1.7791612
562.06683	2.1014845
562.28149	0.99331218
562.49615	0.25536335
562.71082	1.2159498
562.92548	1.1679336
563.14014	0.89303499
563.3548	1.7242899
563.56946	1.1472994
563.78412	1.2446197
563.99878	2.6227632
564.21344	2.3422613
564.4281	0.90679789
564.64276	0.75394684
564.85742	1.2129091
565.07208	2.0242374
565.28674	0.63551748
565.5014	0.8831085
565.71606	0.62110865
565.93073	0.605694
566.14532	1.5881143
566.35999	1.767453
566.57465	1.5645833
566.78931	1.0708765
567.00397	1.5529398
567.21863	1.4715232
567.43329	1.3320229
567.64795	1.2313588
567.86261	0.65239364
568.07727	0.59477854
568.29193	0.93999439
568.50659	0.81376475
568.72125	-0.014989546
568.93591	0.73612481
569.15057	0.98195124
569.36523	0.96729922
569.5799	2.4443591
569.79456	1.1699631
570.00922	0.20293669
570.22388	0.018112252
570.43854	0.71637821
570.6532	0.35552368
570.86786	0.84838313
571.08252	1.284928
571.29712	1.866922
571.51178	1.2929705
571.72644	0.25607008
571.9411	1.5854926
572.15576	2.5115857
572.37042	1.756442
572.58508	1.1080689
572.79974	0.89760876
573.0144	1.0628903
573.22906	1.4178284
573.44373	1.0685517
573.65839	1.1573092
573.87305	1.4774222
574.08771	0.50922179
574.30237	0.31604284
574.51703	2.2269592
574.73169	2.2324409
574.94635	-0.059952356
575.16101	0.98680454
575.37567	0.90095049
575.59033	0.80036503
575.80499	1.0849668
576.01965	0.55034798
576.23431	0.98453313
576.44891	0.65610951
576.66357	0.85824937
576.87823	0.96378726
577.0929	1.0523326
577.30756	1.2009746
577.52222	0.80510986
577.73688	1.556864
577.95154	1.1208843
578.1662	1.2989904
578.38086	1.1987027
578.59552	1.1679248
578.81018	0.058917258
579.02484	0.51687896
579.2395	0.73758888
579.45416	0.95621091
579.66882	1.3675693
579.88348	1.0902948
580.09814	0.20600672
580.31281	0.60630685
580.52747	0.37103119
580.74213	1.13133
580.95679	1.2401618
581.17145	1.4832989
581.38611	1.7379719
581.60071	0.78439945
581.81537	1.1831757
582.03003	1.0867795
582.24469	1.4194307
582.45935	0.75873828
582.67401	0.76189572
582.88867	0.74534768
583.10333	1.7326335
583.31799	1.4476626
583.53265	0.59518337
583.74731	0.357072
583.96198	0.79707068
584.17664	-0.12295363
584.3913	0.954099
584.60596	1.2113631
584.82062	1.8555603
585.03528	1.0836458
585.24994	1.0290126
585.4646	0.34943116
585.67926	0.39902985
585.89392	-0.35623413
586.10858	0.36599761
586.32324	0.72557056
586.53784	0.59934127
586.7525	-0.37821931
586.96716	1.0682811
587.18182	1.4909497
587.39648	0.62740993
587.61115	1.403702
587.82581	1.0040801
588.04047	0.80539095
588.25513	0.66635877
588.46979	0.24078409
588.68445	1.3174134
588.89911	1.7111213
589.11377	0.32888076
589.32843	-0.20626888
589.54309	0.1516259
589.75775	1.8319238
589.97241	1.3359556
590.18707	0.97957569
590.40173	0.97787112
590.61639	2.4163802
590.83105	0.80657202
591.04572	0.65923363
591.26038	1.5823821
591.47504	1.3260198
591.68964	1.0225743
591.9043	0.69483924
592.11896	1.1363386
592.33362	0.90781337
592.54828	1.366789
592.76294	1.7432022
592.9776	1.9049964
593.19226	1.2664632
593.40692	0.5996592
593.62158	0.92828298
593.83624	1.2396016
594.0509	0.56625998
594.26556	0.62124366
594.48022	0.81904054
594.69489	0.74391228
594.90955	1.0198988
595.12421	1.0209187
595.33887	0.68283075
595.55353	0.89537096
595.76819	0.6213333
595.98285	1.3013266
596.19751	1.5074962
596.41217	0.90932196
596.62683	1.3344026
596.84143	1.0619884
597.05609	0.90393686
597.27075	0.34861523
597.48541	0.70790452
597.70007	1.464695
597.91473	0.82325196
598.12939	1.2433416
598.34406	1.3549428
598.55872	0.76575488
598.77338	0.82622766
598.98804	1.5387588
599.2027	1.2483335
599.41736	-0.16405319
599.63202	0.44040117
599.84668	0.41049615
600.06134	0.91873759
600.276	1.237026
600.49066	0.67574555
600.70532	1.2039558
600.91998	1.1674775
601.13464	0.13929945
601.3493	-0.31433657
601.56396	0.51702201
601.77863	0.63061237
601.99323	0.51963609
602.20789	1.0669626
602.42255	1.4195561
602.63721	0.91072786
602.85187	0.95412832
603.06653	1.6023226
603.28119	1.0115352
603.49585	0.59532583
603.71051	1.2708241
603.92517	0.77042806
604.13983	0.52177978
604.35449	0.6983484
604.56915	0.20257662
604.78381	0.52224493
604.99847	0.084749497
605.21313	0.4883309
605.4278	1.0994581
605.64246	0.69438457
605.85712	1.660798
606.07178	0.98409384
606.28644	0.22285266
606.5011	0.8590771
606.71576	0.73941904
606.93042	0.75316203
607.14502	0.56193227
607.35968	0.64081818
607.57434	1.8501953
607.789	1.3498213
608.00366	0.97918469
608.21832	0.28478563
608.43298	0.92040288
608.64764	0.42729053
608.8623	0.11689501
609.07697	0.50784487
609.29163	1.0291052
609.50629	-0.33534375
609.72095	-0.067299023
609.93561	1.6261472
610.15027	1.5570529
610.36493	0.30403712
610.57959	0.4798547
610.79425	-0.20165823
611.00891	0.38659695
611.22357	0.070559263
611.43823	0.21322231
611.65289	1.1772267
611.86755	0.83701128
612.08215	0.42583343
612.29681	0.76813638
612.51147	0.56843042
612.72614	0.055734418
612.9408	0.021720046
613.15546	0.49416453
613.37012	0.65878832
613.58478	0.92571825
613.79944	1.4249321
614.0141	1.6987084
614.22876	0.99071032
614.44342	0.44892478
614.65808	-0.16068891
614.87274	-0.019023368
615.0874	0.10005722
615.30206	-0.50436717
615.51672	0.38181707
615.73138	0.85349762
615.94604	0.59425092
616.16071	-0.28313881
616.37537	0.22566205
616.59003	0.60178602
616.80469	0.76118726
617.01935	0.26455519
617.23395	-0.53317046
617.44861	0.65647757
617.66327	1.4405212
617.87793	1.7498261
618.09259	0.73969907
618.30725	1.6300569
618.52191	2.3020668
618.73657	1.3481892
618.95123	0.42285535
619.16589	1.0060326
619.38055	0.85439891
619.59521	0.96426296
619.80988	0.52649534
620.02454	0.98627961
620.2392	0.84137887
620.45386	0.092033014
620.66852	0.24214885
620.88318	0.88808411
621.09784	1.0625248
621.3125	0.52898586
621.52716	0.50301433
621.74182	0.89829087
621.95648	0.58795631
622.17114	0.24041449
622.38574	0.21633177
622.6004	0.12508371
622.81506	0.88986993
623.02972	0.87880659
623.24438	0.56839526
623.45905	0.42609128
623.67371	1.4068239
623.88837	1.149433
624.10303	0.57353699
624.31769	0.55571705
624.53235	0.51342446
624.74701	0.81239384
624.96167	0.68138409
625.17633	-0.10428274
625.39099	-0.022262078
625.60565	0.6120379
625.82031	0.53078014
626.03497	0.44988054
626.24963	0.63661551
626.46429	-0.40815732
626.67896	-0.49274886
626.89362	0.16551478
627.10828	-0.26608732
627.32294	0.42938569
627.53754	1.1411121
627.7522	0.518619
627.96686	1.0733429
628.18152	0.88731748
628.39618	0.31543767
628.61084	-0.10655814
628.8255	-0.66499072
629.04016	-0.059219796
629.25482	0.029141882
629.46948	0.46753791
629.68414	0.52542132
629.8988	-0.45901769
630.11346	0.50662619
630.32813	0.52715105
630.54279	0.85871178
630.75745	1.8874888
630.97211	0.82734311
631.18677	-0.17274012
631.40143	0.24386196
631.61609	0.23944663
631.83075	0.43521839
632.04541	-0.043823872
632.26007	-0.18932892
632.47473	1.0723469
632.68933	0.1178604
632.90399	0.10513375
633.11865	0.93028229
633.33331	1.0252104
633.54797	-0.43010896
633.76263	0.80426639
633.97729	0.96635622
634.19196	0.65612394
634.40662	-0.19948955
634.62128	0.13452722
634.83594	-0.64151287
635.0506	0.42039478
635.26526	1.2023729
635.47992	0.62109768
635.69458	0.50972033
635.90924	0.42216617
636.1239	0.27414829
636.33856	-0.089169383
636.55322	0.35426879
636.76788	0.42382395
636.98254	0.84253287
637.1972	0.207518
637.41187	-0.65216875
637.62646	-0.15898457
637.84113	0.27466491
638.05579	0.40322754
638.27045	0.140718
638.48511	0.42230242
638.69977	0.10833415
638.91443	0.31702146
639.12909	1.2485671
639.34375	1.0713065
639.55841	0.80493271
639.77307	0.79554456
639.98773	-0.15980911
640.20239	0.14920013
640.41705	0.71526027
640.63171	-0.066121392
640.84637	-0.36045673
641.06104	0.37569672
641.2757	0.57411915
641.49036	0.32418388
641.70502	-0.42972925
641.91968	0.1821062
642.13434	-0.37841868
642.349	-0.21120462
642.56366	0.39999712
642.77826	1.3931754
642.99292	0.59744561
643.20758	0.91310906
643.42224	0.4201898
643.6369	0.93733376
643.85156	0.2392424
644.06622	-0.83333647
644.28088	-0.62079644
644.49554	0.36259365
644.71021	0.77381092
644.92487	0.53884679
645.13953	0.64332294
645.35419	0.44903985
645.56885	0.31992394
645.78351	1.324227
645.99817	1.1905936
646.21283	0.80194199
646.42749	0.095140785
646.64215	0.2957828
646.85681	1.0576631
647.07147	0.83442974
647.28613	0.35342222
647.50079	0.49315473
647.71545	1.204493
647.93005	0.63083112
648.14471	0.66656518
648.35938	0.52382749
648.57404	0.61514229
648.7887	0.51113421
649.00336	0.24153903
649.21802	0.13836047
649.43268	0.15338969
649.64734	-0.56378049
649.862	-0.45722446
650.07666	0.46472698
650.29132	0.52513611
650.50598	0.035509784
650.72064	0.5104053
650.9353	-0.6382587
651.14996	-0.67783958
651.36462	0.13637792
651.57928	0.49586946
651.79395	-0.045634996
652.00861	0.031842567
652.22327	-0.26136693
652.43793	0.029743612
652.65259	0.22375296
652.86725	0.96302301
653.08185	-0.05209915
653.29651	-0.059156816
653.51117	0.20739864
653.72583	1.3399146
653.94049	0.24480176
654.15515	0.34089851
654.36981	0.85558903
654.58447	1.2152296
654.79913	0.44867861
655.01379	-0.20827663
655.22845	-0.47430596
655.44312	0.19759312
655.65778	0.16317257
655.87244	0.21059981
656.0871	1.4816866
656.30176	0.82167935
656.51642	-0.21420164
656.73108	-0.034545273
656.94574	-0.037514959
657.1604	0.50759238
657.37506	0.67559403
657.58972	0.58704907
657.80438	0.16052529
658.01904	0.187943
658.23364	0.67481101
658.4483	-0.31905866
658.66296	-0.76591867
658.87762	-0.088496476
659.09229	0.22430173
659.30695	-0.3160688
659.52161	0.73213494
659.73627	0.17699122
659.95093	-0.75913256
660.16559	0.1777624
660.38025	1.4387195
660.59491	0.9523254
660.80957	0.26423407
661.02423	0.23302947
661.23889	-0.03476391
661.45355	0.44189289
661.66821	0.88933569
661.88287	-0.218156
662.09753	-0.057172485
662.31219	-0.11536163
662.52686	-0.13579282
662.74152	-0.16206361
662.95618	-0.21412005
663.17078	0.68449765
663.38544	0.32436872
663.6001	0.19882712
663.81476	0.083979443
664.02942	0.056467939
664.24408	0.54279274
664.45874	0.61716008
664.6734	0.65211111
664.88806	0.44220549
665.10272	0.98401451
665.31738	1.2878003
665.53204	-0.1085197
665.7467	0.25046405
665.96136	0.85178113
666.17603	0.63696414
666.39069	0.69925308
666.60535	0.64008528
666.82001	0.48829022
667.03467	1.3205012
667.24933	1.296873
667.46399	0.48120061
667.67865	0.66762727
667.89331	0.13830253
668.10797	0.49913666
668.32257	1.0386395
668.53723	1.1760708
668.75189	0.90603197
668.96655	0.70433462
669.18121	0.2097134
669.39587	0.5705269
669.61053	0.17609075
669.8252	0.039870087
670.03986	0.22314075
670.25452	1.2146572
670.46918	0.58670366
670.68384	-0.51325345
670.8985	-0.27279693
671.11316	0.51488709
671.32782	1.2701559
671.54248	1.112653
671.75714	1.4879558
671.9718	0.17393602
672.18646	0.14718521
672.40112	-0.21762119
672.61578	0.017767275
672.83044	0.022366118
673.0451	0.12955849
673.25977	0.20513526
673.47437	0.20045416
673.68903	0.59781343
673.90369	0.22769706
674.11835	0.56526482
674.33301	0.701689
674.54767	0.59768206
674.76233	0.20066801
674.97699	0.74389648
675.19165	0.26680195
675.40631	-0.11428871
675.62097	1.0618722
675.83563	0.31234115
676.05029	0.88881016
676.26495	0.47017169
676.47961	0.40320873
676.69427	-0.065077953
676.90894	0.57419974
677.1236	1.2497889
677.33826	0.95467943
677.55292	0.25403315
677.76758	0.13025461
677.98224	-0.11648833
678.1969	0.27460927
678.41156	1.5220313
678.62616	0.61653787
678.84082	0.59061694
679.05548	0.74405324
679.27014	1.5644277
679.4848	0.4778631
679.69946	0.3307237
679.91412	0.87829238
680.12878	-0.24881023
680.34344	0.33502179
680.55811	0.36768538
680.77277	0.46463028
680.98743	0.4549838
681.20209	0.5851841
681.41675	-0.03013376
681.63141	0.75686753
681.84607	0.1044948
682.06073	-0.074496202
682.27539	0.048326582
682.49005	0.10569959
682.70471	0.59770131
682.91937	0.1814505
683.13403	-0.14155841
683.34869	0.78741467
683.56335	0.1443284
683.77795	0.49731278
683.99261	0.83143437
684.20728	0.38299859
684.42194	0.61072373
684.6366	-0.27519476
684.85126	0.68524736
685.06592	0.040910583
685.28058	-0.16364092
685.49524	0.2557188
685.7099	1.139694
685.92456	0.73047501
686.13922	-0.50879478
686.35388	0.59147722
686.56854	0.29979381
686.7832	0.39164323
686.99786	0.071857125
687.21252	0.86189532
687.42719	0.85733581
687.64185	0.65530568
687.85651	1.9294422
688.07117	1.307447
688.28583	0.77074271
688.50049	0.16120325
688.71509	-0.25287583
688.92975	-0.99611467
689.14441	-0.24131536
689.35907	-0.24131536
689.57373	2.7609408
689.78839	2.7609408
690.00305	2.7609408
690.21771	1.0257969
690.43237	0.29175147
690.64703	0.068646997
690.86169	0.63908303
691.07635	0.65318453
691.29102	0.91086096
691.50568	0.12720005
691.72034	0.071566105
691.935	0.2650145
692.14966	-0.77339029
692.36432	-0.27688158
692.57898	0.39736679
692.79364	0.39736679
693.0083	0.39736679
693.22296	-0.18151844
693.43762	-0.18151844
693.65228	-0.18151844
693.86688	-0.18151844
694.08154	0.036689356
694.2962	1.2173048
694.51086	1.0644112
694.72552	-0.68519706
694.94019	0.37708506
695.15485	1.1778533
695.36951	1.7845875
695.58417	0.69285476
695.79883	0.21617074
696.01349	0.77440947
696.22815	-0.26153526
696.44281	-0.30800015
696.65747	0.88339126
696.87213	1.0730987
697.08679	-0.055536602
697.30145	-0.091832034
697.51611	0.27288634
697.73077	0.42471865
697.94543	0.55169839
698.1601	0.65473354
698.37476	0.39880544
698.58942	0.608374
698.80408	-0.42355621
699.01868	-1.1042198
699.23334	-0.013411165
699.448	0.21278609
699.66266	1.0134939
699.87732	0.023708671
700.09198	0.12077322
700.30664	1.3296045
700.5213	0.62590003
700.73596	0.74874407
700.95062	1.0821815
701.16528	0.5551182
701.37994	0.40514246
701.5946	0.71487534
701.80927	0.57916665
702.02393	0.46051592
702.23859	1.2488234
702.45325	0.26576132
702.66791	-0.60137254
702.88257	0.073310658
703.09723	1.1855744
703.31189	0.98264974
703.52655	0.13217436
703.74121	0.13700846
703.95587	0.621867
704.17047	-0.0091903238
704.38513	0.24556269
704.59979	1.3192631
704.81445	0.29484755
705.02911	0.85606384
705.24377	0.16636397
705.45844	-0.84119123
705.6731	0.22491407
705.88776	0.17380013
706.10242	0.20044452
706.31708	1.2207112
706.53174	1.2434551
706.7464	-1.2152262
706.96106	-0.03528814
707.17572	0.99533391
707.39038	0.5937233
707.60504	0.64586461
707.8197	0.4249143
708.03436	-0.39319715
708.24902	0.29083663
708.46368	0.79850674
708.67834	0.72002184
708.89301	1.2438209
709.10767	1.1816282
709.32227	1.023008
709.53693	0.88907421
709.75159	0.90553683
709.96625	1.246155
710.18091	-0.40932927
710.39557	0.33262202
710.61023	0.42345685
710.82489	0.83120155
711.03955	0.60194892
711.25421	0.74285495
711.46887	0.76043957
711.68353	0.44590631
711.89819	0.14560598
712.11285	0.18484059
712.32751	0.252693
712.54218	-0.34939525
712.75684	-0.026733745
712.9715	0.12291853
713.18616	0.66730648
713.40082	0.57835579
713.61548	-0.076047212
713.83014	-0.64506263
714.0448	0.23253202
714.2594	0.89240646
714.47406	1.2059612
714.68872	1.5092334
714.90338	-0.74197769
715.11804	-1.1512827
715.3327	0.55098641
715.54736	1.5861886
715.76202	0.58517754
715.97668	-0.34644577
716.19135	-0.41173518
716.40601	0.44399473
716.62067	1.0378398
716.83533	0.3512283
717.04999	0.3876915
717.26465	1.2813832
717.47931	0.17544185
717.69397	-0.066359967
717.90863	-0.68552929
718.12329	-0.50008023
718.33795	-0.013781552
718.55261	1.4698098
718.76727	0.66843235
718.98193	0.60581797
719.19659	1.1796418
719.41119	0.3697657
719.62585	0.6292845
719.84052	0.17776023
720.05518	0.71831638
720.26984	1.1174695
720.4845	0.17646563
720.69916	0.51457465
720.91382	1.3606389
721.12848	1.0125839
721.34314	1.5393836
721.5578	0.25701314
721.77246	0.15341948
721.98712	0.12329794
722.20178	0.9375298
722.41644	1.340026
722.6311	1.368646
722.84576	0.20804311
723.06042	0.7071746
723.27509	0.62470251
723.48975	0.62919194
723.70441	1.0040406
723.91907	0.63112861
724.13373	1.5738797
724.34839	1.6881293
724.56299	0.81763119
724.77765	0.94914317
724.99231	0.92268699
725.20697	0.21855406
725.42163	0.71530706
725.63629	1.2559749
725.85095	0.73192477
726.06561	0.95611763
726.28027	0.74179244
726.49493	-0.032895219
726.70959	0.56998843
726.92426	0.29633826
727.13892	1.0469874
727.35358	1.4868934
727.56824	0.71937853
727.7829	0.18114342
727.99756	0.45732614
728.21222	0.39238766
728.42688	0.74414295
728.64154	0.11727881
728.8562	0.6770646
729.07086	0.076960862
729.28552	0.54909647
729.50018	0.15958296
729.71478	-0.77313155
729.92944	0.85528982
730.1441	0.12178273
730.35876	1.5430844
730.57343	0.91273421
730.78809	0.77157289
731.00275	-0.060654592
731.21741	0.20359324
731.43207	0.621319
731.64673	0.56734192
731.86139	0.11301649
732.07605	0.21964474
732.29071	0.23534289
732.50537	-0.66225368
732.72003	0.73859882
732.93469	1.2857361
733.14935	-0.15694174
733.36401	1.2502276
733.57867	1.0261889
733.79333	0.50355881
734.008	0.62090069
734.22266	0.22980849
734.43732	0.85508931
734.65198	0.011357437
734.86658	1.267458
735.08124	0.55008501
735.2959	1.2750012
735.51056	1.2501475
735.72522	1.4985653
735.93988	1.3674188
736.15454	1.4961022
736.3692	0.57787269
736.58386	0.57880867
736.79852	1.1955463
737.01318	1.0863059
737.22784	0.20638774
737.4425	1.3119266
737.65717	1.6210229
737.87183	1.2414526
738.08649	1.4358042
738.30115	1.0033202
738.51581	2.1870782
738.73047	1.0808245
738.94513	1.4497989
739.15979	-0.042435843
739.37445	0.79546583
739.58911	1.5234596
739.80371	1.2902968
740.01837	0.76120651
740.23303	1.5233246
740.44769	-0.10732611
740.66235	-0.10370935
740.87701	0.73121822
741.09167	1.579186
741.30634	1.8663701
741.521	0.7097227
741.73566	1.0470884
741.95032	0.71607989
742.16498	1.3315382
742.37964	0.63582909
742.5943	0.77973396
742.80896	1.3851749
743.02362	1.7099243
743.23828	0.14036842
743.45294	-0.56981713
743.6676	0.59946609
743.88226	1.4023696
744.09692	0.80656636
744.31158	1.0902213
744.52625	2.0230091
744.74091	0.58798486
744.95551	-0.24498346
745.17017	1.9487948
745.38483	0.44483963
745.59949	0.9339388
745.81415	1.0103556
746.02881	0.02681132
746.24347	-0.18306682
746.45813	1.5063134
746.67279	1.3141644
746.88745	1.3623194
747.10211	1.0810091
747.31677	0.53415811
747.53143	0.17894164
747.74609	0.89461941
747.96075	1.4763224
748.17542	1.3642755
748.39008	0.45002121
748.60474	0.84463149
748.8194	0.21404754
749.03406	1.1541041
749.24872	1.3631362
749.46338	0.57273209
749.67804	1.5782472
749.8927	1.4454242
750.1073	1.2815143
750.32196	0.11994642
750.53662	1.4083813
750.75128	2.2872565
750.96594	1.656347
751.1806	0.84568763
751.39526	0.58354956
751.60992	0.53870583
751.82458	0.81679791
752.03925	1.3559388
752.25391	1.8368998
752.46857	1.0216529
752.68323	1.6365823
752.89789	1.6085529
753.11255	0.48902601
753.32721	0.86478478
753.54187	1.7319139
753.75653	1.4181972
753.97119	0.80711806
754.18585	0.67404306
754.40051	1.5218548
754.61517	-0.0036457472
754.82983	0.89407676
755.04449	1.3478751
755.25909	0.89800543
755.47375	0.65382171
755.68842	0.83014005
755.90308	0.26031309
756.11774	0.64093995
756.3324	0.84063369
756.54706	1.0412064
756.76172	1.0117921
756.97638	1.677888
757.19104	1.0095228
757.4057	2.1436465
757.62036	0.66447455
757.83502	0.82218164
758.04968	2.30059
758.26434	0.67178339
758.479	0.44597775
758.69366	0.2457311
758.90833	1.2073544
759.12299	1.5155838
759.33765	0.64221817
759.55231	0.37877008
759.76697	0.90383738
759.98163	1.4615064
760.19629	0.1846953
760.41089	0.016988065
760.62555	0.95073634
760.84021	0.71208549
761.05487	0.67713743
761.26953	1.0983183
761.48419	1.1986872
761.69885	1.498482
761.91351	1.4714757
762.12817	1.5323821
762.34283	1.5213174
762.5575	0.86127555
762.77216	1.8960723
762.98682	2.0621238
763.20148	1.9493859
763.41614	0.17703752
763.6308	1.3794553
763.84546	1.3970779
764.06012	0.64276028
764.27478	2.4486022
764.48944	1.4916217
764.7041	1.7189054
764.91876	1.0821909
765.13342	0.37154561
765.34802	1.3801726
765.56268	1.2774037
765.77734	1.0808384
765.992	2.291584
766.20667	1.4818499
766.42133	1.4106693
766.63599	0.4145278
766.85065	0.42470384
767.06531	1.1327547
767.27997	2.4199266
767.49463	1.6107265
767.70929	0.47193056
767.92395	1.4584969
768.13861	2.3398161
768.35327	0.64149779
768.56793	0.28663579
768.78259	1.323555
768.99725	2.1383955
769.21191	2.1830399
769.42657	1.4701996
769.64124	1.3789923
769.8559	1.7357774
770.07056	1.9611807
770.28522	-0.25957328
770.49982	1.2919008
770.71448	1.7731643
770.92914	1.5108559
771.1438	1.5090913
771.35846	1.4016833
771.57312	1.6092736
771.78778	0.69645792
772.00244	1.4261336
772.2171	1.1479478
772.43176	1.1205313
772.64642	1.004705
772.86108	0.83403236
773.07574	1.0869849
773.29041	0.13011348
773.50507	0.57734704
773.71973	0.3546465
773.93439	1.3793786
774.14905	0.61684054
774.36371	1.1630403
774.57837	1.1306068
774.79303	0.89458901
775.00769	2.0159807
775.22235	1.3450348
775.43701	1.7559507
775.65161	0.058090843
775.86627	0.40664709
776.08093	0.7520473
776.29559	1.4700246
776.51025	0.51874155
776.72491	1.4388963
776.93958	0.73652333
777.15424	1.1891434
777.3689	2.479444
777.58356	1.4606596
777.79822	1.1496286
778.01288	1.0518832
778.22754	0.69104874
778.4422	2.583961
778.65686	1.5436518
778.87152	1.508489
779.08618	1.3874984
779.30084	2.1852062
779.5155	1.8667676
779.73016	1.1231245
779.94482	1.7979271
780.15948	2.3992748
780.37415	2.5541968
780.58881	2.5302997
780.80341	3.2364044
781.01807	2.0362909
781.23273	2.1470256
781.44739	1.7890531
781.66205	1.3072501
781.87671	0.35182446
782.09137	1.4046005
782.30603	0.91597664
782.52069	1.5793434
782.73535	1.5830874
782.95001	3.0614913
783.16467	1.1749159
783.37933	0.74287903
783.59399	0.52201277
783.80865	1.054648
784.02332	0.97309142
784.23798	1.2795591
784.45264	2.4767823
784.6673	1.772666
784.88196	0.63185376
785.09662	2.1370964
785.31128	3.20345
785.52594	1.5343808
785.7406	1.3969445
785.9552	0.057414621
786.16986	0.58570129
786.38452	1.7361813
786.59918	2.5568218
786.81384	0.60326582
787.0285	1.397578
787.24316	0.66911238
787.45782	1.5408021
787.67249	1.2841822
787.88715	1.2213845
788.10181	1.0674345
788.31647	0.55652076
788.53113	1.2764076
788.74579	1.6092151
788.96045	0.91421914
789.17511	0.812343
789.38977	1.1041491
789.60443	1.8658464
789.81909	1.491562
790.03375	1.7901202
790.24841	1.1447878
790.46307	1.3666134
790.67773	1.6384188
790.89233	1.0163252
791.10699	1.6763471
791.32166	1.5974749
791.53632	0.64911735
791.75098	1.144895
791.96564	1.6414551
792.1803	1.0705537
792.39496	1.2670326
792.60962	1.2051657
792.82428	1.0750457
793.03894	0.58067429
793.2536	1.099968
793.46826	1.5732032
793.68292	0.86893582
793.89758	1.057462
794.11224	1.7619977
794.3269	0.84405982
794.54156	0.3074789
794.75623	0.6834777
794.97089	1.219955
795.18555	1.0336062
795.40021	2.0000484
795.61487	1.8450773
795.82953	1.896762
796.04413	1.7595862
796.25879	0.91965359
796.47345	1.8925432
796.68811	2.2940404
796.90277	1.7169299
797.11743	1.8986043
797.33209	0.15565029
797.54675	1.3801227
797.76141	1.4062537
797.97607	2.0468571
798.19073	1.2887594
798.4054	0.7504133
798.62006	1.1326236
798.83472	1.5474166
799.04938	1.4426535
799.26404	1.9619452
799.4787	1.9108778
799.69336	1.5390171
799.90802	1.5588789
800.12268	1.4037195
800.33734	1.2487657
800.552	0.60531002
800.76666	1.301168
800.98132	1.5120254
801.19592	1.0979606
801.41058	2.1657889
801.62524	2.0858383
801.8399	0.56850672
802.05457	0.86818755
802.26923	0.46075779
802.48389	0.85441929
802.69855	1.1506808
802.91321	2.3102407
803.12787	2.1244435
803.34253	1.2646242
803.55719	1.2135847
803.77185	0.64404118
803.98651	1.674161
804.20117	2.7912726
804.41583	1.5673655
804.63049	0.34526464
804.84515	0.90096915
805.05981	2.6609333
805.27448	1.9565012
805.48914	1.0418558
805.7038	1.9363585
805.91846	1.330595
806.13312	1.7477146
806.34772	0.4827967
806.56238	0.92748785
806.77704	2.1641862
806.9917	2.1262617
807.20636	2.2198291
807.42102	2.3213034
807.63568	1.1572194
807.85034	1.089913
808.065	1.4575621
808.27966	1.0413293
808.49432	1.4885294
808.70898	1.0237343
808.92365	1.7397625
809.13831	1.865146
809.35297	2.8116329
809.56763	2.0761135
809.78229	1.2262764
809.99695	1.8102069
810.21161	1.4297452
810.42627	1.7076451
810.64093	2.585711
810.85559	1.9161478
811.07025	1.7228916
811.28491	2.542881
811.49951	1.4546292
811.71417	1.2268049
811.92883	1.5623
812.14349	1.6713098
812.35815	0.73405617
812.57281	1.5841628
812.78748	2.3184388
813.00214	1.9442896
813.2168	3.292104
813.43146	2.1416287
813.64612	1.933092
813.86078	1.3978995
814.07544	2.1895683
814.2901	2.0178566
814.50476	1.9523004
814.71942	2.3696244
814.93408	2.8561018
815.14874	2.6122932
815.3634	1.2897693
815.57806	0.54701358
815.79272	0.47113031
816.00739	1.4732381
816.22205	0.85081601
816.43665	1.0736248
816.65131	1.8423359
816.86597	2.7002306
817.08063	2.8166769
817.29529	0.98243052
817.50995	0.76537901
817.72461	1.4118838
817.93927	2.6513672
818.15393	1.3014045
818.36859	1.9868622
818.58325	1.4518348
818.79791	1.0019855
819.01257	1.4219809
819.22723	2.47931
819.44189	2.8773746
819.65656	1.6325787
819.87122	1.9469498
820.08588	2.1929088
820.30054	1.4910891
820.5152	1.5822197
820.72986	2.2782357
820.94452	1.5267907
821.15918	1.7157634
821.37384	2.3140774
821.58844	2.1402018
821.8031	1.4908956
822.01776	1.848341
822.23242	1.9222468
822.44708	2.8407567
822.66174	2.2374005
822.8764	1.7311276
823.09106	1.2305487
823.30573	1.4181639
823.52039	0.628465
823.73505	1.8620976
823.94971	2.4781685
824.16437	1.6992176
824.37903	1.82016
824.59369	0.78265929
824.80835	1.1150985
825.02301	2.025393
825.23767	1.7241535
825.45233	1.6733449
825.66699	1.9659064
825.88165	2.2118351
826.09631	2.8499846
826.31097	2.9095178
826.52563	3.0039208
826.74023	1.8787433
826.9549	1.6945407
827.16956	1.3096786
827.38422	1.6942387
827.59888	1.6947962
827.81354	1.6763633
828.0282	2.0312901
828.24286	2.3897681
828.45752	1.2626491
828.67218	1.8980435
828.88684	1.024577
829.1015	1.8891538
829.31616	2.0132146
829.53082	1.8827012
829.74548	0.91706443
829.96014	2.3997083
830.1748	2.4417362
830.38947	3.0457191
830.60413	1.9090093
830.81879	2.0783024
831.03345	2.9201651
831.24811	2.8313401
831.46277	3.2002525
831.67743	2.0418737
831.89203	1.0133473
832.10669	1.3071038
832.32135	2.9372873
832.53601	3.4917407
832.75067	2.0302837
832.96533	2.0817046
833.17999	2.0073736
833.39465	1.803432
833.60931	0.76219058
833.82397	1.7404475
834.03864	2.4230106
834.2533	1.0353299
834.46796	1.3326502
834.68262	1.8956859
834.89728	0.37446773
835.11194	1.9172012
835.3266	1.5114639
835.54126	0.78677619
835.75592	1.264425
835.97058	1.1516213
836.18524	0.8178848
836.3999	1.9837317
836.61456	1.6502817
836.82922	3.1796341
837.04382	1.4117508
837.25848	1.6636437
837.47314	1.9356333
837.68781	1.7336686
837.90247	2.9275312
838.11713	2.0037911
838.33179	1.8209025
838.54645	1.815009
838.76111	1.5244139
838.97577	3.1593852
839.19043	2.2526031
839.40509	2.0059359
839.61975	1.3357662
839.83441	1.8047404
840.04907	1.8470159
840.26373	1.5312456
840.47839	2.2132058
840.69305	2.0189784
840.90771	2.018461
841.12238	2.0332928
841.33704	2.3675745
841.5517	2.5239861
841.76636	3.0649612
841.98096	2.7302475
842.19562	0.9852547
842.41028	2.0691586
842.62494	2.0854807
842.8396	1.6060258
843.05426	2.4239688
843.26892	1.4346611
843.48358	1.59069
843.69824	1.3077229
843.9129	0.63766533
844.12756	1.7441874
844.34222	3.6745274
844.55688	1.7576231
844.77155	2.0651612
844.98621	2.7973931
845.20087	1.2711488
845.41553	2.3291843
845.63019	1.7201231
845.84485	2.4806516
846.05951	2.3983829
846.27417	2.7719073
846.48883	2.322582
846.70349	1.7298875
846.91815	2.3561592
847.13275	2.355675
847.34741	2.4170647
847.56207	2.1545491
847.77673	0.71563482
847.99139	1.14626
848.20605	1.8414928
848.42072	2.5084233
848.63538	1.4005625
848.85004	2.0031602
849.0647	0.98459208
849.27936	1.7080998
849.49402	1.1674078
849.70868	1.6707022
849.92334	1.8210258
850.138	1.4549325
850.35266	1.0398555
850.56732	1.831298
850.78198	2.3931856
850.99664	1.949416
851.2113	2.8473246
851.42596	2.3437274
851.64063	1.7380238
851.85529	1.0384365
852.06995	1.6618443
852.28455	2.7840824
852.49921	0.7760976
852.71387	3.1607621
852.92853	3.1244273
853.14319	1.8006296
853.35785	2.3249192
853.57251	1.9467081
853.78717	1.9475678
854.00183	2.1835234
854.21649	2.421284
854.43115	2.7006087
854.64581	2.5086775
854.86047	2.3779266
855.07513	1.4549428
855.28979	2.12275
855.50446	1.5410367
855.71912	1.9194348
855.93378	1.7869444
856.14844	1.8258365
856.3631	2.1662734
856.57776	2.0163021
856.79242	1.8116329
857.00708	2.8395317
857.22174	2.6384461
857.43634	1.4797959
857.651	2.4651566
857.86566	2.8009312
858.08032	1.1091509
858.29498	1.9097046
858.50964	2.5075653
858.7243	2.3392878
858.93896	2.1296618
859.15363	2.4412649
859.36829	2.0202823
859.58295	2.9984474
859.79761	2.7455723
860.01227	1.6052011
860.22693	2.6944222
860.44159	3.2533333
860.65625	2.4091663
860.87091	1.9996672
861.08557	1.3264736
861.30023	1.9439101
861.51489	2.2417419
861.72955	3.1206717
861.94421	2.1778708
862.15887	1.8507866
862.37354	1.6417131
862.58813	1.7416338
862.8028	0.77756989
863.01746	1.1316837
863.23212	2.1763499
863.44678	2.8043401
863.66144	2.4460652
863.8761	2.1741652
864.09076	1.8669101
864.30542	1.4697776
864.52008	1.184931
864.73474	0.86233944
864.9494	1.3918701
865.16406	0.08032725
865.37872	1.6982809
865.59338	2.2654684
865.80804	1.8595656
866.02271	2.5816154
866.23737	2.1165905
866.45203	1.744617
866.66669	1.5704473
866.88135	2.5212929
867.09601	2.789197
867.31067	2.4057696
867.52527	2.3448193
867.73993	2.3890059
867.95459	2.2571971
868.16925	2.2629387
868.38391	2.545912
868.59857	2.0281856
868.81323	1.8707045
869.02789	2.0302217
869.24255	2.299345
869.45721	2.6455207
869.67188	1.8935505
869.88654	1.8407561
870.1012	1.7792495
870.31586	2.7105362
870.53052	2.1032345
870.74518	2.7876866
870.95984	2.024318
871.1745	2.8125868
871.38916	1.5089
871.60382	1.8601823
871.81848	3.0704858
872.03314	2.9573448
872.2478	2.1772845
872.46246	2.99385
872.67706	2.4285834
872.89172	2.1185632
873.10638	1.3229065
873.32104	1.9333299
873.53571	2.1889637
873.75037	2.3659303
873.96503	1.9616531
874.17969	2.2670968
874.39435	2.2531569
874.60901	1.9548254
874.82367	2.3734124
875.03833	2.043375
875.25299	1.6895814
875.46765	2.0354314
875.68231	1.8860017
875.89697	1.4057467
876.11163	2.3926203
876.32629	1.7201773
876.54095	1.992772
876.75562	1.5329691
876.97028	1.5568136
877.18494	1.6752284
877.3996	2.0073404
877.61426	1.2260867
877.82886	0.75937527
878.04352	1.6287719
878.25818	2.573714
878.47284	1.925676
878.6875	0.83842969
878.90216	1.7394968
879.11682	2.7129831
879.33148	2.6089129
879.54614	3.0166261
879.7608	3.1211753
879.97546	2.1738074
880.19012	2.3430312
880.40479	2.3118091
880.61945	3.0067706
880.83411	2.3653846
881.04877	2.0449371
881.26343	2.2126474
881.47809	1.783015
881.69275	2.5321262
881.90741	3.9195154
882.12207	2.062218
882.33673	0.78000587
882.55139	2.1104188
882.76605	2.2531579
882.98065	2.5409973
883.19531	1.7169527
883.40997	2.1523955
883.62463	1.6183702
883.83929	2.0840111
884.05396	2.4809051
884.26862	1.9360909
884.48328	2.5401149
884.69794	3.3390934
884.9126	2.4180892
885.12726	2.0805681
885.34192	1.7117143
885.55658	3.21576
885.77124	2.5740559
885.9859	2.3992214
886.20056	3.1667657
886.41522	1.8910462
886.62988	2.6190209
886.84454	2.5291638
887.0592	2.2190335
887.27386	3.0597141
887.48853	2.9440701
887.70319	3.2466903
887.91785	2.2572372
888.13245	3.1277447
888.34711	3.2084265
888.56177	1.8491167
888.77643	2.4783809
888.99109	2.3098102
889.20575	1.7550509
889.42041	2.1710474
889.63507	1.8988745
889.84973	2.5607405
890.06439	2.3679247
890.27905	2.4981403
890.49371	2.9178743
890.70837	1.8209666
890.92303	2.6656766
891.1377	1.7571448
891.35236	2.0561969
891.56702	2.7862494
891.78168	2.238528
891.99634	2.1261406
892.211	2.1536672
892.42566	2.1869915
892.64032	2.3833761
892.85498	2.7123749
893.06958	1.8131356
893.28424	2.3648911
893.4989	2.8285348
893.71356	3.2706537
893.92822	2.279799
894.14288	1.8678777
894.35754	2.069962
894.5722	2.2502434
894.78687	3.204916
895.00153	3.4026291
895.21619	3.6352408
895.43085	3.3876057
895.64551	2.5070252
895.86017	2.4308865
896.07483	2.4925091
896.28949	2.2188032
896.50415	2.1892836
896.71881	3.0896559
896.93347	2.2528307
897.14813	1.9952295
897.36279	2.0637286
897.57745	1.7513045
897.79211	2.8436668
898.00677	1.3218036
898.22137	1.9094963
898.43604	1.701332
898.6507	2.354192
898.86536	2.7609489
899.08002	1.8484801
899.29468	3.2073154
899.50934	2.7120032
899.724	2.3746526
899.93866	2.1243181
900.15332	2.2572448
900.36798	2.6263409
900.58264	2.7492952
900.7973	1.9596249
901.01196	2.5704768
901.22662	4.1354847
901.44128	3.0641162
901.65594	1.9024303
901.87061	1.8634506
902.08527	1.6984127
902.29993	3.3014581
902.51459	2.1477628
902.72925	2.9710245
902.94391	3.0550733
903.15857	2.4908082
903.37317	1.8510311
903.58783	3.3253331
903.80249	2.6768048
904.01715	3.4206054
904.23181	2.5183342
904.44647	2.0488291
904.66113	2.9796486
904.87579	2.2130771
905.09045	2.6066818
905.30511	3.3607523
905.51978	2.8727133
905.73444	2.7622337
905.9491	2.5214176
906.16376	2.4399009
906.37842	2.301765
906.59308	2.8374324
906.80774	2.3541846
907.0224	2.1445749
907.23706	2.2444787
907.45172	2.1768844
907.66638	2.1256614
907.88104	2.3938861
908.0957	2.5746927
908.31036	3.087342
908.52496	2.5989063
908.73962	3.468565
908.95428	3.2481756
909.16895	1.9440757
909.38361	2.4147272
909.59827	3.0108509
909.81293	3.6284778
910.02759	1.3993489
910.24225	2.3202424
910.45691	3.1782768
910.67157	1.9703068
910.88623	1.8746394
911.10089	1.3491164
911.31555	1.1072131
911.53021	1.7505491
911.74487	1.586182
911.95953	2.5853055
912.17419	3.3859065
912.38885	3.5233085
912.60352	2.4600782
912.81818	2.8189085
913.03284	3.0068583
913.2475	2.7795746
913.46216	2.1054766
913.67676	2.9091945
913.89142	2.8797948
914.10608	2.4269197
914.32074	2.0318141
914.5354	1.8177502
914.75006	2.737781
914.96472	1.8798043
915.17938	0.76999444
915.39404	1.5825654
915.6087	2.1658313
915.82336	1.9973294
916.03802	2.8646195
916.25269	3.3123081
916.46735	2.3965719
916.68201	2.5777349
916.89667	2.2136395
917.11133	2.0099053
917.32599	2.8886232
917.54065	2.125777
917.75531	4.01474
917.96997	2.1363525
918.18463	2.396039
918.39929	2.8843513
918.61389	2.9112074
918.82855	3.4732077
919.04321	3.002501
919.25787	2.4608803
919.47253	2.812731
919.68719	2.5275154
919.90186	2.2816472
920.11652	1.6836326
920.33118	2.6898448
920.54584	2.5873234
920.7605	1.7605653
920.97516	3.8126998
921.18982	2.5923746
921.40448	2.2532451
921.61914	2.4549155
921.8338	3.1486382
922.04846	3.0424411
922.26312	3.5528021
922.47778	2.3402808
922.69244	2.6086278
922.9071	3.4488492
923.12177	2.9684331
923.33643	1.9200778
923.55109	3.0057728
923.76569	2.3426859
923.98035	1.9645303
924.19501	2.930716
924.40967	2.1887448
924.62433	2.0648856
924.83899	2.6621282
925.05365	2.8684812
925.26831	2.002105
925.48297	2.8838944
925.69763	2.2146008
925.91229	2.1119215
926.12695	2.0680993
926.34161	1.307523
926.55627	2.1215615
926.77094	1.3266493
926.9856	2.2878957
927.20026	2.3314347
927.41492	1.9439788
927.62958	2.2965171
927.84424	2.0924025
928.0589	2.4408069
928.27356	1.9226549
928.48822	2.1327112
928.70288	1.8098205
928.91748	1.1311004
929.13214	2.3796277
929.3468	2.5903718
929.56146	2.3833468
929.77612	1.0108321
929.99078	2.1288226
930.20544	2.4917066
930.4201	3.0279338
930.63477	1.985068
930.84943	2.1840277
931.06409	2.8190048
931.27875	3.1116366
931.49341	2.5027397
931.70807	2.6332428
931.92273	1.7509111
932.13739	1.2928661
932.35205	2.412595
932.56671	3.1499133
932.78137	2.2773888
932.99603	3.1880212
933.21069	2.2265153
933.42535	1.9868642
933.64001	2.3904774
933.85468	1.6803341
934.06927	2.4900393
934.28394	3.1868143
934.4986	2.5415001
934.71326	3.0890231
934.92792	3.3587172
935.14258	2.2511129
935.35724	2.0872965
935.5719	3.0024369
935.78656	1.5061667
936.00122	2.39536
936.21588	2.4770186
936.43054	2.6103001
936.6452	2.7487442
936.85986	2.3191144
937.07452	1.850351
937.28918	1.9991208
937.50385	2.46015
937.71851	2.7021511
937.93317	0.85748595
938.14783	1.8042859
938.36249	1.659291
938.57715	1.8600222
938.79181	2.3453448
939.00647	2.8550146
939.22107	1.609076
939.43573	2.3727767
939.65039	2.3993409
939.86505	2.9130459
940.07971	2.7641006
940.29437	2.4610262
940.50903	2.0323429
940.72369	2.6629777
940.93835	2.7825336
941.15302	2.0471594
941.36768	2.0879996
941.58234	2.412291
941.797	2.6004965
942.01166	2.3753662
942.22632	1.5666347
942.44098	2.1937089
942.65564	2.2618821
942.8703	2.6330788
943.08496	2.5216372
943.29962	2.9273567
943.51428	2.5999944
943.72894	2.9015169
943.9436	2.3704793
944.15826	1.3658319
944.37286	2.6119444
944.58752	3.0370944
944.80219	2.614126
945.01685	3.3707151
945.23151	2.279803
945.44617	1.6508812
945.66083	2.6138082
945.87549	2.5095775
946.09015	1.7964183
946.30481	1.6728929
946.51947	2.1938498
946.73413	2.0149655
946.94879	2.4995408
947.16345	3.1385093
947.37811	1.7696089
947.59277	1.8257955
947.80743	1.7660779
948.02209	2.5911171
948.23676	2.7565694
948.45142	2.5815854
948.66608	2.7238574
948.88074	2.8652964
949.0954	2.6602147
949.31	1.8516247
949.52466	1.0194072
949.73932	2.09197
949.95398	3.0558383
950.16864	2.163964
950.3833	1.8428156
950.59796	1.3521575
950.81262	1.7685061
951.02728	2.573657
951.24194	1.0512159
951.4566	1.0179482
951.67126	1.7977728
951.88593	2.1884246
952.10059	3.6875989
952.31525	3.3672526
952.52991	2.8878353
952.74457	2.2921321
952.95923	1.4646004
953.17389	2.5885379
953.38855	3.0594065
953.60321	2.3654668
953.81787	2.2697768
954.03253	2.0529718
954.24719	2.0191808
954.46179	2.3086679
954.67645	1.4028513
954.89111	2.2985351
955.10577	1.9228904
955.32043	1.6863251
955.5351	0.97328508
955.74976	1.6645279
955.96442	2.5553231
956.17908	2.652945
956.39374	1.6483517
956.6084	2.8927264
956.82306	2.4331098
957.03772	3.3641922
957.25238	3.0225348
957.46704	1.8977365
957.6817	1.498932
957.89636	2.2607639
958.11102	1.3889476
958.32568	1.1681554
958.54034	0.78161979
958.755	2.8196383
958.96967	1.2852265
959.18433	1.7289708
959.39899	2.0603802
959.61359	2.4785824
959.82825	1.4083316
960.04291	1.5366517
960.25757	2.3485723
960.47223	2.0628786
960.68689	2.0463104
960.90155	0.56315613
961.11621	0.61130399
961.33087	1.5571698
961.54553	1.39124
961.76019	2.3447077
961.97485	1.7052675
962.18951	1.719538
962.40417	2.1110294
962.61884	1.9853439
962.8335	2.9577801
963.04816	1.6106319
963.26282	0.14619161
963.47748	1.2840122
963.69214	1.8461084
963.9068	0.59998274
964.12146	1.4700662
964.33612	0.69459659
964.55078	2.1031711
964.76538	1.4784085
964.98004	2.6500645
965.1947	2.4752231
965.40936	1.5319681
965.62402	2.5097249
965.83868	1.8686196
966.05334	1.8102475
966.26801	2.0060806
966.48267	2.7361586
966.69733	1.6107625
966.91199	2.0323262
967.12665	2.0994327
967.34131	1.6385217
967.55597	2.1868212
967.77063	1.2910101
967.98529	1.9255383
968.19995	2.2998929
968.41461	1.5744264
968.62927	1.718908
968.84393	1.959251
969.05859	2.6503098
969.27325	2.4462781
969.48792	1.7250837
969.70258	1.38377
969.91718	1.2033627
970.13184	2.5568779
970.3465	2.2717264
970.56116	1.6934822
970.77582	2.5162578
970.99048	2.19361
971.20514	2.1825728
971.4198	1.7418752
971.63446	2.304626
971.84912	2.5259619
972.06378	1.7444681
972.27844	1.6785673
972.4931	1.1291467
972.70776	2.797431
972.92242	2.4355772
973.13708	2.4656882
973.35175	1.8712412
973.56641	1.1728257
973.78107	1.6348175
973.99573	2.2252755
974.21039	1.4947282
974.42505	1.770225
974.63971	2.168545
974.85431	1.4066669
975.06897	1.2393446
975.28363	1.9514055
975.49829	1.6318492
975.71295	1.1063856
975.92761	1.7619106
976.14227	2.1897595
976.35693	3.219234
976.57159	1.7523166
976.78625	1.7331129
977.00092	1.1636378
977.21558	2.034802
977.43024	1.6770495
977.6449	2.0375443
977.85956	1.6332109
978.07422	1.9826683
978.28888	1.6762996
978.50354	1.5066503
978.7182	1.6992935
978.93286	1.9066869
979.14752	2.9048707
979.36218	2.5407584
979.57684	2.9048054
979.7915	1.0479208
980.0061	0.9929477
980.22076	0.28941372
980.43542	1.4257118
980.65009	1.7489597
980.86475	0.38968521
981.07941	0.93060243
981.29407	1.43224
981.50873	1.7420979
981.72339	1.7792205
981.93805	2.1146755
982.15271	2.8323126
982.36737	1.9188933
982.58203	1.5358419
982.79669	1.2352132
983.01135	1.3021958
983.22601	2.2631283
983.44067	2.5373697
983.65533	2.2748461
983.87	2.0284739
984.08466	1.3257195
984.29932	1.8477578
984.51398	1.5685525
984.72864	0.79749626
984.9433	2.1592598
985.1579	1.4923303
985.37256	2.9104955
985.58722	2.2073312
985.80188	1.9177512
986.01654	1.8491936
986.2312	0.78858179
986.44586	0.44350034
986.66052	1.2737039
986.87518	1.4770225
987.08984	0.89962167
987.3045	1.3365936
987.51917	1.3003914
987.73383	1.628567
987.94849	2.2635028
988.16315	2.2792144
988.37781	1.9089695
988.59247	2.434155
988.80713	2.9191091
989.02179	1.7443908
989.23645	1.3622751
989.45111	1.1488805
989.66577	1.5952833
989.88043	1.6214372
990.09509	2.4669991
990.30969	2.0689485
990.52435	1.2394952
990.73901	1.4477974
990.95367	2.3561614
991.16833	1.2789418
991.383	1.3785691
991.59766	0.91572595
991.81232	1.29266
992.02698	2.024235
992.24164	2.4692214
992.4563	1.7479788
992.67096	1.467901
992.88562	1.567242
993.10028	0.96388978
993.31494	0.59032315
993.5296	2.0439653
993.74426	2.2923241
993.95892	1.3721614
994.17358	1.9070003
994.38824	1.8956306
994.60291	1.8088381
994.81757	2.278254
995.03223	1.5975897
995.24689	1.4031476
995.46149	1.4494541
995.67615	2.2843456
995.89081	2.0189667
996.10547	1.7278264
996.32013	1.9350749
996.53479	1.0048093
996.74945	1.5792177
996.96411	2.3454046
997.17877	2.2219493
997.39343	2.2681112
997.60809	1.5311892
997.82275	2.4672668
998.03741	2.040108
998.25208	1.0982385
998.46674	1.7950733
998.6814	1.6008281
998.89606	0.54627317
999.11072	1.6922011
999.32538	1.1562549
999.54004	1.1912459
999.7547	1.4142213
999.96936	1.6148276
1000.184	1.2576449
1000.3986	2.4160953
1000.6133	2.0217578
1000.8279	1.5395821
1001.0426	1.5084203
1001.2573	2.4456165
1001.4719	1.4320852
1001.6866	1.249736
1001.9012	0.84285712
1002.1159	2.4558408
1002.3306	1.1262916
1002.5452	1.9499382
1002.7599	1.9292779
1002.9745	1.271419
1003.1892	1.523087
1003.4039	2.1190698
1003.6185	2.1821547
1003.8332	1.8839974
1004.0479	2.8450005
1004.2625	1.6581242
1004.4772	0.46551207
1004.6918	1.5727123
1004.9065	1.9995528
1005.1212	1.9923807
1005.3358	0.92712408
1005.5504	2.014091
1005.7651	1.9252468
1005.9797	0.42453891
1006.1944	2.3062968
1006.4091	1.1480057
1006.6237	1.5835439
1006.8384	1.6247355
1007.053	1.3315266
1007.2677	1.0629041
1007.4824	1.5755047
1007.697	0.70571339
1007.9117	0.8050524
1008.1263	1.9115442
1008.341	1.6635789
1008.5557	1.5613041
1008.7703	1.0910132
1008.985	0.60408789
1009.1996	1.0149522
1009.4143	2.3759253
1009.629	2.3676574
1009.8436	2.1941571
1010.0583	1.295523
1010.2729	0.204348
1010.4876	1.2425876
1010.7022	1.0562631
1010.9169	2.0950518
1011.1315	2.4514573
1011.3462	1.747358
1011.5609	1.4019731
1011.7755	1.701569
1011.9902	1.7366542
1012.2048	2.7922628
1012.4195	1.3793818
1012.6342	1.2892283
1012.8488	1.9449745
1013.0635	0.29837474
1013.2781	0.99061608
1013.4928	0.49253151
1013.7075	1.8691039
1013.9221	0.36957139
1014.1368	1.4578433
1014.3514	0.30868351
1014.5661	1.6316925
1014.7808	1.7726392
1014.9954	1.6935363
1015.2101	1.3172178
1015.4247	0.29261324
1015.6394	0.089395493
1015.854	0.39096692
1016.0687	1.4631901
1016.2833	1.2116426
1016.498	1.4014494
1016.7126	2.0680995
1016.9273	1.5329708
1017.142	1.6306623
1017.3566	0.18020789
1017.5713	2.0050895
1017.7859	1.8358036
1018.0006	1.3798577
1018.2153	1.2206839
1018.4299	1.3553853
1018.6446	1.394372
1018.8593	1.2369664
1019.0739	1.6965841
1019.2886	1.6080538
1019.5032	2.1611829
1019.7179	1.5479114
1019.9326	0.8277995
1020.1472	1.146763
1020.3619	0.99678206
1020.5765	1.9930034
1020.7912	1.0001035
1021.0058	1.8502228
1021.2205	1.404899
1021.4351	1.6060154
1021.6498	1.6616422
1021.8644	1.1187695
1022.0791	1.143473
1022.2938	1.0685505
1022.5084	1.1596624
1022.7231	1.9118778
1022.9377	1.6917769
1023.1524	1.3156608
1023.3671	0.91984248
1023.5817	1.3037254
1023.7964	0.439825
1024.011	1.4406458
1024.2257	1.2244278
1024.4403	0.00072885712
1024.655	0.64509887
1024.8696	1.9456701
1025.0844	2.3539429
1025.299	1.5970689
1025.5137	1.8333104
1025.7283	2.0868196
1025.943	0.93307614
1026.1576	0.38343263
1026.3723	0.2598978
1026.5869	1.8597025
1026.8016	2.2765687
1027.0162	1.7682946
1027.231	2.2670834
1027.4456	1.7920241
1027.6603	1.6873398
1027.8749	0.66704005
1028.0896	0.80921495
1028.3042	1.4480489
1028.5188	1.59162
1028.7335	0.86405087
1028.9481	1.1908735
1029.1628	1.4494246
1029.3774	1.5835586
1029.5922	1.3805107
1029.8068	1.5862854
1030.0215	1.2145095
1030.2361	1.2047009
1030.4508	1.1460464
1030.6654	0.76477998
1030.8801	1.3296139
1031.0947	0.86819226
1031.3094	1.2529687
1031.524	1.4289788
1031.7388	0.60879672
1031.9534	1.1520678
1032.1681	0.99919015
1032.3827	1.9746907
1032.5974	1.5036749
1032.812	0.71500611
1033.0267	1.536589
1033.2413	1.2591509
1033.4561	1.5501771
1033.6707	1.0950916
1033.8853	1.2764337
1034.1	-0.017209455
1034.3146	1.2677963
1034.5293	1.8179891
1034.7439	1.0714502
1034.9586	1.2851574
1035.1732	0.084378116
1035.3879	0.99359196
1035.6025	1.8515174
1035.8173	1.5643301
1036.0319	2.3095663
1036.2466	1.7439021
1036.4612	1.5737089
1036.6759	1.0516338
1036.8905	0.84300369
1037.1052	1.2402271
1037.3198	1.0417341
1037.5345	0.7641992
1037.7491	1.1164049
1037.9639	1.499516
1038.1785	0.93230796
1038.3932	0.61792928
1038.6078	1.3316777
1038.8224	0.93246198
1039.0371	0.88032961
1039.2517	1.6434559
1039.4664	1.4684478
1039.681	1.3018798
1039.8958	1.1735213
1040.1104	1.1400392
1040.3251	1.2516143
1040.5397	0.79861462
1040.7544	1.2710048
1040.969	1.6832454
1041.1837	0.58906466
1041.3983	0.08792799
1041.613	0.18822673
1041.8276	0.936854
1042.0424	2.1987841
1042.257	0.87768006
1042.4717	0.90476888
1042.6863	1.6599988
1042.901	0.86669129
1043.1156	0.2932581
1043.3303	2.0218885
1043.5449	1.47324
1043.7596	0.23531777
1043.9742	0.88941348
1044.1888	2.535614
1044.4036	1.0930046
1044.6182	1.1098429
1044.8329	-0.38839144
1045.0475	0.60515499
1045.2622	0.76733911
1045.4768	2.0516272
1045.6915	2.0870714
1045.9061	0.55259198
1046.1208	0.22382899
1046.3354	1.1094708
1046.5502	1.8161945
1046.7648	0.82667536
1046.9795	1.309914
1047.1941	1.0568599
1047.4088	0.38073426
1047.6234	0.43931559
1047.8381	0.95684665
1048.0527	1.583954
1048.2675	1.4275173
1048.4821	1.56111
1048.6968	1.6265227
1048.9114	2.4660592
1049.126	1.668645
1049.3407	1.8317819
1049.5553	1.9271705
1049.77	0.86045665
1049.9846	0.83005267
1050.1993	1.2536401
1050.4139	1.924843
1050.6287	1.9736464
1050.8433	1.4969542
1051.058	2.3351347
1051.2726	2.5653725
1051.4873	2.9318955
1051.7019	1.1409963
1051.9166	2.2010574
1052.1312	1.4846781
1052.3459	0.97259384
1052.5605	1.6950464
1052.7753	1.7459265
1052.9899	0.94087183
1053.2046	1.7297292
1053.4192	1.9062881
1053.6339	1.1638095
1053.8485	0.0043285526
1054.0631	0.64239872
1054.2778	0.77539492
1054.4924	1.1156964
1054.7072	1.4590677
1054.9218	1.3466766
1055.1365	0.92847466
1055.3511	1.8330681
1055.5658	0.84179503
1055.7804	1.4547576
1055.9951	1.2613581
1056.2097	1.403294
1056.4244	1.4777924
1056.639	2.0527632
1056.8538	1.6339773
1057.0684	1.1935346
1057.2831	1.036407
1057.4977	1.7169352
1057.7124	1.4577287
1057.927	2.5739324
1058.1417	1.1834004
1058.3563	1.4338186
1058.571	0.75955689
1058.7856	0.84632045
1059.0004	0.099294402
1059.215	2.1571131
1059.4296	0.87943721
1059.6443	0.93269777
1059.8589	-0.021120571
1060.0736	0.18394755
1060.2882	0.94549572
1060.5029	1.3428977
1060.7175	1.0574979
1060.9323	1.1414731
1061.1469	1.7467685
1061.3616	1.5740833
1061.5762	0.7432248
1061.7909	0.8625716
1062.0055	1.0910708
1062.2202	0.94401181
1062.4348	1.2672931
1062.6495	1.7328012
1062.8641	1.4324517
1063.0789	1.8094093
1063.2935	1.3242676
1063.5082	1.2781295
1063.7228	2.0976379
1063.9375	1.7686355
1064.1521	1.7707332
1064.3667	0.82404423
1064.5814	1.4662654
1064.796	1.3595593
1065.0107	1.5490679
1065.2253	1.3108121
1065.4401	0.65265167
1065.6547	2.3092449
1065.8694	2.0389612
1066.084	1.3172808
1066.2987	1.8752472
1066.5133	0.88104725
1066.728	1.6507735
1066.9426	2.3673687
1067.1573	1.4689012
1067.3719	1.3834766
1067.5867	0.75417125
1067.8013	1.1940771
1068.016	1.6172278
1068.2306	1.7065847
1068.4453	0.98919678
1068.6599	1.4844339
1068.8746	-0.18702711
1069.0892	0.48414835
1069.304	0.978903
1069.5186	1.3519927
1069.7332	0.68840158
1069.9479	0.87749743
1070.1625	0.99229723
1070.3772	0.93924278
1070.5918	0.7095983
1070.8065	1.470035
1071.0211	1.5962532
1071.2358	1.0990226
1071.4504	0.79572475
1071.6652	0.76188886
1071.8798	1.0038185
1072.0945	1.4789379
1072.3091	1.0997831
1072.5238	1.3546963
1072.7384	0.84512019
1072.9531	-0.18763323
1073.1677	0.67933649
1073.3824	2.5375907
1073.597	2.0273907
1073.8118	1.4138131
1074.0264	1.5369258
1074.2411	0.78575492
1074.4557	1.1106566
1074.6703	0.89697772
1074.885	0.71328676
1075.0996	1.5541148
1075.3143	1.9596547
1075.5289	1.0413902
1075.7437	1.8057688
1075.9583	1.7818362
1076.173	1.9120665
1076.3876	2.1985891
1076.6023	1.8136455
1076.8169	1.1888742
1077.0316	1.2633733
1077.2462	1.3048743
1077.4609	0.94057238
1077.6755	1.4339404
1077.8903	1.1038487
1078.1049	1.5790137
1078.3196	1.8038306
1078.5342	1.0430702
1078.7489	2.0513473
1078.9635	1.1049097
1079.1782	2.1436944
1079.3928	1.8221248
1079.6074	1.1178097
1079.8221	1.7257138
1080.0367	1.4108627
1080.2515	1.7279576
1080.4661	0.72742319
1080.6808	0.88935351
1080.8954	1.9143147
1081.1101	0.78918958
1081.3247	1.0829284
1081.5394	2.0220988
1081.754	0.73451453
1081.9688	2.0353889
1082.1833	1.190115
1082.3981	1.5751339
1082.6127	1.1611705
1082.8274	1.3962802
1083.042	0.45175838
1083.2567	1.2354392
1083.4713	1.8247632
1083.686	1.2158259
1083.9006	1.4444577
1084.1154	0.79954207
1084.33	1.34937
1084.5447	0.50907946
1084.7593	2.2335029
1084.9739	2.0321188
1085.1886	2.1956966
1085.4032	1.4114356
1085.6179	1.0415654
1085.8325	1.8954399
1086.0472	1.7571893
1086.2618	1.210204
1086.4766	0.89723319
1086.6912	1.9096771
1086.9059	1.2173967
1087.1205	1.9917622
1087.3352	1.3033096
1087.5498	0.97180563
1087.7645	0.013949487
1087.9791	1.0235968
1088.1938	0.35162628
1088.4084	1.2856792
1088.6232	0.81421345
1088.8378	0.73625517
1089.0525	0.67135423
1089.2671	1.3638743
1089.4818	0.83381581
1089.6964	1.727515
1089.911	1.6858667
1090.1257	1.171553
1090.3403	0.51942384
1090.5551	0.84521484
1090.7697	2.0531533
1090.9844	1.0411173
1091.199	1.6899062
1091.4137	1.340176
1091.6283	0.65540755
1091.843	0.83710104
1092.0576	1.4773548
1092.2723	2.1717427
1092.4869	2.41977
1092.7017	1.2695795
1092.9163	1.4536045
1093.131	2.1316128
1093.3456	1.9149472
1093.5603	1.0681256
1093.7749	0.64665163
1093.9896	0.96606779
1094.2042	1.0647601
1094.4189	2.0776079
1094.6335	2.1644511
1094.8483	1.472219
1095.0629	0.38842633
1095.2775	1.6129124
1095.4922	1.3843718
1095.7068	1.537534
1095.9215	1.2027625
1096.1361	2.2019899
1096.3508	1.8277197
1096.5654	1.9399073
1096.7802	2.8459392
1096.9948	1.5128347
1097.2095	1.1578994
1097.4241	0.9244805
1097.6388	2.1681862
1097.8534	1.1081489
1098.0681	1.5039541
1098.2827	2.0611026
1098.4974	1.2593516
1098.712	1.8125139
1098.9268	1.4621211
1099.1414	1.6526555
1099.3561	1.8826826
1099.5707	1.5890867
1099.7854	1.7574517
1100	2.0796435
