8.505371674367909307e+00 1.186146695719110911e+00 1.166666948581495156e+01 6.230686417732385962e+01 9.273352393999999776e+00 4.066844013969743779e-03 4.066844013969743779e-03
7.451351131322870636e+00 1.207020221482714151e+00 9.093810189290254087e+00 6.764287231363459796e+01 8.082461954999999421e+00 9.094434440088174434e-03 9.094434440088174434e-03
6.058032275290259783e+00 9.741459479204407357e-01 1.189050342634305402e+01 5.058363066866763091e+01 8.147040448000000268e+00 1.377270982618803048e-02 1.377270982618803048e-02
6.458757840801389705e+00 1.195977882136897819e+00 8.084720571725211968e+00 6.755869442099557887e+01 7.046910898000000145e+00 6.554472234339791051e-03 6.554472234339791051e-03
7.244468698474683777e+00 1.038592038489973834e+00 1.238407849776716851e+01 5.611761436537181424e+01 7.702769582000000170e+00 1.620194563901737952e-02 1.620194563901737952e-02
8.236103623653407979e+00 1.183310995782093977e+00 1.090987940108296428e+01 6.282194234717108117e+01 8.894868231000000236e+00 5.274660838493007257e-03 5.274660838493007257e-03
7.605650326635438496e+00 1.109017925510521696e+00 1.121983977370097918e+01 6.226033491046301549e+01 1.155144211800000065e+01 6.509044858426755314e-03 6.509044858426755314e-03
8.141939460521825822e+00 1.181511252218851782e+00 1.204285196770462463e+01 5.903870246363585750e+01 1.043649549100000051e+01 7.191164368469526481e-03 7.191164368469526481e-03
6.755202934872185594e+00 9.447948109903799851e-01 1.192183870411867197e+01 5.337470429252213222e+01 1.013091122400000010e+01 8.393494703826826289e-03 8.393494703826826289e-03
5.919229806087339618e+00 1.168761098059726722e+00 8.567794048415983355e+00 6.085232679649648446e+01 7.769619241000000009e+00 7.277944631744960764e-03 7.277944631744960764e-03
7.878827078581907450e+00 1.191508723864749930e+00 1.015677615266046629e+01 6.420912139102642868e+01 9.493425184999999544e+00 2.354307320405557222e-02 2.354307320405557222e-02
5.654029948404667216e+00 1.049369266962721925e+00 9.492520155341804156e+00 5.654601081080690506e+01 7.641314419000000413e+00 1.421552936087120550e-02 1.421552936087120550e-02
6.523467571127580911e+00 1.107576432794745935e+00 8.485740569685331636e+00 7.031253247830863984e+01 6.294728842999999685e+00 4.573359194111348454e-03 4.573359194111348454e-03
4.903518014110383128e+00 9.662111191332790616e-01 1.017653936264687431e+01 4.943360231607534416e+01 8.254943625999999313e+00 2.118825343292158984e-03 2.118825343292158984e-03
5.524309352179298749e+00 1.073265227986520687e+00 9.588457717146857462e+00 5.333524685973046786e+01 7.409096554999999640e+00 1.473300059202775798e-02 1.473300059202775798e-02
5.104256018910816373e+00 1.070158928605750459e+00 8.253601560994553665e+00 5.921582707672567381e+01 7.912082801999999582e+00 9.872503227608983231e-03 9.872503227608983231e-03
